30 30 1000000
7280072 4703987 8670157 8767497 3315211 949122 104257 149298 1959562 7301924 7252017 2524486 7767825 2753280 8455509 1322885 7458995 8789783 9577556 3176336 9863581 3353905 8416514 1687024 5906445 9962991 6957346 8597771 7558437 4659021
3794959 454816 3699990 278877 7275347 8084136 9567537 4723434 1071140 7507962 25150 8006344 6370132 4472241 8194038 7189275 4395365 5705262 4260992 1793018 4001070 5051400 9764097 8813398 7655219 2011332 3102650 3904984 5851473 3299873
8483699 451958 4039515 1251515 5734942 7701773 9174886 8583157 7220546 259364 3064069 3161727 1703093 7867115 8196722 7557503 719435 7728989 7815941 1251135 8969892 6049373 2522029 2679960 8283814 4880369 3213444 4431029 4883092 9057872
8619379 3932025 5014930 1231711 5095839 1156624 4580662 518472 8424018 2669412 4328060 3916275 7156347 2969485 2973506 1265514 7687647 2514576 446590 655330 8564321 6255126 2965187 9199603 2353621 9674137 9041657 9115199 3200417 5792688
2826981 3038946 9786678 9864416 6409208 2242641 3244764 9694095 6860101 1655393 2062767 4600828 5429853 3065436 5360000 5272271 9057741 4516553 535354 8373646 7003030 1634730 3828093 303467 3242924 7087770 402639 6728573 2085773 489590
3703187 9129053 8156741 931479 9175674 8962900 3517646 558904 1525588 9837290 2093225 835107 7773632 6044452 2359369 9023660 9605928 6529712 8805103 4081515 5134665 8519250 6345490 854203 2526337 9355954 3023423 4715759 3098980 56134
6579921 8845382 1656028 5252876 2931008 9624165 4931591 4407321 1455499 793044 2215640 6935552 787306 4010057 1715451 2093241 3849371 4324163 3564111 6324042 6198681 6888127 9307051 1288940 6703488 943850 3241301 9515397 8761455 9253784
1367952 8442020 6043246 6012359 3971037 101721 8638472 4068970 5971552 4683638 3468066 898776 8298161 2734466 87923 8732652 7787319 3495019 6451099 420004 1225599 3400838 5190320 612342 6069539 8777102 3569844 9768156 6725010 6482684
8892339 4745680 7725599 3473437 607028 1392798 8531586 8023230 4892043 2127410 3776187 5472221 6556068 2476931 9680739 2513377 5910252 2248076 7660514 9652960 1985631 6183147 2705884 1465502 1075739 9324705 3867726 8841902 469972 2857361
9761285 2945930 1363313 2931138 7188108 1717441 1973128 2462632 7784100 5522990 4640608 6583701 991212 7811966 9855357 4907233 3870342 5840247 7656417 615606 8248414 2904852 2219991 9891590 990547 8473231 8684739 3694422 2899872 5598527
1325976 1216355 2257973 3576786 942377 7428830 7524558 3071218 9848105 5884716 9147536 968507 7199869 488472 3523421 5684895 9793842 9838526 2284990 6494126 4920284 4779871 7300831 512307 2728052 1511204 8557509 2059661 4174598 9792760
3215672 7479478 5038044 1105755 9016210 1679553 8604966 423744 2978364 443871 7394283 4523840 2277590 4860316 838086 8828886 6396462 8991611 9858013 4605540 2443084 3998461 1489821 4148195 818617 2994798 3111163 3270816 7818589 4472738
6909732 8248827 1940549 3112532 271438 4241421 7133318 2329996 6558475 3186096 8017668 385951 7254458 3703633 5090317 6877010 681292 7861128 8896298 7279391 7775767 1866148 3279725 1924394 7730537 351212 114743 8840015 2530255 7262889
5158967 8204286 4731832 469218 9705152 9766082 5022216 8017911 222572 2264255 1536591 7735174 8560250 960292 6564865 3671185 7155110 9183305 773584 6747617 4010425 8626569 4811018 9513417 1847020 3549627 313207 78389 4335747 7809244
8833103 7120340 3446171 3284860 5241620 1500053 5684334 8151539 748806 766421 9719965 4485422 864399 8693487 3001076 8774903 3397762 7990061 6928200 6471347 3733163 9474665 2832402 7737805 9428899 4623864 6438709 5324862 7565845 5765260
8208533 2913656 7513917 6788426 5457912 9838164 7388454 3941112 5579780 1837507 5871571 9192462 8779574 7859232 1427749 9444585 7428217 3515585 3286967 9275765 5844228 6519369 2223675 9600272 7900763 5930927 9387780 3545062 7316156 9124454
3252765 2906592 8568243 9267646 2511009 5021642 2821130 4547838 8370311 8444160 3797171 2140094 7650842 1176701 3062611 6271601 2292636 6401733 9566190 1879179 8617112 9495140 615618 9180667 6948138 5596759 1870256 6238645 3334583 9553707
9208779 5509723 7842296 5285038 5231311 1850237 7000077 9080312 8917535 191987 5486688 640353 6876430 7887241 2612226 2862264 3085107 6338133 7104313 3409375 2471638 1886845 7271586 7829385 1830463 5144282 9611765 7335559 7172852 8820718
9510694 7706785 8992061 1126013 8866245 6107848 9855048 4378056 8491473 3253050 570249 8264714 6545066 5531635 1264370 1461584 6850247 9856273 8080155 3398175 1702589 1551747 1421085 3508554 3106428 5967714 4482706 7431094 1876513 8042801
2408215 9239495 3698163 8436868 4762177 7758552 1566996 4515404 8330603 3151307 9265108 7295042 2630471 8739916 8595599 1200342 8417366 7533182 7050736 7666350 6609750 7347921 8645161 7846182 484987 1868297 2921330 7100518 987925 6439123
494134 5755155 7653269 6371978 8721550 247445 6850690 5247999 9947921 7736555 7929761 2182970 7394069 1363553 9089030 8780412 6942422 7963337 668773 2830011 4291617 8448733 3575604 5986798 3318042 9310823 2623374 9603306 759649 4804633
9167783 8040964 6710508 274395 8405238 7483829 9353884 4996800 9644259 4678404 733934 7413024 7194059 8500366 8423605 4602545 5390789 6735365 9880547 4061475 167177 3678070 9756963 1881340 8499029 1275560 9476524 2028338 1609464 8371416
610634 8249190 8774583 8110865 525945 6532407 1292890 5343513 2836380 7607337 7035328 1219083 7117990 6917372 4981122 3989080 8171009 1648107 3298423 7032832 6316885 1342056 3225559 4071344 9832675 1698197 2238787 7785179 6289981 4041772
9359259 2852419 719570 8419852 5638665 1252668 9333070 4368232 9905808 7315647 3367224 4214698 2706593 4052742 9194811 1830472 2199826 9932143 8889675 9492933 4549504 3722098 9602542 9237033 5012773 415916 6523116 3555775 8958304 8588489
7543388 1878331 603083 5461402 4937393 44180 127303 2198326 655732 3341624 3342403 6372041 4766924 9492931 5868884 2606990 3945426 7773420 1626171 8690597 1719870 9826266 4301509 1461239 5348469 7342374 1633820 3093019 3707765 4945056
8944599 2148924 1519369 2151938 2842072 304554 6459203 6220724 5350483 4477942 6165020 4698540 8261101 5049309 5949487 8211006 1432831 9241996 748976 7156218 2565381 9095176 7484842 8261153 5027084 6259395 7411704 3867254 6058357 5060956
5425769 3791941 9361672 426152 6964074 3580696 2052089 6191635 7904999 6201846 9969590 7654021 5640858 310134 9911510 4782706 8355890 6824781 312332 5604818 3061517 5269999 7292927 7273750 8560788 5818854 9323322 9300376 3724037 3559273
5136781 4108288 3421920 5324067 1646629 7989743 9810297 3395489 3455965 6991848 9279512 3936306 7484768 3828700 9162686 8063086 2718786 4276876 402086 4472118 292978 781058 3613637 3591156 2862459 9367453 7652902 2688937 8739791 2249225
3069400 247762 1730877 1364868 4960394 9351056 2980143 5332100 7202146 4254553 3743597 6037261 2172396 1405396 1384291 8033718 5551148 1924139 5371028 3447307 266491 3962896 967721 3401667 3003968 3068939 9209311 4741936 4614578 6624665
8127283 5005298 9149023 225914 3149356 472063 8145589 9665797 830626 8267880 2092357 4974451 8743121 6649053 8082123 1583592 2080391 9682529 750603 1507993 8652830 4939739 506586 446111 1781094 2401396 7635391 2296040 677517 7229200
