12 34 56
888948173 888968370 888928775 888975972 888962611 888983918 888895646 888986627 888900761 888917946 888952038 888925334 888936991 888986922 888975960 888991011 888977952 888892355 888965126 888893418 888991357 888910577 888956856 888960481 888894805 888930787 888950703 888941597 888997910 888996382 888969099 888932970 888889924 888933736
888985519 888968407 888889157 888982746 888930964 888977704 888935635 888958717 888953425 888988879 888963385 888956303 888934762 888959346 888928205 888892599 888997734 888918242 888985404 888919728 888912327 888900440 888979014 888957219 888952287 888924529 888900364 888961984 888893102 888910481 888909324 888938644 888980580 888913314
888970614 888939011 888905297 888972147 888941993 888965134 888993683 888992246 888918704 888960610 888997625 888951386 888891536 888994435 888951595 888933574 888965804 888990978 888894403 888993972 888947736 888932072 888988849 888977523 888953411 888996365 888908544 888889114 888947613 888979916 888939187 888956302 888921858 888995366
888977573 888951679 888916581 888895155 888995951 888939783 888891821 888958353 888968122 888943676 888985426 888924514 888988593 888952538 888993931 888983071 888996808 888998359 888906989 888939098 888967617 888975245 888938866 888947008 888920383 888900328 888914323 888958315 888983245 888891076 888932048 888985368 888960764 888895351
888951074 888989856 888936168 888995755 888922967 888978705 888908566 888988933 888962470 888944024 888957602 888923462 888996333 888888921 888897402 888950207 888911107 888993189 888889544 888976501 888890666 888963102 888968239 888934521 888922462 888898472 888896172 888971476 888914973 888995790 888944001 888929206 888929338 888989417
888924758 888962829 888930915 888960355 888995724 888891925 888988749 888997196 888905983 888975133 888973585 888985725 888984534 888959404 888970496 888979973 888992412 888922071 888951297 888983115 888977018 888969517 888889382 888963891 888925761 888942523 888905997 888942960 888934158 888987795 888890990 888981498 888913339 888901773
888973353 888994469 888921128 888907961 888891131 888932879 888898234 888961792 888893159 888902914 888920059 888954574 888943260 888909973 888901853 888890526 888919991 888970761 888968315 888949047 888960359 888946021 888975371 888956408 888981032 888920631 888943899 888905012 888914832 888920570 888912886 888941311 888904881 888973280
888977980 888912009 888951155 888935334 888965722 888998272 888916624 888936130 888955354 888943952 888920687 888901422 888994215 888998473 888984845 888892183 888974800 888943925 888927145 888889924 888991269 888949634 888967231 888937947 888924036 888901416 888914578 888955504 888971097 888960216 888998891 888932582 888964942 888945333
888974047 888889276 888960596 888955105 888940842 888922605 888970996 888970943 888943536 888989868 888899855 888956818 888909365 888984571 888981876 888970948 888890671 888965382 888930383 888892853 888957760 888944675 888970413 888907535 888906773 888990946 888924864 888903096 888980961 888940244 888934494 888977162 888971052 888994771
888964778 888965020 888978640 888961152 888897834 888943058 888981303 888918777 888951590 888960892 888913249 888940893 888905596 888984706 888922523 888950255 888946732 888931454 888987672 888906818 888891484 888908211 888965712 888934839 888923844 888958972 888938993 888924100 888956094 888965011 888949221 888897459 888940649 888953410
888994082 888948311 888975127 888903898 888889971 888901666 888927254 888950743 888943246 888995188 888944529 888918511 888983449 888952310 888947139 888891583 888992234 888979992 888957272 888964962 888903060 888910372 888992541 888919878 888962239 888924261 888922508 888910435 888946091 888905620 888993204 888982505 888973406 888946755
888896147 888942043 888960792 888958110 888920321 888898384 888972070 888931297 888929267 888950619 888978378 888900306 888951876 888913984 888941657 888971807 888979090 888966379 888947086 888945664 888912203 888987972 888992918 888894183 888987147 888929967 888966452 888889402 888978457 888977155 888925358 888989316 888955243 888971046
