50 50 500000000
494445537 326682688 472187448 801908443 341925924 345906200 350449689 731026008 538710153 906092975 378948259 704501456 842746531 770792353 862483300 394210870 217656803 28035759 667101141 127853813 667664041 606663147 359800784 20190682 484563048 257029941 30124818 853493913 258702220 246643448 208195453 569716830 163684348 118964128 818687417 131152989 111100437 138971350 372213399 351470476 981308848 177667855 135902847 969737518 757753718 156124152 902694167 994958026 144772283 334153417
649557691 868445848 704884529 203784870 71061616 584630383 624134372 142984691 512545527 937241875 275216222 743917823 268931344 53362194 93664779 180162818 939219918 249801380 172821678 434074730 822036044 145795356 18816260 730306998 716740929 413442810 883788727 994554416 234588808 833709922 395674209 980733213 243706116 426050636 549899454 801988331 143759133 654904100 121169991 826949361 507844966 39426763 466023914 378425823 747814570 663245921 887864109 688860232 578021440 43410979
971928968 628609401 624315509 571208141 327824724 53295242 303756913 858701000 519926185 959541653 906403695 127596506 240695965 421759754 118519757 403785560 492700202 351078788 433269529 574033495 81819995 148132139 288843584 109904199 751835139 723785028 292204686 709754144 148473604 660713257 41770507 285565226 602093249 598270094 801996358 43047929 643277004 524455327 584170373 369238810 912348629 615411409 971075518 130103558 399312628 483302580 152510627 606591811 22369789 527961863
742961756 442254480 775993377 380617684 885929418 861937738 979543275 880791576 117861633 393736975 126335659 767817268 154825442 195114407 255785890 729545016 429080251 576098535 84531108 319811181 512829436 224979932 288375605 927655637 426621696 218570742 177129718 396117003 960570882 530689748 435177700 485636363 525791985 691081381 846032782 404133926 932645367 558420666 191254890 580921756 707185093 473219254 243725445 290229583 367239410 621934041 317932362 279885997 631148742 520694195
525413279 399515825 374637877 545670039 389446598 579828156 50573033 414126646 140583503 563262783 534746610 204527893 171092348 619683039 929776001 606324550 415144418 578837999 841606094 901832450 313438595 433073569 513245624 398078134 138324936 425546873 417563749 945239740 9955528 398952924 58685358 150714962 103711275 184431780 264758463 365014464 884121821 149020105 793669816 990808908 527904917 646652350 797402974 277621255 653351571 602596193 722644165 999392750 248920684 248836335
719396421 716099767 384294043 597876189 793621049 207580946 823450214 290961219 128041837 104757359 372702228 419042343 528224897 993950351 238467706 170241989 20842473 651902719 937107805 661341425 975077329 612357936 395452841 663599554 77266879 66405545 37780533 956290601 662787558 347131551 443410637 781378199 614131378 867839543 677085493 741669124 952241086 244435902 382382260 54447341 505251889 724565828 890997491 871439486 492601910 583685816 97085627 629884442 534487705 220418539
604293394 890454259 638003140 390230458 351095480 451564097 949884095 953229418 437796378 442329117 975683738 222092741 249231978 788841720 378049724 480574509 845815760 162889283 477052820 584757417 77220396 667573614 857250420 892571841 315470245 665394978 100688694 39917942 124463777 130781807 455412952 825490209 66211086 97826488 688049523 475233760 791338440 764524169 236249953 492147675 132998920 55090588 542449417 928264721 55507148 421435491 758410854 434243075 46051141 124782983
115714787 944304674 334859369 347547608 663602243 534956706 993883253 174687022 231374946 199047096 740575658 68879104 549120868 921608346 26558770 802369492 871947174 271444416 658246897 168435912 721593590 278824070 135547158 875569008 489787763 789239803 495247208 549065592 459778444 283631339 319900203 171864809 547408722 825090626 528043693 375935904 963696995 751351281 366462568 823758776 412527417 762035604 925463583 933392474 339984985 798887489 107019946 56977190 309072605 550126180
520247544 17146907 739976871 189186524 200121970 28631053 837920747 123206376 2332821 680645770 460138571 619159555 961093147 697959016 859175460 525796394 116370773 605820982 534134142 501710483 601117698 649553784 639772426 49204817 491413940 531154326 376106478 766259491 647648453 829396065 582314974 781959427 546466445 880168174 297959526 948727294 12082484 981003154 818141573 638813981 277296885 145925889 349064508 853148110 54740537 60657958 201119974 421649072 198644019 633000279
836508156 838855410 28586302 887021671 932706142 815384747 810271943 634720887 264396530 3417326 105864205 868463277 72386154 74794760 994127065 268731820 345888878 417361231 528237866 786702755 586739373 514112378 1878524 930707933 604901000 554391398 349133549 732602934 730930149 522033057 415978860 761317777 967104139 398378355 535200178 337020976 829435873 469968232 11739255 974874176 807714948 545744473 252501227 478315273 7715565 358698425 677522117 14963305 924763675 235215446
607420550 69454611 528798005 255355663 707523170 616607688 221894156 679650421 204109235 531273548 393993 424944907 109728859 365132248 947685841 691234765 456228683 678208721 419886802 994263485 479754057 140614018 490880243 976350286 834037642 364578432 121796116 935073154 987598005 850112027 690167458 574264316 529375357 996400517 444848535 131866349 520135428 56185023 201253481 417231966 121438259 694083640 43509340 298566807 482595286 307313082 115162435 264963090 698335918 224154066
881045777 381541907 32021701 590401943 695438653 666111768 9286861 847707358 187596436 566059682 110519323 676777266 379169612 934578620 327757163 280717410 988583650 641221553 602579405 667571862 46355725 559963542 82621734 205363879 152075773 305592958 155956224 181554126 278808095 202205049 385191632 356977243 47329179 101097530 283247168 634157431 706291221 360426256 546401692 171027132 942651897 55190485 852981409 380734007 127812473 75588497 560711898 897079895 836243423 538687509
718220051 823520499 434779693 112964855 132102497 418097525 909235999 103667357 454029189 219718337 893062383 321538465 9634525 943579454 891585232 21254371 924906026 878673596 425155826 919559983 795541797 400235458 642388872 524744735 182270415 126821310 544461672 378505341 52404746 419743424 385958935 301855778 623451255 121046980 462595165 142390138 637719112 110807852 899512640 377667055 751599622 52170325 583972329 475553667 915506851 12912284 418191948 578936040 28539121 513991160
936767718 128822337 188546308 202863848 285446339 872763214 350513692 955273704 290339679 712903663 680293897 430820435 312236235 541228203 240852672 24838990 171858767 673926058 245450299 115076400 224468001 576920137 701756564 188880084 267814430 326432741 164506791 211207170 747121354 250378612 401468347 893760648 241497041 73275891 8109049 738734112 785912006 630695595 204301098 531756815 509429154 735286026 302662858 325356798 888823915 122116054 633208472 303314967 93547672 44391229
755444954 96731266 602838846 784023190 697980042 94824705 679136935 35579593 896556871 779733132 945484867 475322964 765276388 586675487 961812024 812323841 236011823 782963623 436210758 220287639 68537714 525131979 85105691 816566238 252037989 253197641 616375100 335099390 266800759 55568074 787710686 916144776 206241034 764620810 796420673 594191775 403279238 526019810 595084133 443460024 218394184 497013229 790382012 352339248 776651589 695821268 865025142 694278998 906750353 191198662
210678357 738089786 61053140 324428089 541935306 389897000 32800024 556857036 830400160 149125309 302473012 710493607 177896081 222208775 942637710 189138914 408029488 893545867 780523788 839177772 84473703 165475589 970127160 745089834 116216427 103016886 122086615 219981265 552836586 215377823 959769875 291046777 935379425 532052083 442497769 511618233 13796384 278167060 999135014 690981188 755520102 507242857 747401562 494144522 498600797 106900348 471593326 199974867 298773285 862580599
873369147 693468176 324908696 869382432 614001220 556839446 926305634 565212211 174370342 227620401 628377365 338223048 565185705 5793826 132263099 108625593 625793400 609489145 689568151 390407671 361517058 129340226 283687006 287532481 834237690 637484411 201898853 614319474 898742382 381777760 607403229 324416990 994036453 890927416 715492726 442195480 479463546 406358165 881912038 504221164 723409827 240737782 691307500 369384618 323309953 920638861 120544219 365445814 211781361 8324201
475405784 973539302 479846544 312167088 955481085 173665618 404740270 995965491 265901823 484066201 2455043 317684261 854133973 997997145 882950575 206530311 524778552 967900012 43286948 512647545 16487025 83969770 909141103 411277667 888114640 842901140 658309646 722416386 175148854 886727626 81425562 357625373 49518081 649147027 96011491 942417001 55329477 91184598 485378640 709978473 907386966 969108112 495726366 87310586 7701149 571451371 418942505 822514143 985037637 942542682
117107516 94952064 670681215 257560573 513589215 632395075 922919677 147345754 259213585 36393785 208465288 832821010 984426388 468406328 871123568 696166792 244207219 926293646 368229192 811378680 330946886 564442989 455930527 304703119 370132543 319221931 940423452 212157105 44689839 474521856 594939619 973474749 594589607 689058852 364196974 865133263 548996533 279736466 287756631 23330446 555641582 237596554 29416258 111062362 187207117 607827943 617986749 921830361 99146687 109484788
315070407 905993692 477455437 163430081 439395205 14956667 612991392 143439650 440291072 583072872 101042192 339286673 738550550 712769492 954572645 993670140 740062720 416869502 340404326 365280066 352671015 124272688 763363621 966387986 744007077 701880846 821873921 866656316 800537730 221992825 488069612 93417999 576154562 218588425 517784629 680370493 185332100 553992170 64848199 743992469 142102448 318196750 851195269 493187794 769676929 808541162 463143685 221440746 864483465 184419346
673191542 868329601 849917276 758615818 348230159 454389920 797388903 7806361 145779919 288129058 298129443 579639191 280837502 509517676 977453778 405422142 802140740 903768286 315805548 476064465 424227086 479481207 78294691 185954303 237640657 450191729 755631191 844867757 349161188 57973056 226410980 940222336 276288670 822442356 199877917 695829405 992616290 223885902 788153224 525377931 560551009 881747134 403204262 779958546 974356058 367892990 924615930 277697989 410917695 710062754
339049693 224979973 876295472 698323606 145847793 379776263 464225297 710785286 815458138 159802201 727449245 975740775 178060887 438566719 487025769 704743736 392180960 295584069 151340223 155926725 331284320 303423266 269494326 607149121 834929078 443316691 214677061 312557474 9758827 370315847 220353500 940772734 410174700 923535113 271287651 934574681 511985013 463267198 709215001 325723509 93097005 591870239 608679690 699169813 189865006 58718891 387415230 724648953 59506952 529726468
448579073 294080715 402033029 650968048 738474167 361786424 853142321 270372740 886299132 33860545 146647134 360149219 809608656 953034669 449333034 527687827 106032032 773974261 838420543 42737340 255992523 551212908 62205254 942933516 884577538 403918129 775505307 899297642 286561615 572479159 898701940 276177787 418736676 746266489 97667281 30417940 186829635 403192710 831220961 477212283 386320130 367653692 313792735 916592569 138760675 826180765 583908214 789574916 577618341 197432932
296682289 445657670 619979300 502785746 880518449 497072469 92986336 546948174 824904195 883730271 942897451 385933301 464717470 284132456 691177653 193114099 256603035 942514654 324251773 542738582 835639992 613278059 230590133 767494299 799793812 159348951 14036344 684459017 498127862 96375294 87816894 914625853 71677795 30802094 43898890 704245304 687491476 970715183 504010657 299107296 834356080 847671418 566301829 177950821 734690032 293837994 628879410 159468436 754225976 437491689
798225782 534984673 795418237 803242263 542143949 528701647 958311674 869979644 725500577 878156980 790555401 17936035 667244354 474582372 561877031 962275378 62738129 908847266 294937328 88240183 186990937 510094703 994062764 975940954 862430152 3715394 331587535 969782878 100449282 680483672 237556826 349061110 624556572 502841309 478021039 633144972 984217863 609100254 435891735 539735213 975587726 856202954 48392284 993802930 805949995 363498276 955605591 753290924 769907013 255565199
281056888 790797412 13423137 917675084 478353854 782129994 202309432 463653040 905319826 675490042 692658411 164248273 657500082 873659436 578359243 379114170 80181312 524079339 735172049 322791498 310765640 370267592 645341908 181501946 103193386 262599960 393399255 434428608 435905651 75225027 495441855 132223640 622778361 865126054 712748251 196237024 625017325 779984690 28003941 825354123 377086411 767093306 146943606 422498077 371443866 871693641 867019972 650183736 502404460 515578882
554855963 787639560 270262177 504584824 434945650 624163682 526615463 547409764 522461105 672675572 140111514 387295650 783018832 442486303 475861501 724846628 983034694 824580604 966034524 368089957 382592888 335979810 153831755 484462782 337535971 787913544 732720584 714298780 636825989 20448409 963548277 917379571 764434418 122760600 712819 146675211 387610901 868437075 699407381 270642116 706921871 530102505 832003966 14615370 945589241 826714404 708613507 829544628 285404542 437069554
9133723 934581393 430096634 510645608 752265493 999309158 566774405 339684752 122356490 456894587 545782456 18855663 799691856 950640021 801442354 498150540 608365421 282879045 112825786 410490824 920361142 637640229 950217800 106780999 509708713 613848390 167387032 561673795 706614080 36187662 993410051 458302346 195078786 470411938 330575871 289571171 175099136 14521870 356803529 519411301 510941330 837623672 553649309 162324080 490827413 21965159 542724859 517634210 538026012 898185624
957303557 262189446 605537237 657617044 726520158 787864153 258231403 678293992 741890938 958147879 554253676 581038069 61503766 770024920 906697886 432916081 554110053 93112575 486023392 162347888 363489868 113780141 812829613 145140916 874861349 60732305 131922745 420125339 977700599 250914625 506164252 205246991 647256125 502396276 764772957 376534492 732883369 896028498 431623167 287476103 237595150 159691314 387209034 848749635 476567905 124664711 45345492 611961796 970448309 651320830
780454953 453171673 721802130 595047837 760352511 736661109 871272091 518664479 878607446 289449534 218771768 391237415 891805337 529392778 826557871 327370076 742987953 870867000 269055608 368356708 186424531 151067191 817231515 567610428 632554671 98028068 854300627 391928947 846292166 513957338 309988743 562735741 294281034 185184592 870856687 406590035 211653711 9887875 384964406 286887806 22851395 745608264 540936336 144898101 37744037 140780251 447040307 759900191 578227832 126077663
748260927 923566483 122025082 205687226 193166932 336128587 250055488 654594338 619475004 372218011 466104525 183161216 889937449 619205587 283587658 631690043 727578303 874431034 451799743 514438539 95576292 885258931 296406928 911765772 40863403 932177619 288564163 18100312 988369364 106041916 661824895 949734261 440536120 600604010 624808213 597058543 413484262 133228170 976268046 987529457 89751870 530416 106113258 272506104 690820322 581880298 468693527 524607690 626907869 92355665
874265641 890698381 26457092 970293633 368879663 532504697 632453581 133158639 901362872 252036722 966071237 929003832 627869181 212364297 179410195 31463007 379076428 486100713 826066280 523517334 812260966 204023329 249024755 552637089 713589070 846547464 822797527 818264443 461393861 70790705 613449257 635109368 227875239 651200483 215712423 330107874 697279006 479692106 340117518 659691454 691204732 237328108 53654288 918219320 427157354 101739428 934987484 112748699 632996306 949312312
374770056 796938611 580841604 904264319 72637206 283077395 893388816 280215180 825256735 948544206 58401583 349193794 67009411 969718624 106539771 262263549 713042805 709032942 252780705 383668536 988228065 247330270 492963351 442402095 504535637 742227789 982378343 746796109 464199889 979816838 370482185 461623440 545973266 974744202 523275790 505823726 603425701 260075435 422111992 623712930 4790546 774389888 806074395 128267372 29910801 82168321 776121883 536423250 148870140 719347461
110060325 213706787 264193825 656703125 301382660 386189339 677023094 474643574 656714079 390669639 297061419 983959908 672163145 943043345 104420122 168645628 766793627 482305967 570998070 499229853 868589421 85281521 263691856 417193062 957658818 935347932 856759558 431173225 87934000 44135487 599766388 983212862 39050065 802268434 880743424 203246670 221003392 381413089 881991163 288997312 633676031 620212987 176857728 397266061 197135200 400579135 376739800 643138450 716842118 277869473
848006734 278265595 647777020 915742054 678575680 382859233 129598482 185276340 224464267 82893910 998562526 976737167 321596789 633764937 473795403 209421828 764180073 161925100 96757459 388391184 606451893 575065560 101136140 59176424 806665441 121590796 374783456 934791682 197655752 61742106 815098917 328158237 432457060 489355669 608277423 80687000 231547221 244309451 150822739 903766130 213827704 504436000 654340102 478757317 145950191 798355016 23400563 382853003 156716639 28863911
657172873 859147525 653520463 746955688 454640646 500038655 590111002 206568714 487022628 752734474 532852415 175334098 658411130 98867137 320947153 244246093 256905162 691194555 775747101 795920409 363883351 46579903 399545031 709955293 373778687 505799471 458261664 658547586 698854892 575898461 200886895 89721354 648337705 88216228 872274572 675879692 400491926 833517924 349033394 448861079 395609684 159218844 489738675 415081786 701635770 851569751 177588694 603098416 925886516 545655085
155328693 948173670 106182203 486848278 182531273 248536115 41568433 416402508 774592427 493610093 146005319 108577913 102025489 673052545 372140079 293706650 31046820 138718132 956466611 834262559 941450036 25675818 766418720 834537678 222191108 651624169 368639271 902216668 12978463 376772358 705940051 613748753 767547399 620795118 408484896 332343352 698797080 557483008 228600384 641026845 480415065 604166269 462679358 652396782 173829441 875006378 332989126 140100191 797502928 152759624
891781706 874223842 676619797 531988356 759004042 691841479 196289336 906534468 798749353 825198210 636873234 388580198 761241695 414089278 728808274 717939077 137018201 666378418 509070009 702754254 339918077 562425093 704179595 79834987 369873906 160506705 181906919 858753028 957608184 470971656 26681895 284077193 393879302 938786721 789624471 551442743 227230780 666850267 585750250 954766585 551398601 113794830 372143327 902818847 921594506 137509227 268955581 155906428 489719585 904653157
638157422 57310037 583712138 157207970 169157305 108732775 805791000 926754193 78965042 610067129 183884850 162473612 988528887 941636227 430321959 463825895 181430089 294505561 249446802 217550310 938951973 675815508 198496711 142222838 240292454 677326538 799328646 91111591 245852445 458625443 107050060 597273747 838101326 477175116 174750213 773157380 895834271 394117961 893724759 185532750 50892682 190152789 308175780 902213393 97476657 345769551 675900740 420946307 483860297 731514038
692565519 209782637 693734760 219133973 870348993 694420650 889699595 874243027 843332639 239641173 832037501 38694646 65139555 402403508 491376873 45620106 976320726 55488147 6919685 715127623 358821015 125097082 296390632 801795420 550970686 499370866 959405297 10318621 157690248 484419911 829521508 406028595 879482870 822197898 565630453 221577588 946595937 281158341 616710856 453373687 947660690 168200522 244542553 943651108 843458099 1467466 653428728 465498049 633711421 909443866
665279672 873300625 121144672 776296753 658414751 887074877 309648838 760475049 706348301 911565355 538046637 854651991 108814989 9188819 527554296 198527870 970609384 909767893 832203240 823447293 355767027 561861049 923343069 522954496 62751287 529638462 426120261 858667399 72788353 254691105 913404420 525797725 761258944 630639703 587043087 505832878 930712369 280744436 888536708 722006566 681165963 312118239 449997914 265080063 943931264 767020552 323249074 114431957 8268484 715919820
79283756 505723918 551617202 80813338 567239459 843245555 48138285 520923547 700293977 681493707 582104119 950795924 934447276 134259569 684612476 797080208 219173608 348227843 167633636 409477506 663204253 401535671 35927309 540734582 702745786 515447528 567608937 663125487 155431936 790941244 435152067 618836631 246347052 691354572 331409244 39271455 648266085 708807865 308448339 659364978 810946194 301812943 760382447 45068179 582132511 132311621 705793227 91189616 705524473 768809021
809281734 51708779 209719698 881234121 96011173 637503927 102208866 369106957 205346035 131525171 118152100 894292450 391033825 809590710 660629920 668089962 217029959 915429218 744886177 186906761 167134584 825002329 565292805 268648208 373476154 466683339 265453475 268086156 55085164 600080074 819267678 472316161 160968663 411568186 899906289 201941804 171138802 849379637 495681486 764711631 301798780 666506606 471549281 500368608 451353742 990257127 323686385 202362102 754626040 844326152
841689547 800259126 843936235 817203578 266007407 403327064 916988800 329715264 100398226 399786354 625750107 224482064 509817143 33554964 463139279 677051393 712660675 226060314 376566648 427560351 896862056 161075087 760502539 958407463 982740235 213386197 942731372 867982307 570300797 66072064 330908245 54143342 779847302 989552938 463242401 936685467 335840882 469516051 858460813 204171114 513065225 935708435 835057751 497282328 978734004 300220583 81432709 826183062 895384177 248050898
741423457 49507626 669275224 812291919 805183792 502981364 9701088 721859640 417413666 930823481 986500075 261277114 787389823 157110989 784790656 562322283 542058454 853996563 770441407 663151191 426848927 955298855 550210186 752847767 760952700 701661983 393237122 144178555 161485176 424844089 666217367 564642345 633043714 954369617 205348033 746971875 740475003 164564954 715184806 296726341 964113874 477887768 243252060 664965054 501977448 34069387 10462854 730057247 581546155 132727036
709128466 731536823 357561447 5959603 10043538 716872649 5080572 872489232 927730876 488994105 618548354 821343767 564064085 923208601 404557508 363235802 933217033 654123804 509069676 704879205 565433534 558271000 890508057 690204105 316809853 927647270 298326526 792013468 696233584 780302873 61860737 621038553 217924194 265460990 296402813 191060404 684091036 846718518 222175264 967081849 948343835 950332224 922185870 194437747 470644819 101195116 233506407 552737371 920058324 441868209
49890536 158651931 461757094 150371505 975584707 581223325 868579468 281027115 487182651 286089205 242601894 505638945 90893835 221211239 643185511 89737676 142616536 178067434 613309008 166780905 72259531 61962324 847187988 620231400 893673281 788030137 345977253 690875686 614507035 171921204 673994611 827790712 261819041 634096099 471745776 661207448 506046679 494587539 648992876 735876394 446731361 957819746 348597538 388388771 343845327 719087002 840646284 791684729 17067729 429899200
785316236 33273724 507075607 991307887 313369887 635078859 480148032 836090447 748079336 470904810 142735470 574511391 236967882 171946855 386499876 360907257 69118069 629717102 447147170 144877204 928175517 786017983 678124563 478784264 439893854 399700336 260207545 654892025 960308746 370512411 97120158 111306031 139048445 627530999 908460950 620893638 956090628 113072537 15001414 214805211 649801180 990225736 861249997 188108520 5135995 562807298 260342486 679274286 758037031 410657770
339211605 637715869 903875898 276799972 350694704 854449800 443144738 447137405 424701246 629064609 836542038 699026040 704643345 246160072 536000211 92191622 905122355 947537910 530315590 241221144 589938379 732136055 414762297 585164634 20750921 550915515 877070268 21717408 737264564 371690962 724024623 283298696 92941694 5504495 956855432 439385488 966817850 366257836 768735820 542577876 262557014 840038644 454062014 957651548 206147352 923888124 999757125 991582714 380647380 881293706
164490472 592271411 890182421 937571189 604149723 232182721 862632591 101065415 304984876 99180188 635163743 544577073 263090177 233951984 944349758 4182460 750067526 512440395 152055637 267075863 671621472 158871645 575109144 607218729 190183282 541527439 122474219 717324272 994677536 818852029 70414268 65472496 943924079 389049073 354347028 324206881 263262821 2441628 708614405 348155248 385150630 861375562 983229793 969924820 360045897 743291719 443337977 686272108 788970323 771652628
