50 60 10
238244160 86497172 198411516 695008220 667756142 686456751 339371890 498206648 423073138 252991509 358966466 776574438 68294892 419963840 898359471 212199219 516660448 886719604 408948008 9459099 554249911 729392031 159668131 696300956 797818071 192119237 208448203 255979989 860639424 22741594 78030918 269508060 535237500 253965745 849724411 347468827 116703411 684068220 755234509 918305668 205787631 795016122 600451558 311266315 666360755 874221977 316400057 38188171 599113859 92036342 588861648 824095196 97059304 39232516 173367627 747206557 17145980 191744460 126733446 33383721
364853889 213578041 125795281 140787664 858969495 714500606 968312392 879808017 274362434 760557877 321709841 177610006 686461064 104732531 846137577 591039070 647352285 748879546 815663009 179252242 189625652 532342741 972376933 300446430 502303029 122759242 703926531 449871885 98891351 717474930 342597206 350272789 813855453 605279509 614184173 879067697 734583168 866119549 773840623 271887618 858572088 234666747 597295404 247625285 336429964 664247195 647282355 100761962 30021259 525384951 310855769 828431950 171075989 220132838 934687867 901972223 299861403 528140227 595918930 451132778
961208795 560934032 435279503 85746610 369298864 546925432 942333496 592763424 548961731 672800078 658332784 987212328 743352618 29107631 576157240 575117057 582885107 806575008 255155833 386101045 920943461 954211109 536853101 933471526 513414997 152272473 716631382 564250101 499551423 366084389 953459907 897623462 95280537 243485829 562852924 92439793 900544877 119467605 918488265 94473728 403971516 309878952 849924975 775087818 297336030 31979244 918325473 130895737 412674694 183653638 571726907 75721437 244866708 987568659 65669670 229452093 345293493 551950136 626302757 520177353
583036777 817307489 320442658 671055626 466308107 165227507 740022793 68733536 358327284 275588755 167534164 827992240 47882666 219044654 37578574 639523300 778374333 276346546 900654544 527639589 525699731 567993503 625007579 91974994 578698134 325936774 569287989 243536256 391983385 281172273 191656756 473926989 528820554 205963521 340781554 964087999 873901626 59209188 977866585 381873938 38201873 439494324 950475140 859148698 324740548 607147569 552922478 341110408 988912357 697460894 971114337 884740028 559476090 605087785 565011273 180556270 685602603 744074381 95475611 632472069
730124024 920643769 45638357 482324599 77313277 263139584 986645682 340232556 283394672 516012538 478957553 362565478 301416473 243994923 994670190 843027535 150561632 597475737 991584951 798292468 143911996 552226378 236692990 715942467 987934402 739769060 948908856 34972142 256014696 277702702 44126652 754231169 651903892 431361917 850484240 64073237 649804459 826895582 48433127 559265814 310825905 456251771 386093986 729712464 894424269 739529340 446891977 759441127 316320177 320040502 702539135 786500583 397641899 53748779 964648120 589424386 688139081 805486806 152076527 376854918
292391864 290804145 556912674 820857061 242566744 938211110 229097181 363903392 957035818 477300937 222804331 358006608 61407463 505572943 755026624 834420740 282940679 983711823 364187048 978821692 80512297 619478920 979987089 997564893 756273657 837909951 340013199 811501205 982604384 693404651 655010647 402621147 173379793 587588485 679977422 309911118 77378159 860216715 913842821 250481221 812778692 39310665 464092034 728943098 473293639 601001396 592901603 328797918 685542710 559825421 36330592 511134973 4317669 532000823 59669508 118068316 150207973 970739307 936213551 735918907
968888760 13952860 686388687 733946272 493373062 767101575 560658931 822241870 807026071 838381088 807546040 242822655 749302117 200310165 143998421 398720926 325003339 477405676 962915636 592127657 604565815 591251844 521557000 329240811 941980818 89716633 285259629 836890225 951424216 575880497 617529225 34034688 243847658 477235217 295285257 197097146 875476811 649310877 858461688 865545354 339477810 343319025 95150351 149564091 121038367 722990741 876315737 736321792 398892474 358117777 545011588 958324373 87069721 945394796 226201470 468897208 861911325 269079135 590084848 897508699
645451324 846601123 954488555 668924408 214681245 125239433 42595802 958325116 946318511 818308585 738763161 930475785 733600051 991409270 584647669 645944703 336626655 411993952 775686045 887596922 193431574 520556654 175862706 197932741 496577144 96632585 379437170 802410880 330224993 810638633 452565099 838496114 324637753 350977622 453790657 321999043 290362848 674814531 28028599 218767364 518026847 448148374 967648015 855711245 750302272 201815893 929116294 746162307 701694411 826894663 813711395 784290531 343082252 382160484 948835370 14551696 321514143 894036181 464663991 348113539
810934346 311971929 651125397 304420386 942125565 465077126 771522057 782289429 798672315 541269838 574243577 679242808 389745349 165202159 23274352 222701915 256452611 294966364 320330991 379657412 801307158 151747431 781784267 874677851 923786339 622138231 563488194 850378113 985906187 761188437 773643246 270047574 449019413 448531028 585170738 826469724 592900607 808967830 643893989 789264508 627367549 552249202 239673053 956370635 524443014 455141539 470298654 465935498 50575855 757744964 593487402 564687644 618099729 793330726 581292222 808496844 128963298 910075260 707167087 550372528
117952065 338037539 330393131 84118177 670950052 445116831 468227750 96220238 203654835 166955664 944379998 389281876 61678712 529656277 122903912 584505133 930066915 138834614 428484697 497121869 587446600 598861749 759547358 960035653 699984470 673665349 934295639 622442677 430641058 939376108 545573155 831702071 739364501 535018169 947831034 913537735 215033597 28251192 214788963 625698941 192529268 917696231 805336604 730671587 491596804 156222075 250419993 597430864 915286575 20084361 857778998 349495418 424266198 550167095 889508482 696899457 945548845 759999167 267303190 30696553
829916790 97001737 688504213 585320879 727265385 330910298 665751063 307685694 278928118 765160385 697747272 381105738 26599974 371041457 891752510 867143726 511888816 931871883 523104284 164830404 950112116 392253908 998898596 617488832 654396159 5249611 454449346 817081452 555017534 94793758 16492241 317177702 294082538 507183985 450505076 484011727 358326445 358792186 771889769 475826496 51807420 906468694 737883915 35965574 146250576 95795702 310992152 498838036 812660396 435992891 463715100 717188947 258446209 294911641 623041186 937157528 354755927 785859110 835187224 611102178
105885836 175172380 127064247 73866311 465580 328781109 151788444 419858556 412090032 105570065 430064449 163564047 991873644 255920761 686280597 185182613 406110004 995906461 201824107 850208610 528840073 509525517 184243716 704910662 496533848 862633571 525800327 7288063 921425548 834421111 338574855 889908316 511712528 165377000 924051799 662666144 718016071 271093945 68071890 245373411 914446604 351401514 1139115 47630145 435626371 963820739 524742703 850500541 622446406 773938451 825231256 323833266 659902961 766404185 633399793 730656785 471550872 183859857 752233538 723663526
673938346 298527431 862880298 423431783 811289859 490021406 512351403 208687949 978636818 965257362 295267092 270536155 889584753 452968103 567994913 787079898 132051651 333626207 334615025 459007648 820570847 423175934 932153755 970779003 637869555 838356358 985716251 208452807 684106343 845610435 188210384 586869099 944231775 510440637 183525982 667895412 85941291 362807254 179494955 669681965 146510487 666954702 949208875 837682606 330599331 153565199 729262024 221833416 364652287 142523911 172763690 730766269 968942875 541389185 178800727 104607422 165512876 97565653 863955673 562433917
118062781 259809549 561241106 646081597 480608358 148951725 232808005 670938208 165122046 38857837 512175209 229277757 680053869 851154884 745073913 629635195 288033614 446658274 931428538 579164050 654905853 687154919 857955129 990691225 688502394 3012028 476804461 521073378 197654613 858077548 428270387 380843663 298745522 41482962 404446733 572210884 481493576 875092553 526708376 391394023 620294514 854384673 750949114 328934996 274826072 526539421 564853675 417029555 823410706 200127415 197086363 495276826 625215866 481535549 972653609 91354049 414683369 530375050 468639806 50645522
287118774 579225938 840696065 830070504 129065 767126817 113023635 196952036 188218346 361835703 551076287 620752009 618280675 135643460 6046446 241762176 364343670 868806473 862793451 574483714 810843125 678746699 938077473 84140729 438685016 626471482 206394010 968319865 109338823 183569568 270239403 148509672 214650752 49312918 45048144 114194185 861612450 22293222 827229800 525534216 899907785 276190456 818489911 209356222 851779791 159720496 848220419 875924435 394797082 280178012 805355611 765883502 252377481 66055064 858266601 74639562 109427649 565707131 981155785 663086552
345131028 194261306 126849837 71418021 606285513 281673532 256411011 578216945 964601195 440273810 408997755 682480829 332561871 670301645 364754122 979955856 997987928 600289366 513311393 917392088 6525693 101208896 201109551 903482328 265841390 553321525 574337484 773357753 879669558 696052653 867120238 470683446 605133389 657292820 747482782 544420091 233668986 82691409 715072274 612841276 169158913 98401929 609513922 710786136 111006634 592921939 366038082 200268555 630654552 525793061 674555680 423313609 366798131 382778160 842725705 116016810 276912024 729258977 838711954 600494379
726010418 60665012 839122580 529625911 190429938 801562544 886359981 739155094 139626647 513031108 125303259 601881002 144895831 717163848 273908659 557219157 668471543 596394503 55801700 906473315 310491703 665699178 571866466 260324884 980554763 693052317 119338843 762947109 330217952 736509591 169899063 566777655 706945349 60203926 883026117 334267384 595657472 125113443 670240634 977960248 892001316 513915150 231360610 647521917 364212943 419283246 495718438 623534596 343296982 803956648 213453276 388864409 327041130 422034459 107431864 412530540 679733164 61026824 803360111 762769106
451911991 236225365 833490264 857940981 367509506 639596195 631913380 745069222 972558608 560011819 504282805 825442041 380889437 843245769 414705182 240014413 997401712 273348259 393661561 897734430 905915450 976547246 855929098 767694668 716756858 989525337 679733662 481658866 519148384 813627172 50352411 698392023 517163199 437833763 507608866 229229881 260337831 790176983 103208037 560684171 583618943 245519312 750103171 440995562 580277092 516523999 55862850 150169438 832580254 123549186 28981593 587793028 191484065 951182464 919307146 789547629 93291274 170205082 805159779 870530997
91804599 30830049 776418833 692362676 442658005 253500176 69227237 969678278 125738266 953303889 703405403 14387821 457399601 410789244 430025658 369601580 290032560 928405011 619655322 666297531 305505014 302226923 470129485 717757545 363925816 819689650 649769626 486461127 561246149 872592295 282202009 767669088 836796456 122692877 426720701 843331294 302859080 726096374 951887099 997943473 215377334 332607767 704587926 660514438 583344621 518228958 499779462 121952212 296167320 915004667 98246885 514389022 691061986 499092640 409608803 372484883 975324225 484299156 670961137 897991647
756754049 931043466 335331125 571787956 562338075 503412302 580128040 542643922 498975347 988803911 718519676 759796933 197373026 529668502 485111204 730180703 985851189 296297856 150362124 61925919 380923491 343666487 177007587 16668843 704032510 503813830 115627220 845797290 192683290 796818802 472211650 769831827 282009966 796103477 818365985 844555045 191276933 389499229 865467936 942251890 414314323 10760374 556456370 488535613 218124182 30317439 16852814 836164788 578804053 550331113 395934546 157526004 506227726 625565211 622424143 167829079 129752853 8666882 623175156 836702037
427383268 820570713 226431823 968892646 746199165 178087737 449604772 745469289 78721750 571215915 684028655 520122293 845661208 455441100 232823406 337860827 924869663 331814213 186909211 761998677 943150601 184757085 163330612 862268590 841486247 90284359 827611322 816917683 286625271 592545055 127802736 786941307 159180787 878426228 751158992 317661436 358847348 642921857 758388452 666781681 911338737 964523516 335237307 873820648 121869736 552505846 179003130 211960874 431279157 452144450 847915844 118230723 344506042 159788031 741148598 82462788 309182594 410031196 703510542 828387728
634541499 297189996 445718135 569769467 218152718 62295017 877338331 737720973 882515707 224459159 340507402 111468469 500424641 164029910 554702835 142645589 733255294 632725066 431779537 737779446 381880657 308373353 692015059 570751312 509140581 856662217 860579349 145946251 881858280 461118697 298808552 112378002 914529279 116384219 857624915 202515103 319107929 801846690 321900801 409231091 581721788 453820476 568970062 59077019 515568017 691359049 87799637 32355062 792457787 170403394 666497826 309019648 150570771 168728297 31714500 814974241 400912166 58114239 872510924 72932696
513282618 355080735 712257118 73419955 74047111 978201712 729268009 115207852 982772195 406908593 949744791 832894923 330023938 755141082 176731189 520493013 602214603 712047974 969880275 252813070 832092456 320555379 275987056 99923334 975021184 940358787 460262256 853437902 730132647 509195310 310942700 996712220 487336216 641567030 383304431 394075384 267490170 132296308 698310947 231579989 670919949 81167089 521850299 946569080 928399763 845618744 741386848 593057651 276533920 829815347 327370699 916731460 158840635 621952904 777949363 263733276 685736654 46013710 265681139 456573305
321646378 410768316 511375657 625208946 34404819 567969456 950641450 770237483 851249202 397685329 115664396 574693499 473353992 21633082 763811798 140634405 110343893 203478769 899570147 982481833 279787570 965072289 172537256 448009279 262026176 323696571 701037475 65460895 581816869 531510071 697070186 279987437 844543563 173834888 68188509 551590948 212784962 906108063 532179741 903709420 714243953 172709547 104028382 205352401 951534069 533871473 432454332 233619283 199068739 219286363 678696168 60093463 440869065 473398685 622729875 274501573 986437844 230493404 904716718 416084530
160966454 374093779 373500944 820299636 323119425 231627568 884643182 933731710 67572302 434237953 814033583 717744177 959483782 160819653 606252859 960455154 111861953 551121299 853848673 125362042 499670653 537561600 367857972 604535344 986467185 995750945 295720337 657723395 404962096 34973035 451390740 220099643 663637205 62382498 135332459 454776302 19597546 985870655 884826150 254163776 66828065 185151123 830446933 48639427 169813613 55159645 127422385 310214524 555116085 109507500 142101502 264753865 956774913 857697296 275592854 61940674 83288994 874669011 430670621 458256032
96289826 792627159 246865242 382916907 307247391 257511631 987920478 90339764 701468254 736492775 482667650 954618134 716818021 867202919 519702980 114372114 804133359 512594748 940153988 106570406 475863700 322503296 856762292 782002140 463673969 6943622 489011158 37790021 603271595 593555622 1793198 538197250 377116468 499616142 82820380 394403647 494099792 460277312 209489440 42352733 62699100 525497968 249049839 616968327 410206501 592696761 853815461 424752088 550744098 602140238 845584116 681395206 989425692 53356304 888962899 479439325 505823773 124727297 270185983 125241423
988804643 953731249 197657626 42443484 771165914 318471928 493162224 35708662 483764507 721120692 615999181 925427587 977712165 825677665 360554394 128052587 766399747 767958994 727450062 288608980 350059890 14006348 576917897 598533937 110175914 113784490 395740472 855551750 310885043 284970616 137725716 60103940 328798567 370493888 691576408 481304940 354146728 605251431 817771805 264406439 735248710 606056782 61543857 692823039 312067772 209956200 361917065 63255961 835591680 167914299 652464868 473947058 13534322 268192216 681376191 10915118 526654194 253184109 5260088 765378409
663281437 828263324 285109651 40361439 829854988 98707847 756641145 176909523 25436891 484980585 664263060 308129816 395915548 160237464 726718355 885822132 860041666 108654810 183494737 561214553 345709275 41488621 785170676 645615838 773120040 746189341 408701624 105490718 97628427 655980976 884397405 745725439 812271782 767573553 272904151 286483923 753724583 78733212 284971638 518880081 493650530 336998169 470572495 755292198 448777917 132064542 551134845 308504939 413733989 806608963 401600839 223920202 114643217 536307574 937624039 980516197 965108976 857349703 371222430 377597497
523714933 484508773 760216273 18070356 429223030 35438449 555574329 342914463 388587973 20747337 525146699 242607160 587814222 386999369 446481238 306383229 381969362 941686918 274734325 412968133 730902927 164306954 634191011 877171505 815474976 954053458 205080628 381986228 886835435 942791623 562890518 860689809 345331547 515471412 642880622 48347708 129837727 712559675 891905014 289776168 777699339 17923721 873954582 469363467 528592287 684164647 810520859 342497473 298997481 932594373 845005322 932290604 937848534 544943759 287358467 959359013 135628665 527141935 798031654 364744093
556049856 458941119 382422466 956592870 783417051 1302262 551743811 562408239 165387579 297101082 703053966 26258109 773358099 304927940 583242341 739710475 464707509 45306283 838948429 237621688 455013351 113529200 361504533 86524727 604880347 259207653 729676477 688006242 884424673 77501920 145028324 444935961 217772453 732339613 545378739 893321691 977193141 134473765 544896974 544458520 605230185 143914131 314962060 362574085 765315528 763911584 302462506 518727030 308534114 85880283 750936027 152817954 639998382 81448077 55487256 513075847 358511346 152485271 769410996 243048987
19471426 212537321 901699822 357710888 788209676 33407660 156637255 345001283 707970622 343990888 779190996 572142667 408517387 404166564 205552363 351810349 190125355 63227131 484493793 116756032 864627002 846064860 355820540 95358801 779780239 309892318 236671979 569119126 499672137 408302804 560877898 381929481 344929616 512166045 663677632 524360204 314659500 811776161 193229593 708447172 322988901 727500633 178364373 86909246 423148750 964078846 783470737 704008319 608500965 120666008 246908868 791785513 576998547 526649147 55942952 231267383 12832724 201924064 672297222 298031538
952430001 978232324 208778920 426937628 871098352 640013697 570896623 400716321 260898958 962064831 581598412 181261838 375910093 6806778 20946635 98009372 417011556 268816772 993527930 704249432 254010045 891766195 325908430 791375084 419061855 673865033 156414704 156941381 666131279 368665435 57370995 389157069 292393351 668030069 533248144 615999863 440865548 239872141 472147775 534612902 833580798 767938276 579953060 381449809 720614966 153693042 341541372 566084018 494896960 360384770 7632546 355447488 827464577 150749640 540804559 787748446 723116963 512950336 101581851 937264353
952270770 13668828 450747594 589424931 919062158 414182040 135451519 768926452 23358923 482134240 481542545 728280925 142719209 812706802 906636709 698254830 925795495 783224703 670003924 223065763 321320765 31596993 880128239 308040390 717593536 732867245 17938428 261718518 934969080 685646405 598263064 770684991 548396413 567957860 478547961 572539544 107111496 12792763 167796566 987632180 408665725 285807064 551224507 289723947 840651540 44842181 817544815 186913045 688330994 333719575 817166494 186819727 649284297 189130756 102115307 473800703 265531876 253010872 50280819 959828509
979555640 162233042 708638077 657521831 839039413 445912154 365222584 262961145 113111831 355087104 928236550 177088840 455498347 700087791 396901769 349207345 349250740 564230270 61895059 999488994 923327337 850110541 173256628 577364141 895224451 873759323 740871395 653102605 492059385 300983413 308780007 919797200 656455058 13109406 92867058 203981512 209858999 859289529 273092124 426541462 306627729 811197223 185912950 157657413 395324717 614132759 777457965 266036795 443645021 774760024 27150488 158371568 904243601 892699816 948120357 850890109 150472716 602789277 278770271 413651337
23159735 150029146 35566670 99838970 613273552 179475145 347171779 879668885 628653211 757766309 834060009 337884154 457735909 548821715 342166855 728157941 11384191 56968040 558472071 780198114 5793710 179020136 844438695 549480975 138728501 354033371 155284672 578977549 37659207 558573927 654287749 793496433 715890525 328589542 251416404 92235643 542821817 565131222 578413754 231997521 335331355 99304794 301779483 173987710 419140104 447184912 87752145 70516334 540152016 628312068 192324801 237988462 453103373 391420204 880293129 426755637 677834014 93380474 766902034 412197250
483191204 17589409 457114377 118161952 581375552 948705008 522459707 698871393 117166738 349693750 667452545 431295379 781620730 600679707 69557575 576596786 201577168 580645013 651908646 178792129 891459030 2565445 168566381 690935551 148709514 869941043 705689769 133296805 701905059 296030838 325731466 42412759 642398022 746622759 403011784 450956903 335202384 920907962 359755748 757009889 885741791 163186416 561209446 971554544 84846848 461701440 142606408 297858982 736213031 981032777 385564689 444839180 876253420 642140577 477469853 683167113 639454004 546768791 584084018 11494197
598105126 235222935 278979387 507135776 456063896 119318523 340764342 178633229 954690980 840794438 955511387 434890514 735817842 969192383 413380074 304224434 231335149 618293787 639222503 30319620 6161481 701850496 219360543 687888889 848765134 629560759 462076282 125043008 846954306 175981392 89535737 873982739 534551257 197477027 346510652 728310452 803793666 805184692 300102214 933223565 679208763 490428171 426271229 752343397 766418676 23000507 904634704 775259192 218800007 167989227 306554485 902402435 352272037 618140957 553363731 799323836 429011911 778829275 693494899 663045350
16890719 953700135 881242584 651494652 991032464 6481132 273491364 654000319 443993773 686525995 680589539 17144345 942759591 271498806 485997462 924712226 809852578 62514952 315035885 99059203 196482016 642411045 425227198 293932236 212569603 641842843 475254256 158483935 443296466 683941731 288901649 226768456 23474657 257289664 446451456 355240291 524396656 963728618 847400199 937045623 140867368 827778137 937455692 813762422 576097504 643762032 638969996 112512847 458515527 258845610 335984853 531033973 768817165 823553222 571750338 531306538 943695265 155332445 448407687 179684991
629107655 858201711 569805487 501468225 867912039 461492781 199613944 954249195 807359961 201172984 837711476 703121949 988749789 693679071 600778618 535100110 291920185 222605847 683282108 194771527 864170356 315569136 946651409 588052196 135714020 309559823 663425971 17825890 454644658 878440999 556686465 440164945 646915109 778057366 613288179 593640421 644498853 372719575 73439439 839767147 646503095 487118249 587009608 351858964 884905576 333585743 97663535 841224441 649326460 848175221 550294232 19915513 473325070 766254971 339280268 787794795 666573636 544518591 459835582 181743701
502355210 67612654 291077679 880656282 727604548 366335112 895905610 404003769 112399417 476246755 2659960 999498929 976266561 748425988 514567643 985351136 638766869 508580694 954951180 420649999 930389827 332202352 765434586 328055590 867369679 624214488 239095361 316384124 832403338 26839731 727847132 33745661 539325531 898545344 313352299 5290552 396047228 337138056 477616809 646387125 961317020 902761654 883173231 33997657 591416456 298472727 161243598 101684400 206346751 772603829 813294230 276098218 229242570 805610820 759476933 568362152 718773779 587678863 5877536 293021307
257296807 450946580 318618489 35450796 603457947 24195104 246435306 15725290 320590677 615439793 360497086 241866024 660346068 350283287 684109704 235658740 822196892 753813496 197782290 84836039 124687579 37943068 400863752 678694658 964391054 456705925 307481050 330427957 290218419 644649008 835906648 153278235 395267900 370776560 645833991 895608285 473413353 496054658 24048891 83197148 899180474 787331931 728272849 352599435 153134150 969064606 418909917 594894732 212451646 725337643 451887787 117173886 359671977 870179691 124296654 510647410 371575210 268751853 431993567 489649034
793619660 44338569 600410401 227013928 379424245 806509473 490305687 201836720 365229128 948373728 931582548 129564635 635510835 831871480 496858655 983817335 890643342 72628911 736029023 289260225 354254390 853361453 812004451 410718943 272677065 979454861 183619750 495216317 767468815 886681904 653062150 78234210 835060228 725712884 134489797 874659281 480536584 437570031 905252121 291603046 581569032 973370345 149059907 716632034 96600614 19041835 489417990 482881731 740950226 993600280 662929378 478241132 490021686 169390375 979948654 862756888 384585802 923241862 135238995 938035525
266171224 625460744 438512597 805426312 871953328 508384738 380047870 870821412 567286166 761212512 898094492 323898132 257049270 392608128 640370556 336206817 210793981 843676994 553779423 395344376 890883352 871969926 385185762 881846219 980100985 936034740 618578924 488697023 747394039 632207388 148199676 722818689 303310476 934706814 347518265 353878679 997996378 610921859 101850750 413403511 146318239 468581236 18301144 899043450 438186634 776351404 132827608 918873984 325930118 789681189 455774990 677801334 923130855 749125310 586218714 868966950 639836896 15896994 217816653 220877136
352106039 605838095 219630453 668398184 93337183 181335559 327957813 691448889 348843914 162493777 975834386 595751073 611512862 397881055 490117848 637245015 450379594 247202347 163886563 669572416 888052953 149458066 122365903 932536217 877849157 43809417 584552201 730912456 155833979 643852008 432458855 982873019 30708019 453036113 674199333 611039487 958811382 13715733 675918879 161022228 946759135 133898378 789922380 511884753 361139392 164063495 276729421 516766186 400817965 199634199 421923747 47074185 128105112 367728071 83975247 353206786 32148578 884180052 313413995 898208224
655112775 24928886 322390599 278453071 252544351 668370507 363921323 543951917 299160032 663040048 754064381 612373408 381778537 340591773 698886974 61015847 290571280 738871109 439237065 810959349 305945985 672866977 321153187 591011706 173711636 428786385 452063698 291396058 924536699 451199357 625580221 432233472 137528347 344778837 525635587 181244191 972926373 130858281 91423210 557695692 122690386 10060059 505739103 358650763 2744243 856252163 489007927 72340442 562176357 788206674 211932413 266403686 82618589 177415982 363621822 749197497 964288507 41812382 429569172 29158943
14356054 312456811 234789066 738634882 281036077 50516490 20248442 941836136 441944247 608857607 870517997 573236189 156777269 687451610 785646510 554768126 259427070 782996544 286052389 873920987 348589781 944607956 299466034 519054878 382025356 609648549 491503826 827443358 591429580 154949266 609714702 889891255 687978364 60250589 598259126 170337535 420349061 499808399 452117442 411380382 267690695 55729530 45243285 785132128 679505550 851186067 219497859 531502694 954646208 610221842 555391074 947024994 70146671 608393705 832930177 366628923 132729555 723655937 414347988 879582546
960110630 4159719 572722061 639964116 191611377 934188817 493999725 453768195 697664758 912114718 577283343 561011352 748681075 212241600 774693898 243400641 819061429 386311273 67569650 659016864 335911559 20131061 473820089 222925742 279197637 819579978 494816191 758924901 960450520 137056891 794565100 672762599 968635373 505800443 807676322 565731891 575701101 753953244 164123093 100611454 127398603 87559114 128977169 175766269 719068034 466408273 227186620 24300740 31819937 628716474 600671846 527468260 953461818 558758880 210548770 391636896 192604065 150085440 396198998 427164360
209267596 947764473 955055721 77268382 664570228 788705587 120021508 649631869 293361265 864568144 431286986 452765310 437794750 961344838 843331828 56397543 941954794 472774771 11682577 761716904 239669513 939620394 924876596 647529492 965103848 819920530 753205269 875382905 233796475 173554663 796328685 136658961 564162566 764280830 207437555 383019122 575206943 326285507 718543584 3256255 954037030 858754278 746310838 676801976 318497583 658202172 544998554 675603243 640445627 284369955 375112027 226950361 200123978 344100879 697273985 235879824 543111625 51302910 955749183 698786808
280935138 861364001 998573358 672869226 963790075 606520367 216749420 800876114 975909148 101275177 664828607 933542597 255259270 169025607 542741089 171865241 927939520 813402369 100151565 967518956 821346769 471066252 649430976 662551318 265026591 464506405 195172872 998358471 48241553 368693444 493700862 980441049 934969079 524603852 750689970 849224053 425671217 186656293 124559933 566455805 291325047 365120059 396202919 695770181 951713147 249812338 316402094 132773048 385984454 290437032 634210134 336722713 460803883 589746641 348342917 465474384 60015671 893023910 288165127 701897530
224008129 175502864 421855266 862256219 812819249 24588645 573932898 665962072 430040023 986849324 419155200 878671489 4117932 394029736 793857944 465336325 336641586 464714506 233929034 730554806 665266810 739953417 423180932 774423123 732606146 412747194 555786408 343595790 576433770 817440360 392087288 474928291 584032713 308129310 874699744 320873930 364947839 670552275 776634588 22929851 580875871 760354004 151380121 191282693 737112275 566313129 614989871 20457686 96750342 577348203 996553619 613639242 874081927 857303607 717928402 380733256 383028895 275687419 95900903 93399818
