60 50 100000000
993297697 452788479 113590575 943572992 958727580 897052081 721236940 651316930 1260915 83115553 83887627 292577444 363793382 386357704 197667690 226040102 805611379 494123258 98224217 156440834 100422623 938752841 751313178 929048430 81284816 950566168 89265095 368877874 79405588 931111517 112248133 354049835 426131567 718990535 268088668 265576701 731461004 243120327 237358535 707013723 291025713 478851735 717261825 461682034 358747210 832015824 852564215 882515089 684855036 301668771
437958266 46251553 681880201 631631151 612279782 925096342 364845486 397158463 361775527 741916379 815346688 987951803 201773785 778217239 881640253 901327628 473517338 487007401 161474630 693426438 14744316 528596244 555470149 680709551 274412411 633609568 459769288 964902147 100481319 30814015 818705040 140909044 94733501 569454720 442335322 645332247 532504473 764057289 24524696 462322412 717423683 935198644 104329709 378543180 153215594 910095439 209279733 65189908 739171101 109340239
841775743 522733456 465327141 667629507 156078267 728639051 201016496 741208166 576872703 46727813 688047376 683902187 935163912 931921410 930381966 170002560 146207162 324262230 981025790 115723515 222199960 366213316 288535548 446132266 951856680 714591873 34362821 668890326 650015040 493072052 961806952 25052806 628761703 798924793 812294748 653918856 814734722 18143153 283610849 590422896 536288182 450514113 293356883 399222142 391205483 339792586 181007823 190182084 591617702 498563285
234202175 559415289 306175991 674435831 159280609 656265136 543101716 106712999 222341549 607844943 357831307 240048154 820407221 447175064 505214162 563757392 267750594 141530640 116755726 735517499 459147907 905717611 73252655 460885716 991729682 749615377 852082942 301347640 134358705 440601822 752585069 445541356 583254529 53506635 356911914 769950871 360470425 137980907 23163224 180904181 422646767 408843858 741991798 123343867 642113293 329691345 980482365 957677156 738804450 484318199
3489434 140854999 937632032 162498097 86804993 91343743 795386361 565901906 674992882 936193899 929931699 148556880 554496772 116995692 327475161 578959787 634857213 524691077 869661352 493244554 935602493 71779958 234242139 15479926 633759355 35931265 16675658 888336956 820742507 558431485 958708028 329050251 252530991 149741605 455285022 587924450 210341231 201332723 272488880 126965422 9920793 155748429 107860471 349714931 659434544 883268636 996782898 496231709 924610520 130464791
352456465 608576861 61218969 533666198 471936983 533989719 390732569 726615868 812228114 46101171 743428368 632575590 672070930 224130442 112447765 843828725 200466180 195273770 452168308 454008542 102578336 314244487 904249934 843199001 987184841 413163903 647216885 664770308 860693360 524961072 678331874 782271531 289917699 440071338 594673846 538314907 141022812 246481085 177720306 991147309 477321623 477989609 293100602 31914419 322603186 180174369 915277779 717122289 95564860 193491446
935539517 383564923 595194824 577827853 362722328 393831357 956133314 141729209 126789117 280802928 95535888 45192139 184085848 581959122 867470772 679284293 819570034 849766885 618936905 633801875 435655762 941566172 364560923 144911690 842916123 781116863 6484212 316792767 749250080 615772537 551375865 343568791 34361201 917966049 451642185 819278108 558422843 242481171 545288308 756091247 261278295 264471827 359302448 447249217 620169158 423596290 939588103 410806341 908535499 682993487
238708671 282693541 243008220 750366665 183733752 829148227 987908070 879412058 721618136 304237608 201079789 62279666 725804185 989775229 944754235 536015772 824586631 478973631 168175285 980323871 964147990 17479388 474165051 429455195 356323089 712802440 959594537 836174696 12224085 757522724 249822082 425555701 178642591 435226814 63444666 450268641 261201933 434068493 847453584 703839236 418750102 376869090 856915547 464238040 333665241 432335990 758991150 804973869 603156577 105779024
569428238 89038925 458375385 408470312 797939546 170564872 46506180 181711154 215745070 399205176 429357592 928787061 203791539 146070585 994180075 573006171 338553372 407639544 390886619 799053374 60786524 829387912 792481747 410869227 282327693 828096898 994715258 619226791 655325484 346488270 873759955 810359744 356892945 266292648 599436521 146990318 99589527 853079627 713277726 701099073 888006273 101881833 222058333 965868259 29855970 639908046 681111510 426645782 215529558 41013558
819491502 816496184 50184533 558414294 76195745 229023721 818040593 565429799 519953261 651993946 150847319 3696030 220565890 785300147 213575374 636263251 351941820 825045167 562340887 963325141 68651535 572296595 11542121 726556253 186649121 723078849 437691672 209342190 994089044 537008679 840634966 858886165 791998685 119706955 338559469 423703638 129386615 503757521 639150256 9782106 236139630 535857551 351814185 177743648 537220771 821822813 581000175 869740054 371445050 514255646
98049288 533505636 926085425 30163782 651403396 949731729 629065135 527013709 536867537 449454846 983060445 440773251 59052208 754118628 286852647 904083051 964975884 404006144 789843371 846049236 586690010 214431256 678610104 615072680 351241244 165266327 127829189 825644961 947467550 750698051 526916343 554521239 574621448 200034026 407970581 624247968 425710344 451529239 316479152 412902454 641386107 376131754 794855613 150072356 555843473 728572685 89597053 842996465 410889281 527709084
239523491 663719206 243364657 630744205 299187475 42763273 810704234 978420035 358036447 132806788 981412331 640907514 898326886 611337741 925412290 976600118 712888799 860321437 234240625 453033036 93880532 940025344 624893789 408762767 186699365 958245586 790775686 798025072 707593161 418738795 756003072 80808923 993926001 791934973 175755760 566940395 246989922 184505068 579969748 311025865 969296115 616977911 769183189 184085170 287375755 441263149 615230998 422747166 877543764 744404771
666227012 549445812 417706341 256801341 268265931 776782552 383094212 480845906 664623575 320091299 661768758 688013062 218272844 641204755 76030116 96613771 62506740 900808654 194299757 784174553 910553328 122948969 939056602 628230454 124998757 700325654 341099659 930908830 108789942 301930147 350501430 216596392 793396341 2768712 143811235 512922150 342025456 178786921 809210298 235943245 62623022 87633817 45940249 230231499 852222393 86617435 459377540 111825323 31823947 772046600
109637154 657341494 485964870 953881370 545237810 471012285 162131933 112513380 312319761 947079785 223630558 162330467 19731239 147025673 452917819 275435247 934856279 16882192 317052343 473664392 49709037 181719778 800615297 916901474 45498441 780445683 920323040 72246042 90133509 680247379 359734030 412699526 880006051 266919382 994434043 236383342 163928512 370610934 782084723 148200877 761221302 489108408 48260564 168013161 292920958 755110927 674150085 853797837 361081813 552229721
670091002 813568386 453944141 954435426 160532436 71248337 80759225 44096335 696080974 547543241 912376905 997260781 100165243 653627286 540906300 169326374 676235070 799129041 620427506 311849807 962064884 218960767 972533393 529734702 628995790 184612238 229506198 680213135 91091825 424285943 848989357 358861554 95752124 530775067 632233596 949099899 110677315 39882141 807747149 299695868 511306016 495177679 969106391 70486671 776478166 739616446 348099100 469562827 571541269 749100647
622350271 149616841 615869787 508350979 307011281 368775188 725767922 121851866 274143098 803847374 192625426 322391635 514017503 538989693 608807688 15926269 743933967 534405222 915303007 327421133 604641628 847999019 108890524 750626157 970948092 914383886 540043930 495342321 11472221 325273410 318931383 542303875 341619305 592572854 216635446 767966723 853102501 986431465 82612164 112898093 433818540 162753749 301019851 337538134 248482283 726179469 267047520 568656459 451382342 399191520
153213818 290714496 652391980 881566875 656664585 607166082 627548678 489405602 372248996 533690563 572291064 383850112 922539834 877420912 666586692 161428996 162141553 625071494 504317802 672982761 757866253 140163089 182508543 383731548 604976341 607202258 98462264 816265882 35115007 118923261 804276282 374588874 634813669 717254907 413266134 563427808 867116827 618582558 476465328 891584936 237366964 990366583 839966135 516307189 54421520 242226372 971373070 315492384 491387772 937866573
16745754 924802007 144278505 68827790 95386403 696328319 236373268 111473418 869887877 979924499 166053859 190224400 709709942 116554187 485418357 408525924 251651063 607968945 741773989 720416481 638045778 928410527 409899029 292540882 668692759 1881711 707992327 373770291 938498569 997092422 654415937 711290142 564729896 104115951 216299115 721294158 881502030 382183580 34985546 379552190 400654789 12018469 206895102 908070080 578073169 458179072 350047850 719898997 304304475 67777259
346375726 247023331 864975599 917347503 909938387 450635148 315531939 108336699 352205562 310857830 211438875 270788037 142359066 131209027 357583980 556534943 601538411 841283885 967286126 55366632 698063811 748291125 3269609 73723743 465364532 471906140 315575055 226008644 943798852 223093297 901406451 52836132 429454422 853791253 861875969 742190094 773319877 627668231 433476200 233662712 31441394 128586525 138311258 608903066 18030124 97117996 987935963 459268169 784672112 789191061
961203347 773606699 565193387 348465652 962148553 887777001 195656494 992904542 98089813 306754569 179521011 569574405 948537510 375255203 451030187 293927424 920239031 357836553 536623480 522341914 342489753 430489692 100533028 626208374 18462627 336889225 40949311 909314540 643837813 738226796 214807652 471496147 16624207 949625279 495135145 426624312 363305572 181357095 821088868 136673841 273973342 35847639 376201038 237614973 728211899 158165208 624045791 972804358 224394377 324146534
288640299 319055575 156387400 587611539 64369615 807898481 812078653 451652143 291776710 195045512 994185894 920511124 57294509 112462078 555609608 484312149 343086813 289218284 803620503 326456170 554384462 91695393 313659660 441636759 426551043 725286635 855076142 628002315 22963751 356478264 525784230 736637666 982985249 937634815 484073412 869428447 662922064 595342014 530153912 649460211 242253173 333481410 68848556 281768593 862454286 283032264 293613860 340056803 6583145 889602522
819559881 287466778 861246408 135756282 550075988 622628068 716624042 987511535 940954389 952390822 309587587 218377595 786216010 266114997 389069074 816023941 990220963 694923353 418396421 289537234 621246801 497062576 241888509 157930007 985008627 37811050 142611657 280686679 953969925 937476559 43417500 395934632 176432289 880076486 139973914 801521169 226052244 774483197 910035343 33516771 568970746 207064434 724549264 651381912 881433210 505882080 964354117 949516914 870291129 134249061
670205403 197179459 221480665 682942413 231442683 990291564 262598886 621789869 125373025 723368857 215547649 589145592 183168004 869016961 830246754 135824924 870445369 832132235 658621192 364168832 95826581 131797687 444784759 218687095 705706815 996950034 404533079 109252462 795117309 577050116 800387167 155691053 926343104 500530847 925760336 796088588 451153832 90828580 264724345 485971529 809533216 638855891 636549331 673944393 68151964 82919434 424880348 427883304 26675613 389697041
551842582 731096997 602862528 578918165 210727784 117667182 516406164 791790191 586126906 537081244 504539255 171077810 707379136 662566541 55572086 442005177 439946282 313242311 709135 963671746 498740986 543844482 814718797 408079752 617558754 630615699 8485747 898023033 630507939 220992157 784854187 867653255 532196505 162748265 52123098 807695051 986835258 938975556 523125455 674993392 64644534 845921308 625395382 358923212 962272569 424768946 465559386 14033935 241429959 254935585
949714314 744223437 149898284 421042813 564716757 504868081 648740255 759062296 292344222 545438039 581794774 242577618 453331716 363893808 300965690 233810225 611959849 859756334 555872291 239868774 233491755 667254829 106227759 67425363 662046748 41033049 678641988 380500585 191455189 118732387 952005316 360631922 127326601 330931056 320162029 174991445 897689644 400319099 306847836 178578506 456565570 170445619 68528163 120577045 369349835 885828721 511456046 333074826 226110614 385573169
590077836 627839969 496398185 709379291 468608586 660416926 324181045 564329297 743864486 60889866 265040554 313023002 950000108 873420292 886739074 283648462 100356528 705361 148972423 990743316 864930478 696730357 884469453 335638099 945560247 492079297 743616287 789669744 135153699 993770283 583227002 154591641 50580332 864700962 824136472 751947632 663499618 167712592 204234088 246543363 208849345 64700396 841622067 706178306 715751392 342704465 580408278 323750170 818213404 335004827
369386488 481236608 236235645 468495260 45389406 19634328 120999990 257057345 779484477 732785515 239304462 927713418 32415868 847013576 595543451 214002849 168443109 509733172 412913776 554698324 247717327 924908232 985902750 43492653 848844758 159727184 380577135 278322005 201243267 191754112 677668825 764418004 27183103 226680737 140532237 464745862 401222955 137528645 851477626 956440880 139031391 859536497 382438202 538839283 514510421 799121238 114499294 439087107 207179964 664956079
354287 491192646 635591765 707935585 118930518 520053416 941918455 660551453 665329774 350981476 658696961 43238945 389480217 68811080 47482855 21265275 756307805 890116756 398574357 144991556 32040558 346181784 549687002 202828643 127515443 142662880 675988363 153726075 783092586 55525140 268170241 982278171 406005404 722317339 538614411 633215118 128144633 526588064 556878077 684487501 771472784 169892440 458323658 451303816 333085037 113009722 505703823 479255285 902833343 883246976
57025039 157726248 728525489 142083921 384752225 50413439 341884030 114389492 541937617 639647920 659054163 994182426 146066694 380182541 114073950 91192154 399287410 422878802 37175150 781999307 359746971 291166626 505297840 363487712 298339838 812474974 90431489 800987556 145131829 375917214 871061316 750275745 454163629 621908815 817966875 510830996 148053951 735163883 924666290 735216191 502591294 293586085 243382081 676255241 373084541 225453924 486867915 227407791 133561661 168835914
348708895 401533841 435487198 74987111 34690692 877883279 648454576 708572672 981671527 50624540 983151969 61677114 508340500 368987570 140034063 499373545 598379213 396018336 892269300 643009139 808490019 63445343 61386180 497784841 744314898 151272922 354024932 615898669 802114412 689124459 703506325 305878368 140928110 699174601 973595406 321649030 44042446 124060798 430860855 998786775 284336564 270055431 6231499 790688374 832866102 295497777 80995310 187023971 154618839 884459535
404056753 200664178 287409835 382198605 689031811 932767647 773239758 974104081 565608732 445654786 558902599 610211347 792885836 644857948 719853246 72131395 862173507 819271633 240990969 536591101 365362811 705642484 162981073 945259040 388597262 170939696 597222945 667395975 310516444 413715274 990973831 248492736 119540248 496111326 898233437 996124297 895373158 47062650 95810075 768470846 437534507 575567931 345867371 389033108 312068693 862122205 790715681 551742147 897928093 124871194
612740518 556561340 330567162 506678318 899519195 55964441 959764785 411902542 989177518 653972026 901962475 833557618 626653736 183942104 359152741 942174712 203979406 223858630 948285360 544923421 169310042 526168584 446628230 80194994 853857359 718173579 117522110 71476908 893823516 729481218 235834304 451506545 299919361 329973272 348544898 559085418 730364529 102835556 483201340 142527225 345125733 481329577 526988705 100537252 966847792 533256318 409501159 351962934 357828725 453799265
632587722 663105072 194343785 278015657 603408166 19590610 509667445 14274098 490298972 136394597 962754799 192076380 44935563 684276991 23757021 859635271 404240063 252215335 208258995 70375282 52426960 565399154 997044845 76139373 165921497 496708929 381905030 457626818 551908799 585789801 599363183 130204846 72817308 617498393 845980397 94243837 827645264 236302376 975662472 440335845 250599642 780437764 670042407 285385389 388551480 54418949 426484423 723240665 520188563 555393004
845206540 412877744 105726937 714452354 123871377 916522730 483390554 303567378 927208649 611114146 517031895 778626412 456391201 569138219 641183612 900872638 577726724 241712445 888687232 305900236 904593615 993987268 498784046 434615923 362284340 868603473 476961033 236347538 473926856 485187622 704207314 685730894 510612687 126239301 513003305 772638845 637824039 592627623 326656785 532583284 442893358 17443651 151630122 393102219 612261090 985012892 789117670 851855656 709009189 757986306
893255651 855691587 589286417 482659462 802002842 457684269 169179029 233046553 153371616 464312372 476893699 158364766 878316044 788213490 52036281 575217951 848838376 666399248 122825671 736469306 456873845 9080422 43376229 131946966 393987502 382016667 941748158 94395562 107201104 391790803 859173151 760707874 676574259 15011304 706126873 318695982 858849484 566417457 751379178 959330628 794945564 559619114 862930169 751916224 704003736 658792734 484532354 753198500 937519466 321978149
70576085 128100984 545614527 136299454 518427062 904549934 940692808 31575257 512416098 687823352 445743521 671078181 551999228 210398337 857575439 15249447 139246135 212338991 983039057 472800199 300778279 393203293 351031473 304908040 997037401 797448811 728600128 963834848 270276702 559359444 489072433 781469176 90749262 818441709 890320482 891626013 612818117 74220262 912922737 740512279 920211923 695156632 557117363 465880269 45112854 994570042 197340672 116782737 628534906 743684329
113057209 491444430 220460658 994019746 423461447 57685881 656315558 604302962 553154203 613621039 999030727 586860589 205559328 597273283 640283592 982809508 152465263 735778775 948221313 429317142 984014883 200221519 702561120 448135147 671067968 341339714 940062969 438170120 291894276 944674135 833148289 480850739 499400273 532399169 97929932 129022136 842998581 275086408 147696815 909610710 992043990 670404749 63122813 673648565 703667507 312034595 696963275 463101722 698910072 316388782
682976945 391714585 406360339 214703534 367100130 267194541 839709236 312679899 388812272 918118412 309615378 797250254 272911863 496396190 528226958 39106316 701476086 704088356 129126918 788113497 266944662 816537204 887242884 399773566 436983658 998613982 904122619 880294742 820113238 614508602 637631668 495581684 934055741 576450136 690568009 757868017 830527329 265569218 957461248 486351827 131751421 245243644 839816435 70277604 523460586 833022753 466477275 260230663 764931604 247897560
642598085 106109470 465067492 857133291 641997962 389138342 33810491 15729729 922196160 897916612 700869345 965584036 176664539 754113647 554462543 233476132 109848924 366373848 935307558 565680417 97045077 866173539 715419912 868409139 106299091 782540449 552322967 206278612 118211256 366207352 70492553 377363521 657382212 257398030 721939402 23666861 838563129 189532669 865380963 886551598 466122026 227836932 440194039 401290213 915466195 301721482 770663847 726216784 979594075 163193207
406457509 781355014 424673918 349298535 147589479 112054430 561331129 25604044 968696603 609843821 32935364 35654013 83424121 961324192 561959635 914768295 972420445 792124392 43091953 376997895 579574665 658899066 729106336 866450257 739202817 316316450 885239145 697967961 490002500 53281926 223358695 996472448 658014063 389848822 26575042 801963593 719237861 234338931 600623070 738814985 265642428 394050659 548473676 213933356 604688205 537222615 979139120 268922545 280571129 276493369
587576115 571275771 43835679 768865200 73415746 130896687 254332480 985203833 575878406 471150224 450783991 822834097 781525260 678618125 525303512 887237926 499532969 203988973 886701735 971974603 110669974 673640037 240056118 260015235 928436602 331485573 682770799 294315314 712279337 946909106 459247065 152630069 398957686 965098937 247777246 626185331 885210563 48850797 894199984 387215193 337888322 919211527 384844980 649067060 685194041 12650068 54613061 317575444 579747700 729616024
782004552 251596623 617283381 941708880 273579821 339094485 962870309 769549130 532027376 601729519 472744751 485645280 366159574 541429884 648415803 495447253 412634406 752138971 874034987 268500505 194048249 76226680 885058374 540701378 32624862 192888405 662607265 657322236 707641023 27943443 538860682 757174495 53766198 306333126 947686802 958086779 854442718 56902737 999055876 877416478 968327003 767962899 271417483 241115695 644604641 551277740 272980181 617654895 632045299 591913535
747527352 758733450 847754043 381268490 828860317 221401412 347291354 131056296 685252759 930198888 970133906 500203217 588327776 372513274 116505783 414742816 399229956 872900477 891451223 371702579 989763421 925505052 197808925 664019322 558091107 831912732 594549750 433975029 734476713 367742629 40218736 243827905 98494327 718260229 385814644 388381604 248433945 46554150 919503383 187901897 347855556 767323465 660085460 600128624 648464357 765274087 731891554 872680417 69175738 947556138
693818678 270024219 25445438 916797472 998042967 514778556 838964612 706202829 321072498 855458642 837083088 480876395 631831072 48318017 129529691 239029207 235178813 105002144 359558400 475026670 922236346 441989736 441523793 256671924 915046685 873229818 230995723 546205391 518071872 456736494 373233465 491278048 510846521 721463568 471574755 589664288 90333975 601785853 649148435 151552760 244580782 402829157 925087812 364593501 560197170 465449606 126169334 437190938 730983998 206994554
476506206 57654752 110063706 278969827 41765455 263140409 678918130 502702873 307556750 958356038 350313283 293245971 807285341 33479278 504726955 416682341 262718214 708790546 196081614 391155280 52820872 302988493 168698912 54594699 954101780 646004492 312840789 160580504 697560905 960103659 174931963 376892851 880199130 302325369 677048514 213448683 774834696 328226278 227201508 28244723 977945175 82205689 527306489 980326485 235209892 47851483 737394996 289772585 366593597 573813795
861657616 843483866 436399060 701270257 246691943 18594840 917449896 668549498 932593784 140138200 21754592 900915434 585518792 521019893 75788040 917937165 946938002 84722479 586057214 563541176 445773374 773596897 417557307 835168455 355637750 63967333 856281977 130460733 822789026 711222669 619268668 587688538 269121855 931825940 341637038 625601821 72625664 869174245 345386711 477147735 431622299 446239816 771004390 781838032 410177276 325734680 366419852 330186921 840834978 230538977
985816620 209938889 147129635 465698064 201049878 120198825 943152146 469151730 952537995 569612 750566989 360952319 456485887 651783772 599993694 769468941 327889621 884754807 524489852 157728072 696723403 669823516 689222728 728459852 803172519 264602407 286428857 169602416 141004073 950947982 607816139 480194649 477797535 226288138 520793241 954766955 816974885 820746993 27716105 258847884 98042329 859063189 847771119 491559143 29747529 944692220 880111566 682579248 565106159 686730618
838967316 835480330 573249467 992668897 785541448 761828069 250670594 848141133 514311968 909173406 998534708 870948095 49437053 58530853 607246154 78890761 869737980 975500563 373133303 256077013 867451941 86071256 981582985 875008998 692243761 837325589 904394967 710434642 456225533 602287375 321214948 342420580 481564873 408736091 138692687 410352504 467711824 699192144 99378298 605167936 19909811 911691940 72129559 94669068 767896612 211321937 892104499 534372948 444388558 280620872
288715996 404681507 152942081 660149327 990837779 51895056 148113197 276231604 380568648 15834442 635328724 396629831 73784388 986660753 862222341 526375432 887497140 953026703 397515938 11200997 96908676 224542710 661122305 182814256 368529127 80088400 90964154 748209276 902123123 916477472 687677150 460271318 521565682 36548080 223226265 829476440 267538561 5815008 371216611 928845085 847503768 768391441 520223618 409693614 974055962 560279149 143750278 118462766 246424499 113238791
989881202 585268060 621248609 183034009 79306302 241688433 492893213 836113251 78662024 425065005 649084068 404995612 424943140 120394846 712611142 432755187 344785169 361088838 681043666 405522139 613216405 753232766 198193727 818374809 271291187 105021293 976196032 320222392 175427223 355379155 843818048 637081052 626780962 876274281 285735463 53524839 357431352 85879480 159910409 553755234 1531503 514674385 575066644 379258259 730456919 208247866 356269356 112394367 774519838 948765858
861698633 565934696 101495712 211375500 830912972 560767047 777715746 296208914 657558323 381746564 660315264 150953475 348869402 353134268 105446594 187514650 851761525 42314179 775990147 790339770 197173425 966964374 416065244 87090435 809051489 815203163 957338241 519616984 182994987 215273002 636410043 708731525 501600449 179689306 308074 233544323 687644077 525619844 67881247 814540621 318998923 593944848 563371401 313665306 670560680 321885852 79029203 527179405 317797275 639334204
241784624 914764251 103007412 399963832 132317977 305110360 115332448 14374017 870132249 270865894 977224483 892386955 64185960 614467728 205796370 687934236 272380895 975604533 61414793 51719141 759883222 30364780 108358660 515796765 193945536 780385130 642363723 88797765 91963418 195365129 655377758 722465050 195189272 647654420 122073358 965061305 874693987 899959727 490754355 596339676 149054832 257835481 490394520 360942156 757106876 560341761 541504276 358127646 261190451 647869651
124679765 989214628 713674329 17653677 149541288 893278000 398902305 118487544 703260033 475161930 524687749 195641360 80635495 105976740 678211603 800373133 450565352 696764777 503051807 494417145 398510990 45618807 810083067 423113375 631333650 434349867 865391552 602151743 388011814 874683273 274049045 784592592 374041155 757021070 3832830 324360507 255572231 848131655 541911281 237083919 317635450 237189200 51315593 164950985 812935111 326101130 264707542 340421844 379501644 604391717
623501464 333623778 829987041 492157778 811531004 945958256 109447405 882706114 801812882 720534693 969000009 628991033 425482668 54577220 854237720 574642960 405869933 391744019 567369629 460662134 897989700 364741797 546420348 979549277 497887875 638746498 669579762 355871559 944061645 109553932 341794992 629814309 827693762 207213993 988505654 998832386 539836571 749633459 792395905 613907406 183803097 630697176 452794528 690268722 818521273 476852787 171057044 720676230 520361945 225088424
110619839 833528413 955085954 117142072 86523607 949364945 476053681 413897984 78582799 560289449 288814750 311534089 205394648 243665667 323266146 159222088 223525035 462628128 217343443 877233665 573886445 182029921 577062895 298427512 443036576 119983524 735545014 991659498 355300640 373273797 921019961 101809145 622516053 617378774 869799234 25711465 675959302 292363732 154041393 55252183 862527601 398247578 909844262 290827336 606193183 452062952 158215113 16543700 859831498 768379906
883951025 22091690 86428220 83150975 375733189 397012240 475721712 732152906 545626840 468145914 259749136 748544888 128904039 328337696 972537151 987192477 770222340 511591685 203107130 542234538 985064573 871062927 434567663 953931725 880672396 916240112 75542598 379641558 825221616 899847243 613738774 733673729 347807883 533144959 406869462 854358487 165814776 243046147 753902819 627294428 301475345 348880648 610328852 616841430 244198899 568492263 138296433 850055898 438137530 697071145
598232998 721840724 904039286 106127497 361926424 839182259 295804854 181908039 120440491 823336540 537379014 182407027 413553987 344811397 707849669 330169843 925143028 901563340 254957453 638833271 997685885 700662645 66408374 492524528 220625943 981949962 153306738 788322088 777397386 542063986 888109938 423181950 789531331 299365974 130300587 82002055 669275286 108963824 84224009 33061283 320526841 358053354 627188331 446277314 18721587 448137581 286832587 692935555 829127829 296594260
296564108 275474872 215089861 815682010 863644451 973115612 156926218 994512681 34256614 224705874 251882958 382034520 801490974 457441302 790358693 844773294 455630030 676407683 356235132 67657409 835061224 505946887 828920095 583762932 689690278 49861000 766471793 721708091 751594194 303847758 966014648 230895458 324423712 700216177 249515613 744069023 981839662 962332989 645366416 603277062 970505587 689928149 982064310 550547764 534337044 312271311 972977113 553820562 745080538 636653574
232727104 620362005 133131152 573165354 724975683 952401607 679184123 944127044 43399079 224624072 723455151 617398074 505289488 565253406 19217899 681890464 655267440 195443515 566175431 933348908 883756121 185260799 561360085 969323642 650646758 871208430 378477466 59485979 145581181 61608855 325460921 16772353 721911410 759730431 478838488 669810480 163632555 79447510 166012622 73701782 396793570 628840057 185108261 326373820 993933031 323614557 700335137 498140074 288898968 569418677
852182577 867299622 447140282 165344455 317920735 518113588 576684306 145522312 866835615 325232035 936834762 474839787 682984222 354636031 441615063 996408498 531581067 272112931 335144135 133258477 273751457 680308190 734524735 631893479 151206881 60402091 132938958 557232134 618684718 443621846 135892053 673870266 132319976 273319958 719318333 662780623 977448413 728572027 737754416 906648407 770229930 133767562 597577171 621586874 154539303 11407492 534579481 972172127 187958609 820688034
