10 20 10
76 86 63 16 72 23 1 69 56 75 75 3 50 27 36 37 82 77 25 66
5 71 45 0 36 30 33 16 38 98 61 86 96 71 82 33 16 66 87 71
52 97 8 69 30 2 82 57 23 81 88 58 73 32 39 47 32 84 46 45
46 36 76 4 8 22 64 5 92 55 56 94 66 45 55 84 18 98 15 48
57 35 7 75 34 12 15 63 12 89 61 27 59 42 67 36 22 7 26 24
65 62 52 12 95 4 96 97 59 35 29 78 25 27 47 9 10 45 9 60
80 97 31 38 89 0 81 85 57 84 58 75 27 33 2 28 25 47 88 39
29 52 22 23 24 27 61 2 46 21 83 30 3 46 57 37 63 90 36 60
89 9 85 69 97 60 31 42 87 34 71 35 44 38 5 6 38 22 80 44
61 32 7 42 23 100 97 1 76 79 66 82 1 20 73 7 22 0 97 13
