20 10 80
93 55 28 91 55 55 22 34 3 26
45 19 0 11 20 80 56 97 68 26
66 68 49 12 69 80 1 7 82 12
39 57 29 48 7 71 5 99 34 61
13 54 40 7 65 61 99 16 26 64
51 31 46 1 93 18 52 59 30 20
96 54 12 20 81 28 83 69 97 98
63 16 84 77 83 30 92 18 66 100
29 51 75 80 44 1 30 4 3 79
100 96 27 71 68 40 28 0 89 0
86 21 81 4 97 5 15 65 63 53
47 94 43 85 70 27 43 30 75 51
84 15 39 59 81 94 64 4 59 71
97 21 48 63 67 22 54 2 63 36
69 37 62 39 91 26 36 89 68 29
87 19 37 59 37 45 3 30 80 29
73 49 18 81 13 33 31 88 54 17
38 24 83 4 67 69 87 78 57 15
40 68 75 23 48 51 14 11 65 58
40 27 90 84 94 2 91 28 67 8
