100 3 10000
10805 12602 9313
2068 19112 10550
3765 4844 13707
14893 11536 17268
3808 3481 13811
18920 19802 2809
12353 11980 11719
9026 2262 7219
16041 3758 6983
19283 12542 8397
15990 15179 19468
5329 12705 132
9822 8076 6138
11024 19716 9050
8649 6496 939
10822 2957 19497
532 14148 11007
7545 14936 168
7489 8170 16712
4747 9168 4641
4298 5521 14553
17915 10827 16095
6056 10033 9378
14147 1422 10245
11086 750 15174
18477 7683 9969
1869 5449 19299
208 17939 5407
17665 18776 7257
9747 10523 14993
17390 18482 3038
9862 4554 11399
2028 9118 15035
419 4256 2081
5052 7738 8062
7599 13723 6517
2660 265 6239
4311 6875 1369
7588 14225 17284
16174 8145 5264
10789 2520 6794
7070 15505 4770
4321 6091 7237
1220 1464 12165
2494 14857 6619
16767 12304 4580
11651 10600 9064
11565 14279 17028
3969 12519 17913
5433 374 967
2872 5766 8791
7695 43 19209
1551 18088 1563
5568 5700 19747
18020 17390 3210
703 11786 17147
9159 2646 17783
19905 12382 14222
3157 2943 12532
12347 6877 5593
15286 18853 9713
1116 15127 4507
4308 12277 4291
19563 18757 16033
18318 3550 12351
1391 19368 8569
14972 8823 8964
16193 15722 19567
8131 5882 2181
10474 16389 6743
6362 18867 11659
258 18996 2024
18803 15206 352
16922 4111 959
2691 18959 3001
17086 15091 15337
8097 13173 9754
2969 8035 6326
4437 10272 8883
4964 1711 16580
2489 6845 6744
9590 72 6939
7867 19992 5855
16761 16012 14086
2425 18134 9227
18679 3153 8359
4699 4152 19836
5396 7905 2134
15506 4320 16887
12873 9093 12170
6493 9306 14027
9593 15130 5807
7328 1327 17978
1692 10887 7793
11339 1408 5060
4442 2912 10231
15782 17683 15515
5710 7139 14073
16848 9760 14805
17913 7021 18189
