40 218 15
18 23 717 7
3 5 2078 4
18 24 753 5
28 29 9041 3
38 40 66 12
9 12 7818 11
6 10 8546 3
32 37 1073 7
2 3 587 6
10 11 5509 12
4 14 9402 9
6 11 1483 3
32 35 5359 6
4 10 824 1
3 8 7086 10
16 21 2838 1
2 5 2361 5
5 13 7650 1
4 12 4143 5
12 13 8423 12
22 24 7271 11
16 26 4502 6
16 17 8821 8
29 32 4372 1
5 9 4878 4
28 35 4035 5
30 34 2260 3
2 4 3805 1
22 26 396 6
19 22 1876 1
2 12 2439 1
32 34 7201 7
24 26 9253 9
34 36 9337 2
1 11 2860 6
3 13 4075 2
31 32 7794 8
28 31 986 12
31 37 7319 5
38 39 4824 12
31 34 5882 13
27 32 4321 15
21 26 3936 15
36 37 109 14
7 10 2902 12
17 23 527 12
18 26 7838 2
29 33 2561 14
28 33 1803 4
8 10 8277 13
3 14 5066 14
21 25 781 10
7 12 999 12
18 20 1826 14
4 11 680 1
3 11 5217 14
31 33 4517 14
34 37 1823 2
15 24 4952 6
17 19 1756 5
1 8 4089 14
28 34 5100 15
16 20 6360 6
8 13 6424 7
15 23 960 3
4 9 3182 2
20 21 2477 15
28 32 6878 7
8 14 6388 4
1 14 3372 4
9 13 7772 12
4 13 7299 13
27 35 6422 13
21 22 3125 3
37 38 349 2
23 24 9249 1
8 12 5086 4
16 25 9039 6
15 18 8459 13
32 36 2971 3
2 11 3897 4
19 20 7833 1
9 11 2586 13
1 9 7474 7
16 22 1996 14
27 37 8970 7
15 22 3528 3
6 8 655 2
7 8 7423 8
2 8 2326 11
17 24 9167 3
27 28 525 8
39 40 646 7
2 9 3845 15
20 26 5248 14
30 36 4721 4
17 22 6190 15
15 20 4092 5
29 31 8048 4
17 20 8318 4
19 24 3877 7
10 13 9660 1
15 21 9401 2
2 10 947 15
20 24 9362 2
2 7 4817 4
28 36 9204 8
19 23 3941 12
5 8 8395 14
9 14 543 1
3 12 8419 13
1 5 6916 13
20 23 5797 1
33 36 523 11
33 37 6195 9
26 27 7286 3
35 36 5569 1
23 26 8768 14
10 14 8085 12
5 14 8773 11
27 29 5207 13
1 12 7665 1
2 13 1802 2
5 6 6610 9
12 14 3935 1
28 30 5973 12
1 10 6220 15
34 35 9430 8
10 12 6221 2
13 14 3140 6
19 26 18 14
29 37 3549 13
27 30 7065 11
33 35 6797 10
1 7 8014 12
3 6 3654 5
1 4 2116 14
29 35 5498 15
4 7 6636 9
17 25 1100 4
24 25 6964 9
18 22 6409 3
2 6 8174 7
29 36 3695 12
3 10 3466 13
17 26 6590 5
3 4 8810 12
4 6 3821 7
6 14 8819 3
31 35 7501 15
1 13 5008 2
30 31 4549 12
15 16 3810 5
6 9 4099 5
30 33 51 8
16 24 897 7
14 15 9070 14
17 18 5183 3
28 37 9360 3
9 10 2548 14
16 18 8186 9
11 13 4871 2
33 34 4067 8
22 25 2243 7
30 32 7784 3
3 7 7233 13
19 21 7896 11
23 25 9143 7
16 23 784 2
22 23 9432 1
5 12 4460 6
32 33 3250 13
21 23 3540 6
29 30 1734 13
5 7 2116 6
3 9 1234 7
4 5 1717 4
6 7 7694 4
7 13 80 9
2 14 4892 15
15 25 7773 5
18 19 3045 4
19 25 3307 2
8 11 4338 14
6 13 4820 3
18 25 8679 2
15 19 864 6
5 10 8719 8
7 9 4603 6
31 36 8819 11
6 12 4797 11
20 25 6448 10
27 34 2432 9
15 17 1453 13
27 33 7790 15
16 19 3811 9
20 22 9164 8
25 26 3199 9
29 34 6047 11
30 37 9817 8
11 12 3630 11
27 31 5283 11
4 8 6242 15
1 2 3959 1
5 11 1322 7
7 11 3444 6
35 37 9376 14
1 6 2796 10
21 24 3946 13
27 36 2846 15
7 14 5766 3
17 21 6219 7
11 14 6267 3
30 35 3715 11
8 9 7535 7
1 3 3452 14
18 21 6898 9
15 26 4328 12
0 5380 9124 156 7119 6164 9969 6980 1767 6107 2200 7243 8700 5396 5689 
5380 0 6580 2111 938 5655 4306 4942 8756 9168 1674 7169 7552 5358 9790 
9124 6580 0 9662 8644 8899 1804 9665 9999 8931 6537 9728 3935 4822 2207 
156 2111 9662 0 6861 536 3796 1776 8225 8034 1928 8640 1342 3727 3755 
7119 938 8644 6861 0 7845 1166 7746 5978 5879 7737 7444 4532 4618 5952 
6164 5655 8899 536 7845 0 9379 6367 5338 2426 9187 6251 6824 6151 7589 
9969 4306 1804 3796 1166 9379 0 102 3392 3053 2961 5764 3165 9227 967 
6980 4942 9665 1776 7746 6367 102 0 5328 6090 1145 7397 7969 2830 2200 
1767 8756 9999 8225 5978 5338 3392 5328 0 8364 1191 4590 2470 3125 7407 
6107 9168 8931 8034 5879 2426 3053 6090 8364 0 1582 4943 2338 2884 1342 
2200 1674 6537 1928 7737 9187 2961 1145 1191 1582 0 1774 5440 2969 9972 
7243 7169 9728 8640 7444 6251 5764 7397 4590 4943 1774 0 6429 7319 2563 
8700 7552 3935 1342 4532 6824 3165 7969 2470 2338 5440 6429 0 8540 2764 
5396 5358 4822 3727 4618 6151 9227 2830 3125 2884 2969 7319 8540 0 8002 
5689 9790 2207 3755 5952 7589 967 2200 7407 1342 9972 2563 2764 8002 0 
