50 1177 30
37 46 1672 23
1 7 61162 10
9 25 85258 24
20 39 59078 19
16 46 65578 14
11 49 77268 5
20 26 83307 27
19 29 67442 28
39 44 47364 4
14 17 77294 8
21 23 63653 9
12 20 17524 24
18 34 27545 13
9 28 19347 2
10 31 34346 11
11 12 29243 22
10 29 56543 21
27 45 75270 7
1 47 24951 22
14 37 43898 25
28 38 11951 24
11 36 74536 8
6 14 51141 5
7 14 73761 30
44 47 26444 28
9 16 72590 29
30 31 32336 5
17 22 15166 28
17 48 46987 29
10 28 80050 8
5 22 27206 16
28 37 85103 10
5 40 57446 21
7 16 58926 25
17 44 8793 6
9 19 98879 18
5 49 75580 8
10 22 40068 20
33 40 72271 19
14 28 57654 26
6 17 91503 9
13 39 28535 26
29 46 82049 25
9 17 47615 10
3 21 3020 25
34 46 63590 9
7 24 56709 12
25 40 22901 15
41 47 78074 16
37 39 92394 11
32 44 61648 26
36 40 11879 10
37 45 41306 14
5 24 27037 24
33 39 41573 11
5 13 26668 19
32 38 8772 11
2 22 54756 25
14 41 53597 18
12 40 96779 5
23 48 27574 19
28 36 6776 6
35 36 88568 18
19 48 83604 13
22 32 17696 14
23 31 63522 11
13 33 42860 19
12 21 37314 20
7 11 83228 5
2 44 25189 11
1 38 20970 26
3 23 94925 12
23 38 28790 20
11 21 82380 26
37 48 82154 2
3 13 8542 5
2 19 45455 2
11 20 51669 8
20 41 58719 16
6 21 18704 4
11 47 95065 30
47 49 75891 10
2 24 98233 24
47 48 68015 25
19 20 80952 19
18 41 94885 4
38 46 78485 23
34 49 30116 7
18 48 87253 16
21 44 79733 1
20 22 16357 2
29 40 14626 28
17 24 1263 17
14 45 99044 23
14 18 97967 10
19 34 61382 8
36 38 11820 13
14 22 38040 16
18 43 93031 26
29 37 55708 13
30 35 41767 10
28 44 30212 13
9 34 37049 11
8 19 25606 11
6 34 39558 11
6 37 56681 30
29 44 82676 26
16 33 1505 22
7 39 75175 19
31 38 14175 2
14 16 81712 20
31 36 17260 9
27 41 31303 14
4 35 82656 25
16 27 60806 13
42 47 81661 28
10 21 16914 14
14 25 18567 2
25 29 22647 9
15 40 57138 22
32 48 57876 30
3 39 37627 14
11 22 74944 26
12 22 49877 7
14 46 88934 22
8 10 79146 23
25 33 55481 25
21 38 79084 2
31 32 75256 12
9 43 85439 15
25 32 97511 13
6 7 13423 28
5 18 97228 2
2 47 84247 2
6 25 94373 16
27 43 55286 29
12 27 53891 28
25 39 72101 16
21 27 40664 17
8 18 43340 5
10 26 47674 23
22 28 91197 9
1 29 89737 8
1 5 93162 13
20 29 49036 2
1 31 82826 18
40 44 47776 26
23 24 51979 6
9 14 8969 30
2 35 26321 24
28 30 51534 22
8 46 35686 7
3 36 38365 22
31 34 65404 23
24 31 7110 27
30 49 6591 26
14 26 11274 25
7 29 53022 5
41 49 25954 1
8 16 25295 3
26 36 76263 16
17 25 40151 17
9 39 68506 21
11 42 47270 1
15 43 62506 17
4 16 17267 6
32 47 91960 4
10 34 9866 24
19 42 7007 13
4 41 90151 11
19 49 26538 18
23 37 86855 24
11 35 45351 5
29 36 1361 16
30 39 88425 18
7 10 63273 19
26 29 70228 20
1 40 726 7
18 23 48202 27
8 24 40912 15
3 4 34464 20
12 38 36200 9
27 47 99333 3
1 39 99601 2
17 41 45416 1
29 45 61656 7
32 42 63580 23
34 45 93594 20
25 45 24218 28
29 42 87594 25
24 27 21835 18
16 47 37193 7
7 47 94115 14
8 12 9072 20
6 44 58170 21
24 33 97200 9
5 44 66280 25
2 17 18620 19
3 24 95910 28
42 43 40721 20
22 29 92134 14
8 48 37046 9
34 48 64704 12
30 36 42906 1
46 47 55042 17
14 40 96576 19
3 34 77948 24
24 25 85888 4
28 31 75398 18
3 19 17141 26
15 39 7391 23
9 18 88109 12
1 6 34644 18
35 46 51539 1
3 31 38073 20
4 10 84525 27
19 38 23761 14
2 40 13662 22
13 42 89071 14
10 35 50893 25
3 40 7750 27
26 38 40440 15
4 13 79408 3
6 47 58837 14
7 28 23851 10
8 13 62956 19
32 39 65927 9
33 42 47964 26
3 7 81079 11
17 38 14874 30
15 16 23044 29
12 32 13051 23
44 49 8423 4
16 32 88786 11
27 39 27749 6
10 27 57482 10
28 29 35243 28
8 31 7989 19
13 19 24538 24
8 32 25138 22
10 14 57772 5
25 37 16049 8
4 25 79069 20
7 35 61953 3
1 44 51350 20
37 43 89732 15
1 10 80429 28
12 34 66696 22
6 29 92123 18
35 42 55780 12
5 10 66831 12
31 37 88026 23
7 18 69131 23
5 27 15118 24
7 25 74555 26
16 41 9429 14
21 45 94991 25
16 19 73613 13
29 38 50951 16
17 23 86889 18
30 40 56722 10
12 18 73607 2
20 35 89674 29
3 35 92103 1
25 48 91377 25
19 40 67935 16
14 32 93881 19
20 38 34508 15
4 29 63100 28
43 48 76529 1
28 49 82101 26
4 43 8358 22
16 44 70462 30
4 32 71730 18
40 41 66976 2
10 40 96823 28
35 39 96473 8
43 47 79349 28
23 34 66049 5
13 15 13484 27
6 28 85924 5
22 30 78960 12
33 46 71664 23
22 25 8007 11
10 46 41151 7
13 27 10044 23
6 49 41579 12
13 47 40043 7
11 32 16478 1
40 49 37317 2
1 17 65591 6
13 32 40711 1
10 36 31061 30
24 41 76588 13
20 34 51880 27
12 48 47516 13
34 40 61712 27
5 26 83598 1
8 27 15993 1
7 23 66368 3
17 20 25980 27
25 28 26112 21
26 49 83720 21
3 30 9792 18
13 37 14193 22
15 23 37068 22
32 34 23322 5
19 36 70488 14
15 19 55382 18
15 17 47148 2
9 33 47003 28
5 21 28620 17
14 29 39349 7
7 15 8409 17
9 15 12304 22
36 49 37567 13
11 34 61532 5
1 45 56840 2
5 14 68458 27
22 49 92490 11
4 14 9428 16
7 45 83302 1
27 48 61772 19
28 48 47291 22
3 10 62736 25
15 34 13832 4
8 22 66031 14
12 14 8690 20
41 44 83719 26
37 42 42592 15
22 37 81351 13
18 22 7029 8
27 28 2782 29
22 47 77239 18
5 9 68714 19
11 48 79241 4
1 22 11194 3
19 46 64472 13
9 21 12399 12
1 21 13149 11
14 33 98721 11
41 45 83830 26
29 31 73568 21
26 39 74942 9
5 6 91350 5
40 48 26201 2
12 42 93082 4
26 42 9310 27
41 46 14456 13
14 44 54778 15
36 41 94585 11
11 18 79979 18
2 45 81755 4
14 20 2550 26
2 41 21765 24
10 43 53886 30
27 44 12398 14
14 19 82964 24
3 47 58267 30
23 36 39466 25
12 45 60880 28
3 37 14335 25
15 49 68974 20
4 17 65463 24
24 42 6222 3
4 7 86946 27
11 31 91622 18
2 34 90671 13
16 37 55885 21
2 11 13124 21
6 39 6279 25
18 47 60398 4
5 47 54683 7
31 44 19653 9
5 8 5925 14
34 37 57829 22
22 40 63107 12
23 40 63651 8
18 21 84891 27
19 24 73632 27
33 37 23425 28
3 48 65279 17
11 40 16027 7
7 30 77245 5
32 43 51516 15
15 22 41252 1
18 19 67939 24
14 47 13172 26
11 19 86179 8
23 32 17379 3
13 22 64241 21
10 45 47288 21
45 49 30592 13
29 34 18591 6
6 15 50190 1
5 12 17239 9
30 34 6238 22
4 22 24148 25
16 36 85248 18
11 39 54424 15
9 11 52862 7
15 30 25600 21
12 29 23679 19
2 43 34240 24
39 42 53355 27
16 23 60282 8
31 48 87351 26
19 25 25063 19
1 37 91121 23
13 16 59584 7
8 34 46667 25
8 49 86904 14
16 49 34260 11
38 45 86041 1
12 39 19546 26
16 38 55968 16
19 35 15681 14
27 38 57671 3
16 30 4644 28
27 42 85091 15
11 27 30784 10
10 13 46778 2
23 33 19205 11
8 38 9929 18
23 45 57563 4
32 36 85012 9
8 20 9788 10
23 39 76147 15
24 46 4493 25
36 45 43470 17
16 21 81689 16
16 29 23340 2
4 23 51301 6
5 30 74804 29
2 16 81418 1
13 17 87066 25
33 47 70795 27
48 49 70688 1
19 41 86993 7
24 36 38581 26
12 28 52361 28
23 30 80752 27
18 46 31289 22
22 26 3749 17
24 40 61745 12
2 30 52192 26
23 42 81036 20
6 48 79421 21
16 43 35614 6
26 30 90313 24
46 49 5878 19
20 27 70431 17
14 39 74860 11
18 30 8692 10
4 45 33830 13
7 12 56512 16
3 38 28489 28
23 46 99920 17
11 44 64110 15
7 48 4115 6
12 47 73157 4
29 43 26864 27
20 25 47052 30
31 42 82142 23
2 18 65765 20
40 45 47534 27
11 33 10562 27
19 21 47162 20
11 29 5264 15
20 33 83360 3
10 44 30821 24
31 33 92417 18
25 27 74322 8
28 45 45087 8
1 34 84833 30
13 18 92427 14
18 36 27037 22
16 39 66026 3
14 49 73274 8
8 14 93886 5
10 38 27288 9
5 20 64741 30
15 46 79445 28
33 43 22843 17
7 31 9663 22
7 21 69079 16
15 24 99883 9
14 23 67883 13
1 43 42588 20
18 31 62491 13
33 44 6276 29
12 19 63881 22
23 28 84196 13
17 27 61938 7
22 44 89548 25
21 47 18582 21
21 32 7926 4
4 28 43549 4
20 46 6039 2
33 41 5338 4
5 37 22021 10
18 32 24505 23
15 31 8670 2
11 15 82024 26
37 40 28769 1
30 43 22962 23
3 43 2194 30
37 49 55587 27
21 22 55300 1
11 38 47743 8
33 45 91804 2
20 23 4961 5
13 46 71006 4
4 49 39962 13
23 26 60700 9
23 41 97976 10
16 34 19390 20
16 40 92216 23
2 37 7622 3
19 43 10772 15
34 44 13829 11
38 39 98881 4
19 23 99297 18
11 28 85024 22
11 16 52330 19
6 19 6069 5
5 43 9168 28
6 38 77825 15
30 38 7582 17
5 32 34727 23
15 29 20502 20
10 12 15470 11
12 33 49830 17
3 18 60790 17
6 35 48647 30
21 42 11534 4
17 33 68750 22
2 12 88482 17
13 14 15327 29
22 33 52770 17
21 29 39594 5
12 17 75804 14
6 24 84237 30
8 35 74834 11
4 40 43327 3
20 45 23017 7
27 32 25393 13
9 44 36257 5
4 42 94059 28
9 20 4783 25
1 49 83082 8
29 47 17895 29
4 12 60180 18
21 49 29423 1
9 31 59855 23
4 38 93304 14
8 9 18167 23
17 45 45255 9
22 31 87171 27
27 40 47868 28
36 37 19205 26
4 26 24040 1
6 10 94084 14
22 43 11168 25
1 15 420 18
19 22 16610 1
16 45 89323 10
30 32 86913 11
28 39 22368 19
3 11 51422 15
37 47 70805 21
9 48 67389 9
8 23 32344 19
18 44 16414 2
17 37 89215 8
24 30 64874 25
4 5 75252 7
3 27 5950 13
8 11 68270 24
19 44 40264 1
5 19 13120 12
15 45 62707 17
38 40 61347 6
3 8 54405 18
1 32 38994 3
37 38 63845 7
4 15 11300 1
31 45 94874 15
24 37 19838 11
7 42 11783 29
24 26 9920 9
6 45 22537 18
17 29 9713 28
17 39 30306 11
36 48 24062 5
6 22 60843 25
15 18 1231 27
10 30 15318 22
10 17 75831 17
7 37 91464 16
5 28 25104 11
26 31 40220 12
26 46 83463 6
28 40 20449 5
22 42 80441 5
44 48 1991 8
17 21 43519 5
38 48 70150 18
20 40 32709 28
36 39 88337 20
35 43 29788 24
12 49 78008 6
20 32 6536 7
33 38 73987 26
11 17 93191 7
1 23 93691 13
9 36 37723 20
3 25 42900 17
8 21 86611 20
5 7 14984 5
6 16 62626 21
9 23 71884 26
13 25 70105 6
2 5 57467 1
13 29 36105 15
7 32 44092 9
26 32 24816 10
22 45 29254 10
45 48 43356 13
25 44 58598 19
5 38 59769 6
13 24 9126 11
43 49 95266 22
35 41 26757 12
11 30 10335 22
12 16 10848 30
8 42 2125 5
12 41 49090 3
10 23 58700 2
8 25 64177 8
20 48 87785 29
1 16 51845 29
2 8 64169 30
19 37 45184 21
31 49 14473 21
5 31 60965 7
6 23 74190 7
4 20 60595 13
35 49 15107 12
17 28 95599 10
1 27 55791 28
6 8 45852 19
19 47 69411 2
20 31 12366 9
4 37 3375 21
2 10 9652 30
28 46 63286 14
27 34 28233 2
21 25 68362 8
7 34 65089 25
33 35 29526 8
23 27 39342 24
41 43 43418 3
20 36 67745 4
15 37 41586 24
1 13 72756 13
13 28 86274 23
21 40 28693 16
26 45 82707 21
35 45 42230 16
18 40 22471 30
8 15 31277 15
16 42 22222 18
14 36 50958 16
43 45 31752 9
4 11 52769 12
15 33 81689 21
27 30 722 8
9 26 30632 14
3 14 38885 29
3 28 85658 28
14 24 1615 13
15 36 87673 1
27 36 30719 21
5 15 82957 15
17 43 46673 26
6 32 33252 25
19 39 73288 8
4 39 74318 14
10 48 91545 8
2 39 70175 2
18 26 66673 30
12 26 97536 4
32 37 70336 7
18 35 48055 29
41 48 15707 5
35 38 89694 24
18 45 88674 29
7 46 40256 1
29 33 1810 17
12 43 18730 26
2 38 28644 11
2 7 79205 14
3 12 95939 28
13 35 83901 17
20 47 70403 3
26 34 95862 8
11 23 84916 14
31 41 41578 15
37 44 41281 27
34 38 56655 27
16 28 62743 22
9 13 85344 25
10 11 71183 22
15 32 68509 2
11 46 7085 24
11 24 79223 11
14 42 52608 5
10 49 61496 18
5 41 16074 24
6 43 10644 24
18 49 22434 9
40 42 74326 18
8 30 84373 23
45 47 22250 5
22 48 27219 15
10 32 74738 20
6 11 18498 29
9 40 94798 30
21 41 42716 6
31 39 15531 17
31 46 51070 6
23 35 59883 30
11 37 93690 7
32 40 12872 19
4 19 92633 17
7 41 41964 4
14 34 7692 27
16 31 66495 16
13 44 39057 1
6 13 77455 22
17 36 94037 26
23 47 24500 3
23 29 88468 12
25 46 93665 13
9 47 59025 17
12 31 57056 16
15 42 6267 26
49 50 35137 8
20 49 5313 3
28 42 54774 25
13 31 95810 30
3 26 96078 23
7 20 70033 15
35 44 61726 21
34 47 69054 11
32 45 67839 3
19 31 71600 17
1 25 71502 13
23 44 77648 26
3 49 42675 28
2 9 32932 29
25 49 59539 8
2 46 30785 13
30 46 70320 8
3 16 86767 8
22 34 48902 18
46 48 71260 10
15 48 15745 3
17 46 16766 17
25 26 97539 21
6 42 50791 18
15 38 82970 3
11 26 9900 2
5 48 16283 14
7 43 85320 2
1 11 5722 2
24 49 30415 30
5 42 24841 4
33 48 58792 6
5 35 51755 16
22 36 21278 13
1 26 41173 24
7 9 89178 24
38 42 28492 14
23 43 85600 9
3 45 4665 17
6 41 39646 20
25 34 48834 11
12 35 36757 26
2 3 25943 15
2 23 28027 24
6 40 39270 3
17 32 68296 20
23 49 98872 2
3 17 73989 29
3 32 91640 2
17 19 39051 21
15 27 20552 14
39 46 56506 2
12 13 23380 17
38 47 50654 19
4 27 16647 7
31 43 39620 27
6 46 59696 23
6 12 95637 22
24 45 10003 23
6 9 46185 23
13 36 98734 12
13 49 1292 11
16 25 54622 7
35 40 34843 26
36 42 84070 11
2 42 17840 12
21 28 32144 20
13 26 25052 8
15 41 12724 22
38 49 68640 5
25 42 88468 18
9 22 59525 26
1 2 14617 3
2 13 17202 6
1 24 86325 20
30 44 40655 16
29 30 42730 14
26 40 28439 5
9 12 52254 20
1 14 40487 20
30 48 78937 23
17 42 71513 24
9 49 31962 7
5 16 83505 28
17 31 41414 21
24 48 35464 10
16 24 53904 25
6 27 45196 8
16 18 93396 23
24 47 63023 18
42 45 54485 20
24 28 17936 14
1 35 59780 26
7 17 52002 29
10 16 50387 15
2 6 15452 11
13 23 60375 30
28 43 37013 20
7 19 64073 16
33 49 99411 29
8 37 23803 14
10 33 18905 17
16 35 2750 12
36 44 99750 17
6 36 25098 12
15 44 72705 22
24 32 19504 27
10 37 97468 25
12 44 14747 11
1 46 30274 28
25 43 47760 23
24 29 36803 20
17 18 28072 26
2 14 66568 4
4 34 30290 17
20 28 70407 30
12 24 27798 28
8 41 2468 22
14 31 55982 10
44 45 78719 9
13 40 47199 1
10 15 49496 21
16 48 99647 24
35 47 56488 2
25 31 52103 29
34 39 82659 6
39 43 20521 1
4 47 37148 14
37 41 84190 15
1 4 54975 24
28 47 43436 22
4 33 18609 15
26 35 44370 17
4 31 81968 1
21 24 94200 9
28 32 16309 29
38 44 76484 22
2 48 84374 23
16 26 97037 15
2 26 32661 19
29 35 13048 20
1 9 19108 28
15 20 45293 22
18 38 71066 24
18 33 42500 27
11 41 34822 29
22 23 7375 8
3 41 29648 26
1 28 83466 28
6 30 69958 19
29 49 9440 29
21 37 22692 18
43 44 20908 2
24 34 943 25
10 20 18251 4
8 36 95810 12
12 30 16477 5
12 25 56181 20
4 36 25467 13
30 33 9896 19
8 47 31704 26
45 46 60805 22
22 24 69333 13
9 41 57908 5
22 35 40622 22
14 43 96188 8
3 29 43608 24
7 38 14703 15
15 28 58429 12
2 20 32905 17
39 49 22021 16
1 33 56043 21
2 27 68553 19
32 41 44781 11
25 30 53249 10
11 45 38561 25
8 44 54586 27
21 26 22211 29
21 34 4587 19
13 20 62826 1
24 44 18490 6
17 35 55737 11
14 27 48198 26
40 43 14299 18
44 46 10087 25
5 25 30672 15
39 47 85770 9
21 48 6849 10
7 40 4657 14
13 30 14154 7
27 31 68263 19
2 33 83613 23
2 32 9538 23
7 26 40757 17
36 47 75814 27
32 35 13489 26
21 46 3772 11
10 42 99046 16
14 35 85486 7
11 13 72829 1
27 29 80509 5
30 45 9477 5
13 43 97449 19
13 45 12648 5
19 32 12966 12
17 49 31688 13
17 47 27919 29
8 33 23445 14
12 15 42201 22
26 44 69867 25
13 38 13113 12
11 25 55916 20
24 35 38822 7
4 48 88747 17
27 46 16491 17
32 33 28480 27
3 6 33041 1
1 8 67148 20
9 10 64998 26
10 39 6158 30
21 43 87737 29
27 35 63716 15
18 39 65996 27
3 15 19881 22
20 44 2647 21
9 29 36857 11
12 23 86669 22
25 35 11772 14
18 28 58762 3
21 33 94017 12
17 30 47428 2
6 33 47121 29
1 3 11124 20
1 30 25911 5
24 43 4013 9
16 22 66824 13
10 41 71499 22
24 38 99911 3
21 35 68315 2
19 28 69395 1
29 32 57332 13
39 41 48846 26
2 28 74303 28
21 36 93549 20
29 39 35906 20
10 25 72130 26
15 21 4074 26
2 4 21938 4
18 20 72547 28
9 30 6681 10
9 24 33401 22
22 38 82740 29
3 44 75289 9
8 40 80468 11
20 43 62726 8
18 25 19350 27
9 27 40445 10
9 35 78676 12
13 21 55175 4
1 12 90510 20
4 18 66009 28
26 41 4911 7
3 33 40826 25
15 47 99417 18
5 45 32604 13
26 27 69190 8
13 48 86691 15
5 36 18879 19
8 45 2244 24
22 27 2299 17
8 26 20747 1
1 41 31634 10
13 41 74607 21
12 36 51249 13
12 46 91188 20
7 22 77398 16
31 47 78980 10
39 45 18298 13
1 19 5696 22
27 33 19071 4
1 20 26494 16
30 37 97255 16
26 47 56171 3
4 9 92913 7
5 17 34749 17
29 41 45061 29
19 45 56689 19
2 36 95781 3
33 34 48400 28
2 25 80753 7
18 37 10871 15
20 24 25789 21
20 21 8124 5
43 46 9092 1
31 40 43207 17
2 21 59162 2
4 44 44022 7
35 48 10479 22
42 48 88339 14
4 46 51665 22
32 46 79659 3
3 9 81091 20
17 40 84503 3
19 33 50948 11
10 47 17145 7
21 39 95084 1
3 5 8961 22
2 31 346 22
24 39 5165 4
22 46 20820 16
34 43 18299 22
42 44 24607 6
9 32 53393 9
18 42 43216 10
17 26 67684 21
5 29 14862 9
19 30 76636 24
1 18 64189 24
9 38 25238 12
39 40 12719 24
3 22 61903 9
22 41 24021 1
4 24 11134 22
20 37 78568 1
15 26 79878 25
21 31 95151 30
32 49 43814 14
8 28 31982 30
34 42 49201 7
28 41 6498 11
2 15 31714 7
10 18 83921 5
10 19 95879 19
33 36 98035 3
23 25 25795 16
15 25 57387 7
36 43 50020 28
28 33 77160 20
19 27 97790 25
27 49 27406 3
26 48 73515 23
40 47 80509 24
18 27 87994 19
14 15 57217 12
2 49 15139 9
42 46 5080 8
1 36 80965 26
38 43 31595 12
25 36 34445 11
2 29 9079 20
39 48 19673 8
30 47 57323 28
7 44 10104 30
7 33 46003 6
36 46 73713 3
9 45 20746 13
14 30 30573 2
26 33 5420 17
1 48 62012 27
19 26 84105 14
4 6 16230 24
4 8 3849 28
5 11 13188 9
7 36 73605 23
9 42 78098 11
16 20 10221 3
12 37 44464 15
6 31 42674 30
25 47 13718 12
14 48 95210 1
18 24 13156 22
30 42 51124 28
34 41 42529 9
5 39 83886 22
11 43 3755 8
14 21 42240 16
6 26 92362 12
22 39 98801 23
3 46 11074 19
27 37 54213 2
1 42 50942 9
5 46 88035 22
7 27 24101 5
34 35 7011 22
4 30 91435 14
26 37 78025 23
29 48 23650 7
3 42 45866 25
4 21 4482 9
30 41 77767 7
38 41 1176 27
5 33 91033 9
7 49 22374 29
14 38 55255 12
25 41 23953 1
20 30 3627 14
5 23 37050 14
9 46 9803 24
35 37 16242 27
26 28 94497 30
8 29 64009 14
7 8 93001 25
28 34 58828 7
3 20 67263 28
10 24 19166 18
7 13 81232 28
8 43 46231 5
16 17 74647 1
8 39 86423 24
26 43 7369 13
31 35 43235 10
21 30 1542 7
34 36 26259 4
25 38 80776 18
40 46 95978 10
13 34 89680 4
17 34 45534 25
20 42 93305 17
28 35 96730 17
18 29 76883 5
9 37 45044 24
11 14 93604 6
41 42 25470 15
5 34 78677 18
8 17 6910 20
42 49 34053 19
6 18 29776 10
6 20 74503 4
15 35 68799 3
0 52143 69141 64313 84565 75533 10974 91646 51722 99174 78584 11421 91701 70417 44552 7093 3835 82146 11945 42994 18640 40776 7043 26236 33983 34154 58994 48886 11287 37209 
52143 0 8590 23640 14284 82284 97610 12990 44305 19695 46936 65590 35762 15964 26191 2303 79118 68368 4515 1631 30373 46148 22592 77746 29053 32154 6211 26748 523 21212 
69141 8590 0 32980 4179 89762 70053 41579 84300 76558 10418 53406 70289 56089 11373 64261 42026 57025 8059 63814 28269 22672 16282 57451 29161 71566 80473 44898 91207 19305 
64313 23640 32980 0 27720 949 2824 17540 72438 16770 14458 86601 93492 58266 29970 57448 66963 56909 61845 83042 31084 20953 76527 72685 76963 1179 96707 56052 78740 84339 
84565 14284 4179 27720 0 43821 72171 19261 90021 16123 56859 91876 52045 79733 15430 88084 24800 45922 1454 94129 66047 85207 47518 94238 94325 72865 17347 1966 62794 70016 
75533 82284 89762 949 43821 0 77204 39097 2177 17910 32309 75503 42423 29042 21692 79313 40728 23177 88613 89751 75448 50292 6446 69838 25309 71134 29057 39617 74486 24784 
10974 97610 70053 2824 72171 77204 0 15489 71839 11288 64511 65282 98367 37258 7520 4658 85660 18696 93283 99188 39246 86568 2615 52078 72057 21538 42131 3231 2704 10129 
91646 12990 41579 17540 19261 39097 15489 0 70132 62854 84230 75855 48032 98021 26897 2562 82372 912 93244 95503 51627 53191 18882 29302 39159 95445 58711 60761 64221 70287 
51722 44305 84300 72438 90021 2177 71839 70132 0 68173 11993 65093 64992 54375 8282 30551 36093 11506 36461 11943 93662 77173 79863 15180 16985 29098 1642 47895 80431 43802 
99174 19695 76558 16770 16123 17910 11288 62854 68173 0 80437 68983 3881 4648 99647 49681 39564 94360 41068 64360 65123 94730 1291 77097 6783 27308 62715 95754 32106 44436 
78584 46936 10418 14458 56859 32309 64511 84230 11993 80437 0 93957 39972 7251 38334 75260 75413 33321 36800 52367 12543 54340 26191 18346 68069 89543 30477 43473 13647 56022 
11421 65590 53406 86601 91876 75503 65282 75855 65093 68983 93957 0 71732 48727 37634 33454 86722 14648 56929 18613 32039 11020 42263 69183 82296 1978 27944 84249 96922 23653 
91701 35762 70289 93492 52045 42423 98367 48032 64992 3881 39972 71732 0 8150 68436 88155 45890 89205 1903 90690 4864 86479 17493 75483 32597 50251 26535 79989 48709 91807 
70417 15964 56089 58266 79733 29042 37258 98021 54375 4648 7251 48727 8150 0 10413 22420 88581 9777 66947 20863 47248 84109 39304 8780 5712 23612 77558 9778 94923 69170 
44552 26191 11373 29970 15430 21692 7520 26897 8282 99647 38334 37634 68436 10413 0 84706 65980 70938 83195 86670 3898 35391 59388 89967 36715 48306 56610 34893 52629 26451 
7093 2303 64261 57448 88084 79313 4658 2562 30551 49681 75260 33454 88155 22420 84706 0 86038 75209 25997 77213 55437 56294 53284 41614 39635 20631 17836 84331 34641 62798 
3835 79118 42026 66963 24800 40728 85660 82372 36093 39564 75413 86722 45890 88581 65980 86038 0 30943 82514 81154 42579 51676 66237 43698 9116 66733 50996 38143 76242 78184 
82146 68368 57025 56909 45922 23177 18696 912 11506 94360 33321 14648 89205 9777 70938 75209 30943 0 27759 7285 68333 50236 31826 58156 30974 3906 89044 41926 33796 99024 
11945 4515 8059 61845 1454 88613 93283 93244 36461 41068 36800 56929 1903 66947 83195 25997 82514 27759 0 40249 20241 53081 97346 31479 58905 95142 54909 40270 1079 89750 
42994 1631 63814 83042 94129 89751 99188 95503 11943 64360 52367 18613 90690 20863 86670 77213 81154 7285 40249 0 33549 53689 73300 2217 44149 41742 74006 54488 6899 24696 
18640 30373 28269 31084 66047 75448 39246 51627 93662 65123 12543 32039 4864 47248 3898 55437 42579 68333 20241 33549 0 33016 51244 55791 69958 88235 76688 55478 99783 44938 
40776 46148 22672 20953 85207 50292 86568 53191 77173 94730 54340 11020 86479 84109 35391 56294 51676 50236 53081 53689 33016 0 68863 36414 63332 66151 27142 135 97297 66488 
7043 22592 16282 76527 47518 6446 2615 18882 79863 1291 26191 42263 17493 39304 59388 53284 66237 31826 97346 73300 51244 68863 0 39971 55062 45529 80088 57237 6982 93454 
26236 77746 57451 72685 94238 69838 52078 29302 15180 77097 18346 69183 75483 8780 89967 41614 43698 58156 31479 2217 55791 36414 39971 0 88392 41746 70539 93003 80508 55954 
33983 29053 29161 76963 94325 25309 72057 39159 16985 6783 68069 82296 32597 5712 36715 39635 9116 30974 58905 44149 69958 63332 55062 88392 0 97283 29707 38347 97544 58517 
34154 32154 71566 1179 72865 71134 21538 95445 29098 27308 89543 1978 50251 23612 48306 20631 66733 3906 95142 41742 88235 66151 45529 41746 97283 0 97124 46477 98559 86819 
58994 6211 80473 96707 17347 29057 42131 58711 1642 62715 30477 27944 26535 77558 56610 17836 50996 89044 54909 74006 76688 27142 80088 70539 29707 97124 0 76306 31975 25783 
48886 26748 44898 56052 1966 39617 3231 60761 47895 95754 43473 84249 79989 9778 34893 84331 38143 41926 40270 54488 55478 135 57237 93003 38347 46477 76306 0 9890 71234 
11287 523 91207 78740 62794 74486 2704 64221 80431 32106 13647 96922 48709 94923 52629 34641 76242 33796 1079 6899 99783 97297 6982 80508 97544 98559 31975 9890 0 88576 
37209 21212 19305 84339 70016 24784 10129 70287 43802 44436 56022 23653 91807 69170 26451 62798 78184 99024 89750 24696 44938 66488 93454 55954 58517 86819 25783 71234 88576 0 
