100 1430 40
42 45 249669 13
83 92 659872 5
8 15 161648 31
12 44 450902 16
11 32 479943 4
25 27 688896 37
31 39 168336 12
7 45 184198 33
2 4 929643 7
67 72 46952 14
90 91 802317 40
12 26 848824 32
12 41 12636 1
85 87 539230 32
47 56 68814 12
82 90 453491 10
11 30 271042 4
29 38 706042 14
93 95 544918 10
6 18 467439 24
65 69 6121 22
19 31 599826 13
66 70 297261 36
76 95 450624 30
41 45 743398 9
59 61 113828 9
75 91 255576 23
3 31 321945 18
3 19 504561 10
22 26 630608 27
17 43 232301 22
18 45 980521 24
3 14 163460 12
19 30 739268 4
51 60 616295 16
2 38 656014 2
54 62 116263 19
53 57 8143 19
17 32 676771 34
28 45 431299 32
67 70 582932 37
22 43 601424 18
76 87 474270 6
16 25 110572 27
26 43 163678 33
13 18 555212 11
37 40 35177 24
10 13 386506 1
74 95 516945 5
51 62 741995 12
80 84 903006 21
10 24 185943 20
67 68 976471 33
27 28 367297 35
8 25 324497 3
48 63 253615 10
15 24 577079 17
3 29 21810 39
20 44 443308 24
2 26 983593 32
57 58 276367 23
31 38 504622 9
18 38 230857 13
15 35 254894 39
9 14 269510 27
25 29 833136 12
74 88 187011 22
9 17 731326 21
50 53 808306 21
17 25 760060 34
81 89 919161 30
7 26 671050 2
12 34 958654 40
29 35 489645 22
4 37 251411 15
39 45 800991 5
3 10 13807 38
14 26 517898 27
14 36 306438 22
4 23 287038 18
33 35 797944 29
22 40 911225 18
84 94 205031 20
26 34 32726 10
20 36 123270 28
75 76 22216 33
37 44 606943 8
4 5 293047 7
4 35 765166 13
25 26 153787 11
13 16 838516 32
24 45 863354 4
49 63 66034 7
6 17 442174 7
27 39 713128 7
53 55 658530 35
66 69 814616 22
55 56 61447 25
3 23 74629 14
15 27 181085 35
79 84 713222 2
6 44 749956 29
38 39 415420 10
6 19 917979 23
26 30 48211 17
99 100 831656 38
20 27 516127 13
20 45 877024 8
9 28 373460 28
21 45 828973 23
9 31 361032 3
6 8 580062 37
47 55 554109 33
14 31 637218 38
4 42 567405 38
23 27 171657 1
55 59 499275 14
64 72 410987 1
3 35 651266 31
31 36 461794 40
5 14 298778 5
18 31 74274 22
21 32 738159 5
64 68 557241 39
9 37 348194 24
9 45 615743 17
13 41 586403 13
13 31 323361 37
14 19 456697 5
12 22 269888 31
2 23 549605 6
14 41 894699 18
13 17 597271 5
1 14 467259 34
50 54 958481 28
48 50 609144 23
71 72 830655 9
49 59 269311 13
42 43 822450 20
57 63 160917 39
19 29 95653 16
1 12 113062 36
46 60 471844 18
17 19 314420 20
13 23 743633 12
4 24 679196 25
83 90 703303 35
33 39 433016 14
5 38 847931 29
7 27 134743 3
17 27 648614 9
49 51 926531 32
7 13 492617 18
26 31 776231 20
25 34 530945 27
3 45 602740 25
5 42 371339 17
17 28 226473 12
15 32 820832 27
28 42 986026 1
8 38 793221 30
62 63 788729 19
1 44 662924 26
9 38 107287 3
10 33 370777 23
5 26 773849 39
79 83 743034 31
50 60 544680 8
7 32 778119 32
5 27 782274 15
64 69 505866 3
3 5 32726 8
46 58 390119 28
8 9 578681 19
1 7 821464 26
10 38 183118 38
7 8 109335 10
4 21 812365 39
11 27 39762 9
1 22 631543 36
28 36 99640 35
20 37 5275 21
11 26 833160 15
34 41 687392 37
27 33 385947 16
12 14 352942 35
6 29 571002 30
2 7 428772 26
22 23 417936 17
21 34 182009 27
5 41 271639 15
52 57 817801 15
16 32 444933 29
11 21 112381 6
36 44 906765 23
11 23 353065 19
10 17 802181 40
75 94 20425 15
20 25 229977 17
56 61 310430 32
49 58 207515 5
37 45 358353 20
6 14 990420 7
15 17 485173 16
12 37 110743 6
43 45 125745 33
81 90 490725 16
75 78 33892 21
1 43 228035 16
17 44 684028 5
6 21 439921 11
24 42 980048 17
9 12 706562 40
80 81 424769 3
49 53 286781 25
77 89 284582 21
22 28 856433 29
2 31 472962 3
23 33 502915 15
30 35 365417 12
22 44 751402 25
5 30 300734 16
19 33 925103 4
36 43 504774 1
53 58 305231 11
32 44 239050 12
76 88 560005 23
82 83 544337 32
17 21 613982 18
35 45 570943 16
78 93 151868 7
36 40 415004 37
79 87 331667 1
8 31 34695 27
14 43 396075 7
51 61 318748 28
75 85 490762 20
10 21 829891 2
53 61 98332 8
11 25 637248 34
82 91 803524 24
24 35 499994 39
16 17 697496 27
80 83 37621 34
66 72 118756 17
5 34 635521 18
76 80 720111 28
13 37 399782 7
3 38 150223 24
5 36 108075 29
9 35 410388 38
4 20 544162 32
19 24 234151 33
10 31 126288 25
17 41 43415 28
2 22 916807 30
32 40 404156 22
15 43 444929 17
9 33 759419 17
39 42 256800 40
54 59 356994 20
50 56 439988 34
28 37 501344 26
23 35 798848 39
74 84 333828 5
25 32 504155 15
89 90 427960 38
47 52 68089 37
83 95 209769 33
74 82 664291 21
1 25 842858 4
28 34 984040 16
24 27 866524 29
3 26 967667 34
78 90 712374 17
51 58 270392 11
89 91 349435 15
4 40 159005 23
9 43 964533 40
77 95 735640 37
84 89 198469 9
16 44 847836 19
79 90 650391 32
18 32 486607 10
22 34 333425 39
55 62 653569 16
16 38 556083 5
82 95 26409 25
32 45 91663 36
8 34 464938 39
6 39 239911 17
22 41 992235 5
14 28 823349 19
16 33 208238 18
10 35 397106 11
13 24 488665 25
7 39 216056 34
21 41 313081 22
33 37 545116 13
29 45 110468 15
15 18 326452 37
46 56 414226 4
84 90 680936 2
4 16 902536 13
32 43 417994 24
14 33 299588 18
26 33 200862 18
11 31 589884 34
11 20 228178 21
75 83 76604 11
11 37 946531 34
3 7 861682 14
7 34 234649 10
18 43 438166 33
19 44 580088 36
46 49 912947 10
12 39 17736 11
19 28 914098 3
9 22 602013 29
15 25 210658 12
12 17 343751 31
15 31 254683 35
25 35 327716 22
1 5 818226 27
2 44 569184 23
35 37 416905 33
74 94 115738 17
76 93 35828 40
17 18 310388 10
23 25 499612 27
40 44 577527 5
7 38 602959 16
10 42 917355 4
36 38 502236 12
20 43 525275 29
86 95 789763 26
47 48 918939 16
11 18 174308 30
26 40 655634 16
20 28 267273 36
6 42 85003 40
8 36 723309 26
14 37 481717 28
4 38 273984 26
80 86 529699 36
84 88 130048 4
79 80 859370 35
28 30 488502 39
18 22 321910 21
18 26 9462 19
18 28 31446 27
24 28 432932 16
17 23 965046 39
68 71 68883 17
65 68 253138 29
5 17 497238 31
54 57 973186 22
88 94 254601 11
76 85 460219 36
78 91 694797 6
12 42 701539 8
39 43 637916 25
79 91 419043 35
1 16 587691 32
23 28 667999 30
9 13 751376 17
4 15 551937 11
1 11 802381 32
76 82 120588 9
10 36 218203 22
19 32 347552 4
16 41 7552 27
3 32 191057 15
36 42 930956 9
16 26 295614 31
11 28 872547 37
56 59 468866 3
97 99 969585 32
26 45 842633 17
31 34 699057 30
3 6 1533 31
12 27 638395 33
74 87 668145 32
35 36 589238 7
9 26 356380 8
37 43 216986 28
3 43 833711 24
7 23 786646 19
10 14 714307 13
38 45 405944 15
76 89 759668 6
15 38 823737 12
19 43 356200 30
16 39 847196 27
8 45 815193 27
49 54 520360 6
60 63 635539 23
41 43 570467 22
1 20 270654 2
75 90 778645 3
14 22 950426 3
2 18 163555 18
5 8 71480 7
18 24 406843 17
25 28 721607 20
36 41 964744 5
13 28 380312 2
17 42 687043 35
52 53 862008 3
2 30 719730 20
76 92 147881 29
3 37 547240 27
2 39 366237 4
45 46 360106 11
1 39 313370 30
17 45 492075 12
28 29 194239 40
34 43 781770 8
11 41 378417 15
1 38 332761 18
8 23 175640 26
2 13 373599 19
30 39 328828 31
2 29 322011 20
40 43 301220 17
11 29 10547 40
16 31 532249 34
2 36 530986 12
46 59 812320 14
80 90 770171 2
43 44 199213 18
6 27 269639 21
50 61 254234 9
48 54 24175 34
7 25 322733 27
29 40 103053 11
53 56 764241 3
89 95 299931 21
7 22 71837 12
24 29 269182 40
19 37 604317 8
13 30 460088 24
9 18 986340 9
67 73 59235 9
33 42 110862 32
8 19 395737 21
6 35 816174 28
15 36 371328 38
41 44 958534 30
9 44 133484 5
20 21 522253 37
23 44 163293 34
18 33 104565 40
12 18 145765 9
11 13 861232 37
7 29 276852 9
2 14 15009 12
18 23 1846 37
3 15 500105 16
25 36 769672 9
57 61 906744 18
58 59 940646 24
50 55 950195 12
6 24 633216 39
10 18 911121 7
28 41 986028 23
78 81 346774 39
74 83 335739 12
16 34 16442 26
90 94 449101 19
77 84 489452 9
8 33 688658 33
14 24 444025 1
32 33 853130 31
20 40 62337 18
10 26 208199 10
31 43 429236 38
8 21 630061 15
6 28 922174 16
79 82 788090 4
81 83 263578 20
87 89 975765 29
17 39 93025 20
93 94 357077 19
1 9 575472 6
5 32 859384 8
10 20 58836 39
79 95 547351 35
89 92 324916 7
54 60 971397 9
2 15 233287 38
70 73 956454 27
13 45 869531 4
15 26 993992 34
81 95 701781 9
15 39 568786 22
7 42 424944 10
8 18 49431 2
14 18 770700 15
77 81 714909 18
38 43 68733 16
69 72 441293 40
63 64 810045 20
8 22 573357 1
1 37 293909 5
21 38 336872 4
9 25 992481 13
64 65 173271 3
3 21 158270 32
9 21 557464 30
34 36 173265 34
68 70 207152 15
78 92 89902 30
9 19 497158 23
18 39 307461 38
12 19 168456 40
26 44 856272 14
33 41 287920 11
81 92 979336 30
25 40 434588 20
2 16 452575 28
3 40 581129 19
88 92 445246 27
9 29 556838 17
4 9 87149 30
82 94 395612 5
65 71 673771 28
76 79 730371 20
18 30 579178 18
13 44 372688 8
51 52 60153 10
98 99 488142 12
40 42 230860 5
27 42 277450 5
23 40 540917 39
9 40 904052 38
8 39 980637 35
2 40 331649 23
68 72 591723 15
26 38 348055 31
30 32 841060 20
11 38 272904 30
21 27 820640 1
8 32 831072 1
11 34 355256 18
2 5 608696 5
46 63 637429 18
20 22 474313 38
65 66 351041 13
30 40 349585 7
25 42 132384 23
16 22 598818 11
3 28 177155 22
1 23 739672 16
13 19 956852 32
34 38 211423 36
82 88 8660 12
5 37 448458 24
1 21 715987 22
6 36 910962 33
75 82 60971 9
4 31 5139 20
12 33 337954 30
12 23 331812 33
4 8 715794 36
2 35 596564 18
82 89 880244 9
8 20 137915 24
6 12 662816 7
27 38 83832 37
1 31 237894 7
16 36 371301 30
3 25 253854 10
14 29 418816 37
31 41 405405 19
74 78 31875 17
74 80 252609 21
8 13 261413 21
77 83 256010 25
47 51 8540 7
10 44 234235 2
24 26 256466 13
1 19 591241 4
4 14 349755 27
17 31 961182 33
26 32 385336 36
13 20 752705 2
84 93 221598 2
23 29 20845 13
11 42 125709 24
9 39 185608 34
17 26 329722 39
19 39 109708 7
1 18 777619 39
74 90 706631 35
50 62 736235 30
35 38 676998 10
8 10 199758 24
3 4 586776 35
50 63 674636 36
92 93 396173 19
55 57 245772 38
13 21 815539 38
11 33 375048 30
86 94 585130 36
28 44 19569 6
77 82 116669 35
80 92 407329 31
59 60 456099 22
47 49 857596 40
4 29 278744 9
14 40 853081 16
77 92 128757 7
6 13 928042 36
38 42 835869 24
55 60 703396 1
56 58 796320 14
18 40 536409 13
7 19 900311 25
58 60 314787 26
6 38 465963 21
80 93 873520 29
48 52 37381 3
19 40 208848 1
29 39 511144 21
1 42 897033 17
1 4 815395 6
66 68 134155 7
6 40 463371 19
50 57 37880 39
16 29 364366 29
21 23 268953 39
47 50 318375 30
83 93 744081 23
23 34 327666 1
77 80 733953 26
4 39 630091 39
74 91 354834 30
74 75 133373 23
13 22 366765 36
40 41 630679 40
6 20 786125 33
56 62 285939 24
64 73 811753 33
74 86 454208 20
32 41 248712 33
79 81 502180 2
86 89 495051 19
80 87 434334 39
3 39 686045 23
77 94 550352 25
10 41 723984 23
26 29 304614 6
13 29 773782 1
77 91 110279 6
87 88 273440 38
88 93 91528 16
94 95 985559 39
53 62 880971 9
17 24 180215 31
10 23 888009 4
15 28 242064 8
10 39 803786 9
19 36 945267 21
46 50 802227 15
24 40 76840 1
84 92 912540 23
16 37 945396 23
11 19 282025 7
76 94 501297 31
8 17 755213 1
22 35 632615 18
18 36 364117 17
20 30 515682 29
35 43 154732 28
15 45 186867 10
78 83 376981 7
1 27 866560 6
4 13 396793 28
15 16 325558 19
4 17 774096 13
1 24 824078 19
91 94 465332 10
80 88 801026 13
20 26 806877 20
16 27 198075 26
86 87 491783 24
2 12 699143 38
7 21 819661 32
77 78 160656 5
17 38 492008 16
6 25 669540 19
29 36 661381 13
44 45 917892 40
7 36 715190 6
5 44 786003 40
67 71 210540 21
20 24 291318 27
6 9 16339 1
7 43 87483 38
13 25 102274 13
13 43 177264 4
48 60 25984 10
20 23 693894 22
6 41 775597 5
23 42 492004 34
14 23 303592 17
24 38 802910 27
46 62 102886 21
8 35 819562 9
21 39 421617 4
2 41 251837 1
18 29 145789 30
25 39 196033 20
59 62 437213 14
9 23 322735 32
88 90 636359 33
21 43 452249 1
31 42 750868 17
12 35 685472 40
24 41 578996 10
79 86 846296 18
33 36 666659 24
64 71 407532 19
78 82 675024 17
5 20 5563 29
32 39 638615 31
33 34 995734 34
47 57 686191 7
34 35 792182 15
85 95 386068 19
66 71 909897 22
66 67 342370 8
78 84 939322 7
20 42 201667 19
9 42 602196 4
5 12 948216 30
30 34 286713 5
47 62 631121 8
75 88 91674 32
8 41 73923 4
4 7 383763 29
75 89 927760 14
7 18 248311 17
77 87 701659 34
12 32 565287 12
69 70 76880 26
83 86 241451 7
23 30 356853 19
56 63 780577 38
30 42 425119 26
1 10 876833 7
12 40 877613 40
37 41 320933 34
59 63 683222 25
14 25 807805 31
15 22 772678 8
22 32 840427 17
27 29 384880 27
5 13 980120 13
27 44 515870 33
48 61 851073 9
5 40 40360 12
49 56 20391 34
19 34 198770 24
79 85 359399 20
6 26 583810 28
78 85 672982 36
3 17 631689 15
30 38 144565 12
4 18 426810 1
40 45 211695 22
24 33 194084 2
36 37 509761 32
83 94 132678 12
57 60 12651 32
14 42 810630 33
18 21 266181 8
14 39 696814 21
26 35 352394 2
76 84 436412 8
76 78 527632 11
16 43 274735 32
77 79 834133 14
29 42 958500 39
15 33 315782 8
32 37 540206 19
74 93 640087 19
5 15 954725 19
47 61 910223 34
9 15 646833 14
29 34 638160 10
4 12 115236 23
50 52 170935 34
29 37 457450 17
77 88 941579 15
21 44 828102 32
48 49 991806 30
91 93 670325 2
15 29 794651 36
75 84 638876 18
10 32 433837 12
24 32 353235 36
75 81 321419 2
27 45 182976 20
1 17 662732 15
31 45 555227 30
18 27 542984 1
3 9 781052 33
29 44 32657 34
16 18 480463 7
4 32 255124 14
5 18 560218 30
7 17 795534 31
22 29 277202 30
28 31 801462 26
10 11 92816 23
11 39 970665 26
74 79 985952 10
6 30 556654 32
14 44 48075 25
47 53 759446 35
30 36 478935 27
49 55 570174 33
11 43 37639 34
2 11 966872 35
64 70 172625 19
54 55 580086 38
13 38 963320 12
27 32 772476 38
54 58 210847 9
3 8 646939 34
53 60 928574 18
7 9 974552 24
19 35 213807 37
4 11 647643 20
70 71 987602 38
26 27 117597 14
9 24 147780 11
61 63 396833 30
12 24 683887 1
52 63 809250 16
20 29 183458 36
10 45 75071 16
53 59 370232 24
9 30 304840 13
8 30 62480 21
4 26 527397 30
19 26 48136 18
5 45 438426 35
52 59 781565 31
38 41 338552 37
52 56 863071 34
48 59 806349 8
16 23 707695 34
5 7 988476 39
4 27 335016 38
87 92 389771 10
5 21 879682 9
88 89 783292 13
86 92 497537 19
15 23 482371 20
2 27 770108 24
82 87 818433 31
20 33 741303 29
19 21 41613 15
58 62 622606 28
23 36 133597 30
5 24 286835 5
27 30 67851 15
10 40 51748 40
75 93 724639 16
26 28 437186 39
8 14 309995 20
20 38 780404 28
4 33 309784 8
76 91 841443 14
24 34 587284 20
35 42 965872 32
2 19 416500 23
51 63 27137 3
1 30 989521 16
1 36 520630 26
80 89 617338 37
10 27 94539 21
22 42 975654 20
3 24 950703 14
46 54 24841 33
77 86 562072 6
21 35 183281 37
88 95 274776 3
16 45 481951 39
31 44 81667 12
27 43 595392 8
4 43 82949 23
96 97 386973 21
11 45 196648 19
3 33 476832 31
4 6 44482 18
83 91 193474 13
89 93 948418 17
9 34 266479 2
14 20 371952 4
48 57 485704 28
23 26 941073 25
68 73 688669 4
34 37 160332 15
6 31 780124 33
10 37 852905 3
2 33 417051 25
37 38 466749 12
68 69 42904 24
18 34 201226 40
21 30 370880 6
11 36 315679 21
10 25 305014 9
78 89 123600 3
64 67 292839 17
76 81 296214 14
3 16 677294 39
14 27 976966 4
86 91 411718 15
3 42 298460 4
21 40 848432 18
90 93 353664 18
13 33 205961 39
65 70 666178 27
34 42 704947 23
9 11 414283 1
61 62 78215 27
28 38 562828 11
24 37 710379 37
20 31 342047 17
81 86 157305 40
21 22 702839 40
15 21 626126 10
14 21 484422 36
2 6 921129 8
83 87 215070 29
21 24 377576 11
35 44 19857 22
25 45 669021 8
46 48 237659 33
48 58 480419 24
21 42 88622 38
13 36 6442 36
84 95 763121 12
91 92 270436 16
83 88 627089 33
7 15 240654 7
54 61 673780 30
26 39 415066 22
10 29 323892 37
89 94 959567 21
85 86 6006 15
16 24 691868 34
32 36 279505 9
11 14 270898 14
19 27 672883 5
91 95 691186 27
29 32 790184 2
19 41 43946 39
14 30 946011 36
5 35 857952 19
2 9 220581 22
23 43 36713 17
4 10 903689 19
15 20 947183 17
28 39 492186 15
81 87 280314 29
74 77 220397 2
75 87 993341 17
52 58 45896 22
5 22 731806 27
85 88 643379 24
17 37 30503 13
3 41 184037 13
84 86 884536 18
86 90 408961 39
74 76 659117 36
22 31 217204 13
12 20 973214 26
76 83 668257 37
81 94 819253 39
7 44 191490 15
25 33 31119 11
76 90 235037 24
78 88 705498 10
79 93 387881 31
85 90 273978 1
18 37 424237 21
49 62 539096 4
5 33 348762 23
75 77 782011 4
4 25 404115 17
83 84 12470 32
31 40 774876 23
97 98 726693 39
81 91 599542 28
48 55 285363 25
55 63 263812 22
51 57 769943 13
17 40 299908 7
90 92 959448 34
24 31 479302 5
7 28 826054 33
15 19 815759 26
24 39 652764 15
3 22 285802 3
25 31 489050 13
28 40 11555 7
75 95 264969 13
18 25 570412 7
33 45 195134 32
11 16 475191 2
7 30 981771 39
16 19 956104 3
15 41 847124 21
23 37 35770 38
50 51 920253 10
12 21 398210 27
5 23 905618 21
96 98 808661 5
5 39 747040 6
28 32 890409 12
64 66 829354 34
5 9 738306 34
57 59 287514 26
48 62 696312 30
2 25 513738 28
10 28 41177 29
24 44 793728 34
78 94 70068 20
92 94 153422 8
29 41 481627 10
38 40 356599 4
27 37 616494 13
7 10 441667 14
72 73 795759 4
20 34 441114 36
10 12 615436 29
49 52 173942 19
25 30 309349 25
77 85 858151 21
6 43 988943 40
78 79 179129 8
16 21 951680 13
26 41 397973 22
5 31 941751 15
8 44 66279 10
11 40 816528 5
60 61 507081 18
12 25 629193 14
6 7 202893 38
10 16 644902 16
1 34 410702 20
74 85 751124 9
22 33 221329 30
22 39 68505 36
66 73 921164 34
8 43 824902 32
75 79 26432 37
2 8 257506 11
13 34 655231 26
82 84 439140 4
2 32 310437 15
23 41 228086 28
14 34 521534 15
7 20 841270 38
81 82 134634 40
8 12 959791 39
50 58 153300 13
39 44 939504 13
58 61 36522 1
4 34 980016 27
19 23 283123 5
12 28 656800 39
5 16 384032 24
75 80 672593 23
22 24 343121 18
74 92 398735 15
7 41 390880 20
14 17 781924 18
14 16 102827 34
87 94 645996 19
16 40 800236 8
82 85 211152 7
8 26 857407 22
78 95 325046 17
10 19 836924 40
8 42 694415 27
24 36 457977 22
16 28 232191 26
85 89 998917 22
80 95 758018 35
6 32 638130 10
25 38 354329 34
86 88 518841 13
46 52 450014 24
8 28 965829 16
12 13 126805 26
87 93 150529 34
70 72 867810 5
13 35 480017 14
1 2 725284 5
31 37 832873 26
3 36 5986 22
7 16 698980 32
14 32 514452 3
13 32 566261 29
14 15 40786 16
58 63 523362 24
13 27 490327 21
69 73 961399 1
16 35 467093 19
5 6 581945 20
79 89 365314 32
79 88 16034 17
47 63 107649 7
85 92 440028 25
22 45 655203 5
7 12 418574 39
3 18 752745 40
51 59 435387 27
4 28 756642 11
25 41 278634 8
30 31 841991 3
49 57 110382 4
23 31 694903 9
57 62 174433 11
53 63 507944 27
20 32 633504 40
8 16 313203 5
41 42 741464 28
21 33 237373 5
7 24 387783 3
10 22 98695 5
49 60 272564 35
76 77 92885 22
18 44 797696 35
88 91 321003 39
11 35 452138 21
27 41 284987 31
11 22 772695 24
3 12 619054 16
27 31 737561 10
75 92 751858 35
17 30 250567 34
18 19 971344 18
46 47 879922 1
83 85 386078 11
30 44 504648 4
19 38 613456 35
2 20 351186 29
37 39 318872 10
50 59 137168 15
52 54 550586 27
11 24 190383 7
31 32 217384 1
11 44 584032 16
18 20 113385 20
87 90 936241 13
11 17 809100 23
49 61 405629 37
9 32 271027 25
9 27 360962 19
81 88 754491 2
12 31 578258 12
32 38 669689 30
13 15 27010 10
55 61 860311 20
1 13 956322 27
19 25 84707 39
21 37 909846 37
8 24 942086 7
85 93 908271 19
22 37 562091 5
2 10 615169 39
2 17 581777 22
2 28 579753 24
52 62 987385 6
79 92 200309 3
1 29 412607 1
6 15 428586 4
15 37 347720 38
1 28 88172 17
54 63 748500 13
34 44 998938 2
13 42 223461 21
12 36 855201 27
33 43 990438 13
46 51 535361 30
84 91 151741 21
22 38 720343 9
36 39 829605 17
21 28 734728 34
54 56 418977 27
39 41 617801 34
19 42 369167 11
87 95 318555 30
17 35 289851 7
1 41 992781 7
5 43 902461 2
11 15 762461 22
24 25 990739 22
39 40 465375 34
23 45 204078 17
34 39 616889 13
19 20 35016 38
24 30 159002 11
29 33 814767 2
92 95 662153 18
24 43 269558 35
60 62 296702 32
6 10 5581 34
16 30 241611 19
8 37 610526 17
21 36 449061 12
49 50 727732 24
10 15 935857 22
77 93 439772 29
3 44 458268 14
47 58 489556 23
78 86 897799 35
21 31 56825 4
78 80 116407 30
10 43 143946 8
11 12 139736 12
4 19 127686 20
37 42 78739 11
5 25 307656 7
35 40 763204 6
27 36 533460 5
23 39 958237 12
30 45 14622 9
30 43 576598 24
35 41 245299 14
86 93 57135 3
2 42 93110 38
4 45 92732 38
17 33 634671 26
3 20 835071 21
27 35 998529 33
83 89 90002 28
74 81 980397 28
1 40 440287 12
1 3 322105 37
95 96 546216 14
15 42 329270 32
76 86 783400 19
47 54 132187 15
1 35 388027 23
33 44 322670 25
80 94 309556 26
80 91 44671 36
27 34 764225 1
20 41 325616 31
22 27 492016 3
5 11 511256 37
77 90 757863 28
6 34 698686 11
15 40 22240 35
48 56 982063 37
33 38 806132 26
56 57 488438 16
7 33 975432 10
9 41 271310 26
85 94 201233 27
12 29 41291 15
65 67 376506 7
51 54 25027 6
15 44 783203 39
2 37 347610 2
2 3 541060 23
29 43 51778 22
12 15 776764 37
28 35 907731 30
29 30 437336 26
28 33 612873 37
15 34 484436 4
9 16 172754 21
33 40 716386 14
1 15 628733 17
55 58 439586 29
13 26 324127 5
75 86 982645 2
9 20 535699 31
19 45 985626 40
32 42 654965 22
1 45 863767 18
90 95 930779 34
3 27 497377 17
4 36 854619 36
7 37 537138 16
18 42 355240 8
12 43 313187 11
48 53 452356 31
25 37 843447 21
6 23 219067 18
73 74 675954 16
12 38 773413 5
5 10 627289 29
4 30 996198 28
17 20 111508 3
7 11 838107 14
8 11 982332 20
32 35 688127 21
48 51 218805 40
42 44 831300 39
69 71 497577 25
4 41 389707 5
14 38 617335 3
2 21 38702 38
47 60 510618 39
30 41 749985 19
96 99 858258 20
85 91 114146 25
6 33 614550 32
1 32 865436 33
6 45 224768 13
3 34 897713 11
23 38 137049 22
46 57 83377 20
13 14 330185 28
20 39 368926 11
16 20 894337 30
65 73 935248 22
5 29 306406 23
6 22 690305 32
7 40 474138 30
46 55 36960 7
27 40 203798 38
23 32 71304 25
84 87 882617 8
52 60 948040 34
1 8 220574 16
8 29 545272 40
10 30 818392 7
87 91 304131 15
7 14 24292 26
20 35 190620 7
9 10 367399 31
79 94 667218 12
65 72 387839 38
34 40 206582 37
17 22 124730 29
17 34 92554 6
53 54 365362 31
51 53 478949 14
10 34 726126 31
36 45 536284 17
5 28 508876 26
21 25 116333 8
82 92 115691 10
32 34 955279 3
12 30 315252 6
22 25 812805 6
82 86 206299 40
51 55 677563 21
30 37 606746 2
31 35 693286 9
17 29 540964 17
12 16 292391 1
7 31 474459 3
81 84 282813 40
13 40 364904 40
2 34 884786 9
2 43 976209 38
8 40 904311 30
51 56 812638 17
38 44 714787 36
8 27 353328 21
25 44 736244 6
22 30 205530 26
52 61 92454 6
1 26 656422 21
3 11 276426 2
84 85 285140 19
26 42 102494 33
12 45 536724 20
28 43 183801 30
46 53 742450 21
46 61 871473 38
35 39 886383 34
18 35 905302 27
7 35 21701 37
14 45 308231 28
47 59 149518 3
31 33 161360 23
3 30 87190 13
23 24 158533 37
2 45 781685 6
1 33 142024 25
34 45 857953 4
9 36 537438 28
3 13 681009 18
81 93 832030 13
81 85 143126 15
22 36 169757 6
30 33 255976 28
6 11 106472 20
25 43 812407 19
29 31 629113 15
21 29 416359 37
52 55 452762 21
2 24 366745 10
19 22 714871 2
6 37 264763 29
17 36 168311 35
18 41 529967 39
14 35 172714 15
80 85 80415 23
26 36 506398 35
1 6 506432 12
74 89 643139 17
15 30 539998 25
71 73 293081 29
5 19 811406 34
16 42 165510 17
26 37 645707 1
56 60 536048 17
4 44 654690 32
21 26 577194 36
80 82 445382 32
78 87 829797 37
67 69 684495 4
13 39 626676 1
82 93 956540 34
6 16 377575 31
4 22 524048 26
0 788207 414955 846600 44323 277232 128528 393522 573240 892577 853050 157331 505400 718274 498901 755199 354356 650300 714495 575473 160374 486602 464259 381456 916247 364803 386092 183969 97471 549844 884298 20727 402067 957260 397095 610880 918170 68906 182174 16823 
788207 0 586383 950770 795459 473447 870189 692414 71132 532052 971384 207064 687477 955029 639269 839849 616405 369854 502951 466258 881834 483738 990300 327954 958385 287109 861811 98640 587422 148365 636521 617296 961593 919718 644691 230795 806223 101122 419265 816805 
414955 586383 0 682824 679885 29011 350258 519297 839171 667473 518580 283219 349194 577395 24292 695196 639061 166644 928718 595839 674681 324200 622193 633939 72242 982956 815749 22987 841011 111393 300381 54990 844786 828265 93407 816506 550019 398727 985845 751967 
846600 950770 682824 0 800465 783653 411210 188015 112074 904471 268765 158876 311514 942872 25086 482743 794491 687931 870926 966490 326016 695677 599314 733272 904061 31424 801126 441936 7302 863119 859064 431102 128055 518380 190602 55710 763556 250982 963658 354281 
44323 795459 679885 800465 0 839568 385030 319382 324780 651157 429914 686753 673843 897919 484461 938250 145987 7242 230386 212596 254515 724172 161327 588744 372370 263557 209921 174246 863330 687439 385053 643500 266757 454567 625456 342898 737801 855611 423913 947184 
277232 473447 29011 783653 839568 0 792310 123284 506865 611694 798659 430069 720643 370278 449255 243490 565295 151257 282108 131965 726875 739788 416999 467480 640043 934792 809738 844076 585537 433740 537085 857029 974173 663746 299774 285429 339726 740334 31061 332405 
128528 870189 350258 411210 385030 792310 0 639167 989313 787434 468824 28148 487168 32582 906202 389228 928078 71659 871137 307828 870309 487489 542690 746203 21653 47472 702278 213868 721273 428836 668547 373 191366 361124 400491 167583 548472 652082 8132 472551 
393522 692414 519297 188015 319382 123284 639167 0 342344 860267 612550 709593 451564 568304 108502 79618 218568 364985 302432 184649 858120 302779 192780 868916 829443 838856 746721 919470 972985 53385 342099 398738 714958 597412 748663 574938 96322 817886 156702 409437 
573240 71132 839171 112074 324780 506865 989313 342344 0 424579 427382 520728 401867 30380 193144 155693 673683 40565 115990 524050 480136 290106 6700 941538 557266 341521 174207 23724 128604 678839 139638 376124 696685 321185 300446 87262 12924 834721 335047 309571 
892577 532052 667473 904471 651157 611694 787434 860267 424579 0 922382 33339 367542 657078 243368 423252 337820 359345 399656 498403 486238 852067 380546 549520 472534 372396 415142 618832 829756 317592 206278 244749 54387 149914 369195 282318 107866 483659 588093 859171 
853050 971384 518580 268765 429914 798659 468824 612550 427382 922382 0 841590 936291 867504 443316 118838 803651 265367 708201 242640 114912 218344 232713 917417 348646 754011 923356 357536 326786 81801 931040 684894 415265 263912 492871 96644 830687 211503 22967 3384 
157331 207064 283219 158876 686753 430069 28148 709593 520728 33339 841590 0 818023 659100 399255 86480 656078 164926 769991 341999 615619 208958 761808 53829 752606 992737 162704 627903 661627 87782 387742 708381 513984 511762 722809 337193 899235 465923 243657 578201 
505400 687477 349194 311514 673843 720643 487168 451564 401867 367542 936291 818023 0 196318 307147 783393 174657 719083 79302 655724 111988 513398 845415 838775 283196 902271 771509 737672 647576 454024 405448 138222 585658 711763 737306 972464 637234 500891 812452 211465 
718274 955029 577395 942872 897919 370278 32582 568304 30380 657078 867504 659100 196318 0 14118 667367 547892 354458 506552 7742 716921 205970 76790 684405 580984 123764 769195 480839 195370 270361 502038 790904 916497 553342 285969 200219 784769 658911 316839 197035 
498901 639269 24292 25086 484461 449255 906202 108502 193144 243368 443316 399255 307147 14118 0 989686 396977 39984 422179 772392 948951 718664 566829 550385 113264 189069 166821 781995 783453 465148 773894 844172 184498 534748 286585 836562 456065 282578 201661 939077 
755199 839849 695196 482743 938250 243490 389228 79618 155693 423252 118838 86480 783393 667367 989686 0 101369 555616 116613 14675 306317 632393 885531 842459 105536 683592 858857 497888 929247 119561 588985 596864 878929 937568 819537 823080 800079 363557 457842 653467 
354356 616405 639061 794491 145987 565295 928078 218568 673683 337820 803651 656078 174657 547892 396977 101369 0 898437 212848 936225 628070 594591 800633 553061 141898 387932 549680 534737 31264 246076 852920 884803 589721 236901 609662 808446 980713 316910 396929 207013 
650300 369854 166644 687931 7242 151257 71659 364985 40565 359345 265367 164926 719083 354458 39984 555616 898437 0 567259 359949 347274 501386 298152 478379 258675 74249 982872 388216 807357 275411 627943 628154 161135 196994 904424 264869 245074 289690 506427 795384 
714495 502951 928718 870926 230386 282108 871137 302432 115990 399656 708201 769991 79302 506552 422179 116613 212848 567259 0 825228 52245 641686 375256 699876 105316 583002 857012 553810 58016 706094 254954 725088 611939 237004 165704 505998 578302 273170 121666 288370 
575473 466258 595839 966490 212596 131965 307828 184649 524050 498403 242640 341999 655724 7742 772392 14675 936225 359949 825228 0 815801 198831 990736 25546 127228 910760 244951 937731 480985 826157 740203 613259 87545 236566 935394 771212 951759 748049 912530 417430 
160374 881834 674681 326016 254515 726875 870309 858120 480136 486238 114912 615619 111988 716921 948951 306317 628070 347274 52245 815801 0 816356 387695 712908 63434 448936 782124 49389 637611 448692 213889 340264 657254 320028 961315 922457 232581 685862 241998 955619 
486602 483738 324200 695677 724172 739788 487489 302779 290106 852067 218344 208958 513398 205970 718664 632393 594591 501386 641686 198831 816356 0 937902 980908 412973 499214 220427 493628 973655 236361 943297 43320 656685 748080 654000 982969 926489 531155 589521 891411 
464259 990300 622193 599314 161327 416999 542690 192780 6700 380546 232713 761808 845415 76790 566829 885531 800633 298152 375256 990736 387695 937902 0 388231 22046 946882 961814 577728 892242 306617 639403 589074 4233 713355 922435 959264 552906 728875 66518 650388 
381456 327954 633939 733272 588744 467480 746203 868916 941538 549520 917417 53829 838775 684405 550385 842459 553061 478379 699876 25546 712908 980908 388231 0 288734 138056 93717 714969 569198 457976 86373 382318 147383 385043 199108 548396 780231 961402 714322 679149 
916247 958385 72242 904061 372370 640043 21653 829443 557266 472534 348646 752606 283196 580984 113264 105536 141898 258675 105316 127228 63434 412973 22046 288734 0 320096 192753 94489 401214 394177 306666 682270 660740 60813 142726 833802 554116 990253 325503 349882 
364803 287109 982956 31424 263557 934792 47472 838856 341521 372396 754011 992737 902271 123764 189069 683592 387932 74249 583002 910760 448936 499214 946882 138056 320096 0 4719 427640 181749 780565 390156 500169 340561 572970 986578 561096 860302 34751 786909 395473 
386092 861811 815749 801126 209921 809738 702278 746721 174207 415142 923356 162704 771509 769195 166821 858857 549680 982872 857012 244951 782124 220427 961814 93717 192753 4719 0 106297 429505 506179 712747 342299 288585 802068 458524 385080 131064 623319 386087 86796 
183969 98640 22987 441936 174246 844076 213868 919470 23724 618832 357536 627903 737672 480839 781995 497888 534737 388216 553810 937731 49389 493628 577728 714969 94489 427640 106297 0 912163 391100 891000 178069 634693 402601 25751 70527 818956 488647 717245 478299 
97471 587422 841011 7302 863330 585537 721273 972985 128604 829756 326786 661627 647576 195370 783453 929247 31264 807357 58016 480985 637611 973655 892242 569198 401214 181749 429505 912163 0 312874 322900 963935 413477 345903 939570 83441 158574 505310 208187 499744 
549844 148365 111393 863119 687439 433740 428836 53385 678839 317592 81801 87782 454024 270361 465148 119561 246076 275411 706094 826157 448692 236361 306617 457976 394177 780565 506179 391100 312874 0 293843 980420 899289 563569 303764 969419 606896 248283 601964 782415 
884298 636521 300381 859064 385053 537085 668547 342099 139638 206278 931040 387742 405448 502038 773894 588985 852920 627943 254954 740203 213889 943297 639403 86373 306666 390156 712747 891000 322900 293843 0 38033 625623 10600 838121 25925 16503 480562 973354 384402 
20727 617296 54990 431102 643500 857029 373 398738 376124 244749 684894 708381 138222 790904 844172 596864 884803 628154 725088 613259 340264 43320 589074 382318 682270 500169 342299 178069 963935 980420 38033 0 406911 777783 955953 883300 469837 347286 325686 105693 
402067 961593 844786 128055 266757 974173 191366 714958 696685 54387 415265 513984 585658 916497 184498 878929 589721 161135 611939 87545 657254 656685 4233 147383 660740 340561 288585 634693 413477 899289 625623 406911 0 587967 809585 861944 473864 832859 597153 937279 
957260 919718 828265 518380 454567 663746 361124 597412 321185 149914 263912 511762 711763 553342 534748 937568 236901 196994 237004 236566 320028 748080 713355 385043 60813 572970 802068 402601 345903 563569 10600 777783 587967 0 886416 757766 825017 893992 15298 247291 
397095 644691 93407 190602 625456 299774 400491 748663 300446 369195 492871 722809 737306 285969 286585 819537 609662 904424 165704 935394 961315 654000 922435 199108 142726 986578 458524 25751 939570 303764 838121 955953 809585 886416 0 366200 120734 999851 309052 8397 
610880 230795 816506 55710 342898 285429 167583 574938 87262 282318 96644 337193 972464 200219 836562 823080 808446 264869 505998 771212 922457 982969 959264 548396 833802 561096 385080 70527 83441 969419 25925 883300 861944 757766 366200 0 692189 96460 490338 497224 
918170 806223 550019 763556 737801 339726 548472 96322 12924 107866 830687 899235 637234 784769 456065 800079 980713 245074 578302 951759 232581 926489 552906 780231 554116 860302 131064 818956 158574 606896 16503 469837 473864 825017 120734 692189 0 915192 204255 457109 
68906 101122 398727 250982 855611 740334 652082 817886 834721 483659 211503 465923 500891 658911 282578 363557 316910 289690 273170 748049 685862 531155 728875 961402 990253 34751 623319 488647 505310 248283 480562 347286 832859 893992 999851 96460 915192 0 349010 482089 
182174 419265 985845 963658 423913 31061 8132 156702 335047 588093 22967 243657 812452 316839 201661 457842 396929 506427 121666 912530 241998 589521 66518 714322 325503 786909 386087 717245 208187 601964 973354 325686 597153 15298 309052 490338 204255 349010 0 171251 
16823 816805 751967 354281 947184 332405 472551 409437 309571 859171 3384 578201 211465 197035 939077 653467 207013 795384 288370 417430 955619 891411 650388 679149 349882 395473 86796 478299 499744 782415 384402 105693 937279 247291 8397 497224 457109 482089 171251 0 
