110 2826 70
66 75 9345483 17
77 87 9392606 13
57 84 1312929 19
61 103 2700362 59
55 56 1495100 13
1 9 3023060 52
51 78 6079323 4
26 40 6750283 8
68 106 5693197 16
36 43 5919806 35
81 104 9859881 42
68 100 6978110 49
70 73 798436 46
62 79 5007190 54
17 37 8357209 56
34 44 4844018 31
83 84 2737917 31
62 104 5230363 6
11 44 7926530 21
74 97 8014312 16
3 32 1217182 11
49 50 1977100 20
64 75 5708026 40
75 104 520083 25
47 101 8722947 35
70 94 6674841 50
61 83 6541243 65
65 75 7293713 68
46 74 2045398 32
12 40 3083476 56
67 105 8765094 41
46 87 154689 39
59 106 5912149 69
51 103 1438550 31
58 95 5726063 59
63 95 7292571 23
82 96 2708862 69
6 39 8879573 37
92 106 7173246 29
54 105 5590235 56
3 15 926175 70
47 86 4971879 27
50 60 3206195 22
58 84 7469168 18
11 14 2837326 26
62 76 4300118 26
58 83 6877761 33
47 95 2670032 32
68 69 1400957 42
94 105 7953046 46
98 104 7065013 48
6 17 1341748 62
65 91 7161629 12
41 45 5025816 7
64 103 453577 68
75 90 4996093 6
54 61 5212739 15
29 45 8547554 24
10 41 1365183 33
72 98 7580283 35
83 85 2808259 29
8 25 2016343 61
2 31 1265614 28
64 94 9571357 46
37 40 5197021 44
68 90 5167435 14
99 103 7402617 53
13 25 7788239 19
21 28 2551547 56
78 98 4914314 33
50 59 2063823 39
62 69 8998457 34
50 90 8828737 35
73 99 6368664 39
70 89 2229663 37
79 103 3394389 4
19 21 7764738 57
74 75 5563435 39
57 89 6809941 17
92 102 7426910 55
57 77 8322043 25
51 92 2965462 4
87 90 2643891 11
25 26 9798025 18
49 61 9259469 58
66 82 2651199 59
49 68 961406 1
59 86 8625967 14
88 93 5254386 67
58 70 7444033 45
56 105 3607634 10
3 6 9804508 36
53 60 5193631 67
56 86 3577833 63
73 74 2757269 6
3 24 2945100 27
61 101 9146355 20
2 18 538324 57
61 104 4322074 54
46 76 161890 66
77 104 2809062 22
82 84 8232786 52
70 72 8880927 22
69 89 2489074 60
22 45 1524948 12
55 76 7679789 40
102 103 47387 31
50 57 8362070 1
49 90 9112940 34
63 79 6965144 62
73 85 898324 21
11 12 1026537 2
31 45 9389066 64
46 97 6452971 53
52 68 8457790 29
4 33 5193792 53
69 84 3956717 35
4 20 8288620 57
63 83 310516 62
4 45 5635743 5
15 29 1705087 55
15 18 2902053 63
3 22 41263 43
10 31 1193597 62
83 96 131649 3
48 77 4701777 14
22 27 9496076 51
46 96 3180914 38
68 86 5050852 60
54 76 8889981 36
2 35 4779810 1
46 103 3769309 51
71 73 3391769 55
92 101 2104485 11
48 89 4503618 13
49 104 2938161 58
7 16 3073908 42
62 97 3666303 29
53 65 1588345 31
3 44 1241786 17
59 90 7857844 33
9 40 1734273 31
88 100 4699017 30
26 42 2046952 70
87 88 7102366 66
66 104 411395 59
63 73 5031250 19
13 34 6750509 49
54 71 2295718 39
24 34 9954550 67
55 89 5026150 37
67 90 171085 67
50 80 9784063 38
75 106 1263405 49
79 84 4208327 40
23 30 2082774 39
58 98 2927263 40
58 97 3917511 37
65 81 2953931 57
47 81 6879530 53
56 102 4142331 31
1 25 8677620 47
62 83 3594113 65
64 106 5793271 31
21 37 7396711 3
64 79 4831117 41
32 34 5446653 16
28 30 2596628 34
52 82 1705007 44
60 90 5605994 49
5 33 6845532 22
85 106 6430659 7
90 95 8668352 50
2 37 8330123 30
64 67 124148 52
78 86 3086836 68
59 82 7733782 53
79 95 5960222 50
22 42 5184210 35
48 70 3946487 69
13 29 6007252 46
70 98 7090574 22
55 86 7068304 15
91 93 6440911 27
47 54 1053160 67
82 89 7484899 29
87 100 5047888 2
59 104 6209475 25
8 17 6368456 33
25 41 1408741 68
59 95 886035 13
67 94 6743809 22
19 30 4209882 14
28 34 8076797 50
21 32 6164640 70
79 104 4622376 13
69 100 9383066 42
29 35 2649549 31
10 21 5146976 34
12 45 9603156 6
2 5 9193127 22
59 61 4452424 8
93 101 1012 24
58 88 6307317 37
75 97 8233919 62
72 104 1720058 7
6 7 2798915 30
6 10 8708235 2
68 91 3793829 42
70 77 2664993 12
46 48 1388991 21
52 85 2605840 58
30 43 4615781 21
19 33 8795023 46
89 101 7571506 34
78 93 1444843 41
47 53 3987758 33
5 25 1988021 63
83 103 3745733 37
73 102 5862850 46
33 43 7532505 58
81 85 5068357 67
77 82 8769698 65
68 76 2258840 24
27 44 7907020 41
97 103 4579127 32
74 106 7765129 62
44 45 4802499 17
86 98 7021326 20
84 85 8438929 13
74 92 1713722 44
1 18 3012189 50
76 87 7824277 7
74 91 5652146 58
57 65 4382759 56
70 75 1194696 50
80 99 2676381 66
65 101 7407242 65
30 35 7651730 56
71 89 4892263 48
75 91 5921117 54
85 91 3734457 36
26 32 1834300 39
47 61 8283845 57
55 59 1431097 4
31 33 455422 11
61 63 7069238 59
21 45 9879495 68
37 44 8185267 17
66 74 2568301 3
81 97 9825803 30
83 91 784573 3
29 42 5286013 19
59 81 811542 48
93 99 4502400 68
79 102 4350797 69
79 106 110863 8
50 94 1099649 19
33 45 7447232 60
55 95 9072020 22
6 9 7632888 41
62 96 3350159 32
38 41 2021901 26
79 80 8945227 50
55 100 6170208 42
13 22 6325425 59
6 35 3327208 27
3 5 6038019 19
9 21 6567309 11
81 93 276352 47
61 78 9406222 33
15 34 8295359 15
17 43 6985066 55
26 43 3212651 8
1 34 1687413 36
60 78 95448 54
20 43 1673206 64
9 14 5210155 42
48 95 3273207 17
76 102 1024941 41
12 28 8943794 29
15 45 9457669 43
57 82 29330 27
52 63 95731 43
51 54 8153773 49
50 68 2814821 21
86 96 31522 9
59 88 1474852 1
9 34 9105661 48
83 102 4409462 13
85 102 9796367 26
73 87 4832117 60
71 98 7015984 61
2 34 3569854 64
48 68 9326114 11
70 88 9375799 41
23 38 8246209 60
96 99 2753982 58
59 103 7749346 66
26 33 9510565 40
10 35 7369633 10
47 89 1626023 17
14 34 8652956 70
99 105 5033855 49
72 103 8577721 8
101 105 7482872 59
97 102 3382062 32
60 65 5672334 65
13 39 3737001 42
82 101 7521257 62
8 42 8849525 60
68 96 3981529 37
7 38 8274949 48
75 98 80910 29
14 35 5256569 28
6 37 1035954 41
73 81 7979372 41
47 64 1008118 41
46 64 2925588 30
48 52 1522191 68
61 106 3872392 56
39 44 5195211 50
30 39 9889564 46
8 32 143319 58
13 24 9528504 44
29 37 1596722 37
50 76 7334407 24
11 40 6492183 18
36 39 5677794 52
65 98 5176523 19
54 68 2553191 28
48 71 5389694 50
72 96 1551302 7
20 42 5213598 48
73 78 2700813 45
55 81 9434054 21
62 86 9106808 19
32 38 5337650 46
49 81 8740679 46
21 39 7671343 7
64 98 3218907 65
65 100 276128 53
70 100 5771190 29
10 33 2841131 20
71 88 5497359 1
92 97 6842289 56
4 39 7351342 52
62 90 912159 61
81 92 3800785 44
25 27 805045 22
54 69 8024324 64
40 45 3233307 11
27 38 6089968 39
21 35 8607355 30
63 104 9200072 16
56 92 4348705 21
3 19 4428717 65
63 103 2641804 12
2 44 7818221 70
60 80 4217333 20
2 28 4857268 42
82 95 8459115 62
64 91 8992505 58
11 32 9399642 4
84 86 1398762 15
48 88 6579531 26
58 66 5023544 66
97 99 5192216 3
4 35 5996940 11
79 97 9230371 57
59 80 7968973 41
59 97 2956615 33
58 91 3627870 21
32 35 8260836 13
72 89 2964058 39
58 73 5895692 34
17 26 1544328 11
53 75 8905345 27
26 31 2656469 25
50 64 6865992 55
94 98 4396407 30
79 93 4533832 43
74 77 309804 10
66 86 6000100 3
14 41 8291732 38
3 14 2510268 29
10 44 3788770 29
80 85 1569806 39
18 38 8305093 43
100 104 5843380 34
60 101 6132869 37
79 92 2619952 32
50 52 3226830 33
6 11 7646911 29
57 100 9470142 21
14 39 3408827 16
31 40 3216610 8
53 102 1174767 64
63 84 9036498 53
89 93 9935549 15
69 77 3146176 49
64 80 1801869 22
11 33 8807460 51
29 39 8526816 32
6 30 1665987 47
57 66 3860244 61
99 102 6428097 42
9 22 1273402 57
49 98 5124562 57
75 84 566249 70
62 72 2036526 24
88 101 8573347 15
72 75 2055221 30
47 91 5941276 68
30 36 3290367 41
59 102 4465332 10
63 89 3636115 36
54 102 8504630 65
1 23 829617 57
2 14 3333305 25
48 75 5696082 49
11 26 8057784 49
3 21 6968352 7
91 99 9068495 65
5 12 973390 39
56 95 2000345 10
27 31 5537909 55
50 73 5372624 19
97 106 6936657 9
28 44 2121326 11
52 67 7895447 69
57 98 9052944 31
55 84 4992038 64
47 87 8555833 46
20 22 5432969 36
61 64 3499307 16
58 72 4956816 21
7 20 7836724 40
64 87 3074477 59
24 28 5630005 15
50 72 1766753 39
80 93 6160250 21
16 29 9102909 61
64 101 1056682 8
84 87 7850642 23
63 74 3130968 24
47 93 8010185 44
93 102 4236079 63
6 19 4654906 65
66 87 5945271 53
90 94 3654447 64
72 74 4838460 29
2 40 4337983 3
56 78 1218285 58
79 86 3640675 29
10 30 4149441 23
93 104 1488204 64
19 40 4196713 46
54 70 6359505 32
51 79 2197159 67
79 100 8777557 5
53 63 9077152 4
47 63 3340311 33
50 86 703094 70
77 98 9548755 17
47 83 1262075 7
12 34 7348312 65
56 73 9151123 24
8 11 6819829 63
48 67 8921761 43
16 24 9765207 43
1 44 5710826 63
68 74 2321307 44
95 97 7221435 67
8 16 7284622 17
5 36 5638509 60
69 74 2683588 68
68 73 5757398 47
72 79 8437668 3
73 97 3107410 10
69 79 5949449 42
46 77 1541827 36
63 100 7089058 41
49 57 2957203 5
54 91 7219678 69
4 11 3318440 43
4 21 1832442 64
56 104 6099936 69
57 74 8588039 46
86 88 4328209 35
13 40 1112476 58
52 73 6013007 26
13 31 4406361 15
51 58 9919570 45
22 33 6136635 10
47 90 688782 55
48 51 2962161 32
71 76 1054608 60
3 38 2444544 36
24 26 1658399 6
46 71 9507400 49
4 14 9613443 6
22 43 3367933 36
90 105 9169412 63
70 106 6629188 66
62 106 4153202 2
55 83 1101812 63
52 86 1169836 13
46 61 3452809 53
2 26 7966385 24
63 88 3424009 58
57 97 6399911 30
50 106 4615287 46
20 40 4763162 34
65 86 6072626 48
27 32 5131082 51
54 94 7318115 2
5 30 8210847 23
15 38 6977429 54
58 81 516460 43
13 21 2891799 9
18 45 7700285 59
60 89 9615545 4
69 96 9397381 1
46 65 8382381 63
14 29 7263373 55
4 37 8222243 46
34 36 5133283 70
55 87 6653158 8
66 97 416284 8
76 91 5390502 38
19 29 9845618 47
68 92 6357469 19
41 44 6225813 7
26 30 294592 10
42 44 8902251 53
25 45 1475508 15
8 34 1706981 48
60 75 3897671 5
77 97 7373611 15
21 43 6694914 55
63 76 6937629 62
81 95 3335009 33
11 20 8735957 61
91 94 901803 27
62 68 3685835 59
66 68 6455645 54
20 39 5249165 55
59 71 8009228 52
35 39 7602028 9
8 38 979733 48
53 55 261786 70
29 36 795198 11
91 106 2446813 60
67 80 3090428 29
21 41 2787960 57
84 105 2422155 12
71 104 6210588 29
84 104 4181161 62
96 101 1807422 38
48 105 7585446 47
65 96 4698851 6
57 86 2139132 41
89 97 8399821 55
71 79 6631020 67
3 33 2502646 46
64 82 9277013 32
5 40 1901461 55
79 96 9770000 49
7 37 7377428 63
11 30 9271095 33
88 94 8353293 48
54 80 5937741 23
50 92 4292415 55
19 34 7660172 50
78 83 9928102 43
64 99 7439418 22
60 103 5349144 25
56 101 9949006 54
53 54 8005093 10
77 94 1124461 21
93 106 3396110 40
61 79 7859183 27
69 102 1890817 28
56 106 9435926 11
66 70 5133732 17
56 96 3086722 38
3 29 4654021 29
57 62 2677183 65
12 42 383999 6
47 78 982020 1
26 29 2362808 24
58 89 1479030 4
46 66 5823956 28
52 106 5968341 67
62 65 9742228 23
58 68 5191425 66
88 89 5822822 55
87 102 5589593 55
53 82 2431722 46
6 14 1975594 51
69 106 5138256 41
22 26 1772908 54
61 68 766618 42
14 27 6704896 54
68 84 3958391 46
80 103 3670616 63
62 74 4317465 65
64 105 364187 26
65 89 5803913 50
48 60 2817558 67
16 41 7332803 2
86 103 7589309 45
27 33 8445682 34
70 93 559347 11
13 36 4921703 59
4 10 7593825 56
1 29 1896442 7
22 37 1320261 52
60 64 894167 10
38 42 147040 5
61 71 8648012 60
24 42 5210030 36
68 98 9417432 60
59 100 599314 64
10 37 8801278 21
51 104 734404 27
24 45 3696013 25
59 77 1191989 36
62 70 576247 39
74 90 7314852 16
9 38 576186 32
25 33 6944594 44
78 87 4567700 55
89 91 624860 32
64 92 8928187 42
67 76 2326944 49
6 8 9278796 41
74 96 2014886 6
76 88 1690760 14
48 72 5623058 63
46 60 9031168 12
61 99 7090531 28
63 64 1288548 29
19 22 9945315 51
80 92 8657756 21
62 85 1483114 31
15 19 391700 23
5 41 5457997 36
10 23 3523735 54
85 101 8320073 12
13 23 2005587 32
30 38 6341192 33
2 27 6628440 51
77 103 7786370 56
57 83 3078501 32
10 36 6712473 44
56 100 9180908 20
46 106 9570291 20
92 96 7724586 37
19 27 9362934 34
2 3 7829535 57
32 45 6136670 33
9 19 809016 70
72 85 6877849 35
78 102 8438503 32
74 88 6238826 52
54 62 8051016 3
52 81 570683 55
14 44 4170793 11
74 86 6444557 23
3 40 9718353 52
12 17 2433089 16
60 97 5197354 30
28 35 4867919 13
63 99 8748911 4
73 82 2194311 23
25 28 6704199 5
56 85 7270912 63
24 39 8897646 56
76 94 3218055 31
25 36 378556 29
13 16 1705069 36
52 60 7071148 35
47 65 8963723 20
5 19 7568512 24
8 24 6234308 60
52 55 9794086 32
70 96 7956797 35
66 84 2443526 52
61 82 542534 25
9 29 9804690 39
95 98 9129280 56
41 43 6585761 64
26 35 7785056 19
1 39 6650233 21
18 39 1641142 69
85 95 9734039 7
81 99 5026110 45
83 99 8297072 7
17 36 7361544 16
11 25 7173683 45
76 97 9282417 2
80 88 2805698 58
53 64 7253726 27
52 103 5491976 51
55 65 2149133 53
57 71 6836494 44
83 97 1993610 8
87 94 8230069 2
6 20 9463339 44
50 91 317050 35
2 15 2394963 49
63 92 9302267 66
100 103 6610888 59
5 10 8657149 28
69 105 1293771 44
23 41 9873991 61
78 92 9022740 41
95 106 9249768 37
48 87 5590201 2
68 93 2245751 38
12 26 8526331 1
50 104 3517741 17
46 99 8032047 13
76 93 8844284 40
71 82 4986710 31
14 20 6490246 59
18 20 9530390 9
98 99 5812635 46
49 77 215124 4
51 85 7404539 32
65 83 8420712 49
59 98 3671436 51
64 96 4876564 48
60 68 2333302 58
85 90 4063625 61
23 28 9404407 51
70 101 3866450 30
80 96 8456244 17
95 96 5864911 29
74 104 3831660 68
4 12 8157097 42
76 81 5926765 69
50 78 2080757 63
25 32 8044340 41
47 84 2436862 46
81 84 2868466 48
65 104 9639190 69
62 63 9110253 43
59 74 73192 60
19 35 5855073 65
19 41 1023824 8
58 60 9245171 26
1 5 3619607 54
2 33 6863176 38
88 92 4165825 46
97 98 8281761 27
49 102 8192545 48
53 79 1954325 37
59 92 9782726 6
48 100 8006805 20
22 23 7992280 35
85 92 1839237 66
71 75 6312952 45
54 89 9319022 26
89 103 8069553 30
24 31 2641168 63
10 15 5733198 56
62 66 4711390 32
23 40 2968447 21
48 82 6236089 17
24 41 8133914 63
46 82 722490 23
47 75 9627982 31
67 69 9281942 20
12 15 9616031 19
57 59 1910713 67
8 22 568736 24
64 76 1568565 10
51 88 5465839 33
10 39 115314 38
52 56 5705544 17
50 75 5221245 62
82 87 7724687 36
86 95 812159 49
48 69 9862971 37
53 101 8619724 33
82 102 7887630 20
47 69 2870223 60
73 88 7123438 14
82 94 6667602 37
95 104 2144048 67
69 75 7675999 44
83 92 874308 29
78 89 2591789 54
52 90 3483184 11
48 56 785478 49
18 32 2467094 16
60 84 5290883 2
40 41 4837833 8
96 102 4778224 42
7 26 1287060 31
20 37 487035 17
10 28 1742337 58
77 88 3653586 64
66 103 223317 11
19 36 9792009 43
28 29 4397379 1
74 98 3536408 36
38 44 8000051 59
60 104 9477602 20
75 83 230112 48
48 91 6500594 43
80 104 8655144 7
5 27 9792153 67
17 34 6514584 68
30 40 739109 67
3 39 746605 50
81 96 8284072 34
81 98 5153398 28
2 16 8421079 60
51 94 7721411 28
72 100 6848779 22
9 41 113272 63
5 39 9458593 10
15 30 9629794 40
80 97 9732100 49
15 44 9987397 16
77 79 3674423 39
11 31 4199615 42
48 92 6429871 63
46 53 6724050 70
61 72 4744063 56
16 35 2557511 20
49 95 14239 62
86 87 4295378 59
85 105 5944374 48
6 21 2493628 53
57 63 7095853 24
51 64 9273545 28
46 88 212023 4
73 104 5340347 62
61 97 8935223 39
74 94 6229433 40
63 82 3716037 8
6 29 6931123 14
24 30 8547845 39
52 74 4058985 16
47 55 8000865 32
46 70 6320538 25
59 87 573489 9
86 99 6928073 9
40 42 1028661 17
58 102 7518208 58
69 86 524070 10
62 80 3228788 7
68 72 7643695 1
15 27 3190806 54
22 39 3324911 2
7 31 3191514 60
55 70 4987515 24
67 96 7713641 24
8 9 7324435 29
63 97 9986125 45
47 99 3293587 46
58 71 6504978 60
31 35 7141521 49
21 24 9268208 6
68 104 5749548 42
3 10 9770643 41
59 70 6754341 26
37 41 5603569 5
64 104 4768052 67
57 103 1000771 48
77 80 9801393 39
20 26 9243774 70
50 96 755664 25
74 85 4038502 11
5 45 6089102 2
49 70 8945888 5
52 79 8220033 22
62 84 9554065 23
78 94 2721419 28
75 87 6876043 16
48 103 9135685 18
62 94 8299920 63
64 93 6957752 52
2 43 7252572 45
55 68 758290 58
14 37 1756719 41
63 96 185395 32
64 74 2268809 24
8 37 7976147 16
4 28 2277705 59
23 29 831660 43
26 34 1447326 44
53 85 8654682 8
5 13 3247769 64
54 104 6148575 65
84 92 1035858 51
93 97 6424190 19
74 101 4842058 43
58 93 6979100 31
30 34 7742957 9
26 39 1771233 36
71 91 5471609 41
108 109 644957 55
73 80 218511 45
19 31 7033385 15
10 12 4571104 15
63 90 9897674 13
6 27 1285343 21
52 77 5097269 46
48 61 1221350 65
18 25 6401120 23
16 38 8624883 63
58 105 719472 31
59 78 4682725 42
84 95 4011336 27
1 37 8105711 54
25 35 6967486 2
80 94 1826189 37
31 34 8012062 11
64 66 3692851 12
24 27 3393062 10
12 25 5536987 20
23 26 4097750 32
35 40 5512443 26
56 99 1364682 12
17 28 181688 7
77 86 2487779 13
11 18 3451640 69
53 62 9845966 16
15 41 9347822 70
21 25 6548852 57
60 102 7957806 15
51 82 2383762 51
47 103 4203705 17
55 73 6951043 15
54 100 4111230 21
98 106 2258878 28
48 58 3718816 20
61 85 3163979 12
4 17 1038041 48
27 43 8702963 35
52 59 7201220 17
63 102 8812584 30
3 36 6190629 31
53 70 4184906 25
85 98 6830510 17
10 18 330784 47
51 52 1171759 54
64 77 2524688 18
61 81 8285300 11
54 79 1960234 6
71 99 1966683 48
31 32 13916 26
89 92 1953693 24
69 71 3855759 20
30 44 9699518 63
82 92 388706 5
63 69 8956249 20
5 9 7652138 19
8 26 5145569 6
71 94 2516704 49
73 95 4086767 27
78 95 3381565 64
73 91 7711491 6
17 33 8017588 47
58 87 8752648 46
15 31 267200 46
52 58 497017 59
75 103 7598401 22
91 97 2652348 38
19 44 5090353 55
41 42 7452921 15
15 43 589139 11
71 97 5797028 69
61 69 3449153 48
21 44 6858373 23
7 10 3859286 22
9 43 4033750 30
48 85 9842160 50
92 93 9941845 40
47 66 62028 33
47 71 6702987 51
30 32 7555490 38
26 44 888941 16
57 104 3708622 44
55 104 2817895 27
8 14 8925364 2
15 21 7195049 49
85 97 7492618 17
68 88 9225286 10
102 106 5757460 4
90 100 1416160 31
14 26 1726210 34
27 35 6050166 34
36 37 5631461 46
49 72 4151988 60
73 89 1908064 32
2 4 1234137 66
51 101 2932890 19
101 106 2049198 67
50 66 3553154 32
61 105 4964539 67
67 74 3514487 61
77 90 8288506 4
54 96 5798091 20
79 87 7490779 31
50 103 6656066 32
54 81 7990648 68
24 33 1544199 12
15 42 5842639 46
63 68 556421 10
86 100 3034590 36
74 87 1956091 59
84 88 8996 66
10 42 5362443 67
21 34 6012283 64
86 94 968258 30
72 97 1744870 53
55 103 7407754 20
52 64 3522331 66
3 11 7560628 10
53 87 3331230 26
54 75 9127640 42
28 33 6073569 4
53 72 7951952 8
103 105 3670451 59
11 39 3000793 33
7 44 4779248 64
70 82 3283677 69
52 72 3508622 38
71 90 1085695 70
77 83 3375428 43
69 104 6056744 11
13 17 732797 16
56 75 5324764 7
19 43 123345 61
14 16 291022 48
84 106 1084306 1
50 95 7036095 47
57 102 2012159 3
34 42 6393059 54
61 70 5691766 1
8 15 2147485 9
2 22 216558 64
67 95 7538150 57
66 79 548256 13
6 12 7682116 52
46 72 311626 23
91 96 1621111 46
46 84 731821 68
39 42 3291722 70
15 24 169290 60
82 106 4222672 35
83 98 5229411 56
57 92 3523345 14
1 12 4979295 28
70 105 6921172 16
90 106 6153343 53
57 76 5094823 43
2 29 3752849 46
49 105 7153453 31
35 37 3957257 20
56 77 8283635 37
17 29 9583433 26
23 33 1367369 27
7 17 47657 1
22 38 8806134 51
10 17 7013483 51
59 64 5450782 59
60 105 7235036 64
79 101 726373 40
7 12 4194992 67
75 86 8068419 8
49 100 2746464 21
68 85 845586 51
57 96 5385274 8
3 9 2242645 14
46 75 1319580 13
27 39 9871753 20
95 100 8840334 9
24 25 3980542 31
62 101 4914010 25
7 27 4989450 58
3 8 4698205 61
68 102 1232219 21
81 82 4840403 39
87 106 7632485 23
15 22 3722814 69
50 89 790828 7
69 82 6379658 13
95 99 2185514 65
69 99 7425974 29
98 105 9015053 33
80 102 7729054 42
50 55 6524126 53
60 77 1073180 22
56 58 8764544 13
53 80 9262365 42
74 95 1574862 43
56 60 5112368 57
22 24 7343420 16
11 22 5127606 65
76 99 7596175 56
82 88 3695825 61
30 31 4889668 49
28 45 9396787 56
5 42 113721 58
50 79 733653 64
68 80 1607745 1
24 38 4534265 20
55 101 7296970 70
65 71 5438323 69
60 98 4545453 51
74 79 1496544 13
57 95 3977194 3
79 82 981039 61
94 97 5715503 38
64 69 3882424 52
77 96 786550 38
47 74 3741520 2
24 37 8128668 6
86 101 6651223 34
7 11 4578141 49
56 89 2094782 17
53 88 1180186 66
84 96 1176169 63
21 40 706850 62
4 24 2199025 9
53 95 1263180 17
56 74 4853721 11
82 83 8703632 21
8 33 7071024 44
7 25 8426721 1
58 106 6438052 17
43 45 606703 64
65 95 9034972 1
68 101 7096693 8
46 73 5835039 59
76 77 1331221 10
58 63 7190284 28
70 81 5520932 33
53 71 3648453 24
93 98 4425851 29
60 69 7431344 40
4 5 7234620 10
49 67 9449605 45
59 93 9473563 61
49 101 1747148 8
55 72 894302 1
4 8 5162533 19
18 35 2573982 10
76 103 6726716 7
2 45 2682706 33
76 79 3114888 1
18 37 1544577 52
59 72 9493630 38
67 91 9350849 21
63 106 9595444 12
16 20 9523194 14
59 69 764132 67
12 20 5577170 20
52 65 2427072 18
60 82 1099402 69
34 38 3811227 14
72 73 2334100 38
66 73 1297145 41
57 99 9735630 24
14 17 8640167 27
67 102 3766124 53
50 54 5843788 53
11 16 121067 41
52 92 6083268 69
71 92 1802819 39
52 87 4103376 69
79 88 9315525 36
18 23 3505743 47
61 95 6115472 10
46 80 8951079 6
101 103 7753828 34
50 82 467659 35
67 68 2156395 9
103 106 8785896 19
63 67 4829258 29
65 84 3766242 54
9 15 686710 18
54 95 2745622 25
66 76 7250710 45
46 50 779641 67
79 98 8690660 36
4 31 2101590 6
22 31 9874620 61
58 94 2390418 69
26 37 1596008 37
61 102 5659968 23
53 105 7734891 11
12 31 8381791 19
12 19 7981237 31
13 45 1459832 20
6 32 7288492 22
47 73 233848 64
18 24 4958358 65
3 41 6672959 55
58 79 1055913 13
21 36 454756 28
68 94 345888 11
2 20 225918 45
51 57 1851042 33
89 94 1839628 2
75 94 2952830 36
32 39 8144252 6
8 43 1661472 53
71 106 9635458 38
5 32 3822197 22
11 28 4575048 42
30 42 5248007 27
66 96 5419629 39
6 13 3249920 18
5 35 388065 3
46 54 6061743 41
94 100 6931594 51
48 93 7687847 61
66 100 9311558 50
52 75 9390842 40
51 55 5657880 68
5 26 4563095 16
73 90 8089292 3
52 105 5215054 28
59 67 4298121 41
15 25 7672801 67
14 42 6418397 53
88 95 4530902 42
50 63 9067539 10
5 17 918278 61
88 104 3085861 15
94 95 8432937 54
5 16 9005558 22
18 36 6642381 65
51 61 652348 50
1 24 272010 29
64 89 9859816 61
23 34 2544621 51
9 33 1117642 3
89 105 1981588 13
49 103 3734524 70
80 95 2324113 9
48 49 1189025 10
57 61 9591367 35
83 94 46652 53
49 73 4445036 69
61 93 6085795 68
54 86 8707364 9
47 104 9988545 57
81 83 8665002 28
51 73 6145841 11
48 76 7649703 41
20 36 7934766 68
11 15 7983422 27
83 88 4982105 14
23 43 1000468 31
22 44 577888 22
66 95 7021193 57
37 39 6357061 37
49 83 158416 41
66 105 7827665 41
56 87 7510710 12
71 85 3726997 55
13 14 7041880 47
50 62 4308383 35
90 98 2765157 2
70 84 4783337 29
9 24 5835111 23
55 93 7316455 2
1 28 9713327 34
8 19 1923193 43
50 98 8591581 56
27 28 7603409 17
69 78 7419226 7
70 71 8643970 6
29 43 9307402 10
31 43 2936533 21
49 63 2067905 2
78 97 4942526 4
49 56 9344575 38
87 93 303519 50
1 10 6967017 16
64 68 9209137 2
7 29 5164078 56
53 93 447637 50
94 104 2661976 8
84 94 8899442 24
102 104 7857275 6
49 58 2286933 69
51 80 1333787 59
10 32 4460500 31
55 96 1494067 37
9 42 6379407 55
62 77 1618911 17
46 56 7478372 10
53 90 4935619 39
6 26 6562653 46
1 15 5768919 41
68 82 2002103 50
70 80 3354730 51
82 105 175119 57
31 44 1215638 38
62 87 893809 59
15 26 4252100 60
69 94 4704935 38
25 29 2709910 44
66 94 6180779 67
65 79 4609937 29
7 15 7719947 5
46 85 9095847 17
79 94 5978455 2
55 67 4528988 40
10 19 2273856 7
48 81 3520638 22
66 92 6464964 11
68 78 9999014 58
70 85 4971435 39
57 88 3527070 33
58 67 2966140 45
60 92 2842573 31
19 25 1106381 39
66 91 6793669 69
61 74 84918 10
65 102 3053045 34
76 80 4360787 10
73 105 3165635 47
60 62 2808676 38
9 39 8697171 56
50 99 6900813 67
54 55 2465435 51
4 38 3510536 36
5 44 7909358 61
87 98 2698709 24
66 83 7992626 26
2 32 9738677 59
18 26 701672 6
97 100 5876160 58
61 65 5382005 39
1 45 1490521 53
50 87 4157279 68
24 29 1387091 70
34 45 4747219 49
72 86 3439341 26
15 35 2903961 59
73 79 1446063 4
56 63 203071 67
28 37 5751636 24
100 102 2389631 55
20 31 9417847 64
78 84 2570316 17
17 18 4393019 56
65 99 4320371 53
59 99 5489317 51
89 90 7184758 34
52 53 5460601 23
55 99 7409040 31
46 67 1364483 10
53 96 54064 26
20 28 4101013 22
47 50 4128488 10
10 25 6937486 29
8 35 9206732 40
39 45 4944130 6
18 27 1698153 60
11 45 9596255 62
20 35 7914924 20
53 84 6269692 16
76 106 7730291 38
95 105 2870531 30
30 45 1755612 24
85 103 6109032 14
16 18 4626233 11
25 44 2416200 27
6 36 8186293 39
7 18 8800387 31
94 103 664261 68
9 23 7682418 46
7 9 1107028 26
51 86 5898072 12
78 101 410899 20
65 66 8776427 26
9 25 7489479 21
91 103 6431552 65
49 96 1803718 41
77 92 2544067 39
7 21 3976013 23
46 51 1841315 32
14 45 7718303 67
25 40 1711627 10
71 86 8286341 5
1 4 2303777 36
23 45 5203702 59
59 66 4562290 23
54 66 6823363 68
57 73 6340754 23
80 106 5198415 47
22 35 8637089 51
52 71 5166346 11
70 95 4729494 47
60 94 1497803 13
73 77 2996313 42
28 39 4759746 62
15 32 350220 45
67 72 9190827 5
65 72 2764287 60
70 83 1056311 48
59 84 8413444 65
8 28 5417298 69
13 43 3031331 25
93 103 5682699 12
59 63 3313493 47
32 36 892561 11
82 103 7733197 64
64 97 3676797 38
2 10 3850508 34
11 23 447045 19
49 53 9321357 62
60 106 3240856 16
71 102 9025030 8
19 38 4186450 23
95 101 2291747 18
56 70 9238869 39
30 37 5357379 57
47 92 1528223 69
16 26 503007 8
4 22 5335788 62
32 41 8224505 1
67 81 5668384 59
29 31 388949 23
63 66 4436051 23
31 36 6597417 46
52 96 7568520 11
40 44 6830145 26
72 101 2876430 33
78 106 6609685 56
27 42 6651985 12
87 101 6451775 40
7 23 2368203 20
10 20 6837229 46
88 105 2185403 49
102 105 7688373 63
55 69 5310147 40
3 7 6554540 37
94 106 598560 47
53 86 8187401 55
31 42 8451159 28
3 26 6624864 4
103 104 9471964 30
64 73 5420662 5
62 98 8505135 38
13 37 3555308 57
75 99 8968576 35
49 85 5609673 29
17 41 803419 66
66 71 4915354 29
23 42 3526580 12
21 23 4692783 30
5 24 1005056 24
60 100 1197843 63
5 6 8234961 39
67 71 7361314 45
51 91 874141 70
16 33 1140228 48
9 26 5326555 22
68 71 9630225 70
69 81 4181638 59
17 44 6381975 70
47 97 7197067 65
58 64 7794765 30
10 38 2293772 10
57 90 8208835 6
53 73 9441275 55
28 31 6794986 10
50 88 5041939 20
67 97 7704311 36
36 45 9069867 48
16 36 3855922 49
51 56 3532264 10
5 8 8993559 62
9 30 9131756 21
25 43 3193847 36
54 77 9084033 40
49 88 6178938 16
76 104 5594121 18
67 99 962575 61
5 31 4237379 16
16 19 6706711 12
18 40 1466790 41
4 42 5802250 59
14 23 9538171 12
8 29 2201247 37
53 94 5600017 59
66 106 9361901 17
50 51 2000075 55
54 72 93785 31
81 87 2197061 4
60 81 7909127 9
60 61 5582258 19
65 103 5945567 42
59 91 9249728 34
107 108 6353696 6
85 99 5051814 8
16 25 835707 34
51 70 3708462 58
94 96 6951423 56
33 42 2500965 37
66 77 3737811 60
36 38 3224496 6
65 106 1850910 60
46 91 5925412 51
60 99 3550066 12
62 100 5101060 11
75 100 1445586 41
16 42 9628984 17
64 70 7714686 45
62 75 3978927 25
19 45 2756239 10
4 9 3766864 12
76 78 525185 6
9 28 7625735 14
80 82 4686932 56
70 74 6310934 27
53 74 4451643 21
4 25 1058663 58
11 27 6560538 38
86 106 1217277 32
77 84 5856707 11
17 38 4762363 20
86 97 3120831 20
53 104 2887819 64
49 64 153854 6
55 79 9289591 28
11 19 3921925 43
60 71 795802 42
12 30 7082304 45
51 65 9961227 3
18 22 1555212 58
21 29 9139385 42
48 90 4752956 59
85 94 168016 5
52 54 623600 22
64 81 1116696 49
46 79 5480033 59
49 69 4006048 5
1 36 9017595 54
49 82 6053006 62
46 92 926843 57
56 88 2041958 70
57 58 4798764 43
26 38 5132798 29
93 100 1882794 35
54 87 9107125 54
46 100 300423 52
90 102 7081310 7
5 21 5068052 26
48 99 7259968 35
35 42 3960818 63
53 77 2890649 21
2 42 7827787 43
88 96 2703829 10
24 43 8570416 14
1 13 2765854 39
42 45 4934993 8
70 92 7301323 64
52 61 645739 56
56 79 1500094 42
74 76 6462558 37
67 92 2889734 22
66 90 1376855 26
57 68 2083088 59
4 32 6650379 52
58 92 5020182 7
8 27 535347 34
7 36 361615 65
96 100 5753777 31
37 38 793406 55
96 105 8983655 34
49 80 9917583 19
51 63 9060509 43
16 39 9789491 12
92 95 8205665 60
54 58 8897469 39
6 15 8836950 62
3 45 8719602 66
55 82 4064799 52
65 105 608015 13
28 36 8707701 11
56 71 9358553 19
75 82 3543530 61
56 61 4266016 29
50 77 4666311 51
67 79 1516172 57
85 96 5270539 53
16 32 7224565 66
8 39 4600003 27
56 81 9404676 47
10 29 2256337 64
75 79 9538949 47
61 94 5741650 29
91 100 2968097 14
58 82 9821035 50
85 87 9373289 33
50 61 7926094 20
4 44 4691007 5
7 34 8058984 17
104 106 4986418 21
71 103 7296770 21
61 91 3573714 55
92 98 762 5
9 37 95029 13
23 36 8492398 13
2 17 6235386 29
76 92 2277697 58
49 86 9065591 14
56 66 8587566 32
69 92 2998517 35
61 90 139520 52
6 42 8696269 65
59 89 4193443 27
56 62 5799812 38
57 64 463477 44
63 94 8617091 68
56 103 24586 42
99 100 6506617 51
80 100 814784 57
5 15 5081412 13
54 84 7701171 10
71 77 9105893 16
13 35 262075 61
1 16 9075542 45
16 34 6004623 32
17 39 8017359 65
47 62 9543152 25
63 86 6377176 17
56 93 984483 21
90 99 5410688 42
66 80 7800051 61
59 85 5317442 20
84 91 592689 27
32 42 1095726 2
75 101 8132599 8
60 73 9267155 39
51 89 7109902 1
27 34 3249207 21
1 31 129750 32
80 81 865518 13
20 45 1937903 24
50 93 4452861 62
73 94 2836633 22
46 105 8706387 60
47 98 3609198 3
28 43 2997198 37
79 85 8101069 4
53 100 2290686 52
90 96 866204 48
82 97 8511281 15
3 43 7829088 52
57 80 6211376 4
46 47 9763283 59
96 103 4831222 12
16 21 407709 59
9 27 5904597 21
73 98 4179146 35
54 65 9606504 15
4 27 4927348 54
15 33 189973 30
59 75 1148475 12
71 87 7960388 41
20 41 2340317 31
29 30 5319717 43
82 100 2024842 42
67 103 5112044 48
62 73 8327114 15
59 65 3180156 35
16 44 8181982 57
4 36 6101844 54
23 32 3365575 23
11 43 2979217 48
80 91 5745699 2
3 27 8281434 31
47 52 4370773 66
67 70 7843414 50
76 98 7871235 60
63 93 7932010 54
51 66 2993744 23
73 84 5078498 68
67 87 7846218 42
52 88 724484 26
69 87 4035842 37
49 75 6805907 58
56 90 7535885 6
35 43 3311835 54
58 104 1639600 17
78 81 188771 59
76 100 7094325 59
4 13 3705161 61
7 41 5900543 4
70 104 7214959 43
58 69 6420513 50
9 10 1424994 53
59 60 3607726 58
70 76 6383911 55
61 87 9424575 4
55 97 5478004 58
60 85 8039877 46
53 81 2187452 11
78 90 2822040 42
56 98 5869954 48
98 100 7964631 37
68 77 6452963 30
104 105 2998825 40
51 72 8734937 54
34 41 1702648 68
61 76 3626412 66
18 41 5531979 6
54 97 1056573 2
7 32 8519658 62
47 70 4900496 61
15 17 2843397 6
71 80 2273430 36
52 80 8620346 56
35 41 7795924 67
81 89 1388238 50
82 98 2534818 36
77 100 4337904 46
17 25 1515306 4
64 78 3045643 33
52 95 6513847 9
91 92 2142786 29
6 25 3674322 33
56 67 60082 70
14 19 3106769 29
84 100 6170342 67
20 29 1801188 44
50 81 5760311 29
61 84 3695478 34
46 94 6474028 37
87 99 1241857 27
91 102 1606965 28
12 23 7744164 66
60 76 4621304 34
79 90 34678 68
71 96 3608558 69
46 81 5444779 24
76 83 892026 38
5 28 1039198 45
40 43 4798354 17
84 97 6380578 63
50 69 864734 10
53 89 3000099 19
60 96 5434176 48
7 24 746261 15
57 106 1786223 56
83 100 5809197 31
51 90 4878255 39
68 103 7327831 35
58 100 1407278 47
6 40 8636125 46
56 59 1974242 3
46 49 2580027 56
9 44 9011916 14
8 41 8969451 40
58 85 9469913 36
71 83 3639257 58
75 102 618057 62
13 44 3166004 11
51 71 9745364 28
62 103 1866094 36
17 23 8393074 42
81 106 5901031 26
89 98 2447658 39
76 89 1391833 22
27 40 4817533 57
14 15 1571449 62
67 98 3604531 36
31 37 7786694 2
72 92 1962000 70
59 96 3442028 53
46 57 1701611 32
10 45 5626808 55
48 96 1055231 42
25 30 3164226 70
31 38 7415777 32
6 16 9164949 57
81 100 5644907 15
20 44 3204843 34
49 66 8577623 37
7 13 3869474 50
48 53 8987811 47
10 13 8631060 15
9 45 3774943 8
81 90 4705272 16
53 61 8044622 50
61 92 792622 24
29 41 4167250 1
20 24 104598 68
46 83 1644575 64
50 97 2604973 56
21 31 6126850 26
1 7 528245 56
73 103 5067390 61
83 106 8688537 55
86 105 3027529 4
46 69 8842217 8
63 98 8616479 47
85 89 1617490 69
67 101 2268033 66
54 73 5947621 69
78 104 1207776 50
32 44 4110542 62
65 94 2196371 64
80 87 5209675 30
80 101 317372 25
7 14 1276268 52
75 76 4311921 17
27 37 526301 16
11 35 7977455 16
54 74 651897 67
75 80 6879280 25
49 91 6538131 49
92 105 8467804 34
54 59 7336651 69
46 101 2412246 65
46 55 9941765 1
1 41 897224 68
20 21 1273236 18
22 41 4290168 60
81 88 4759518 9
54 93 8707343 34
23 37 4573379 32
47 59 7987555 62
78 103 7224250 21
54 90 515397 26
7 35 9824662 52
84 101 7054137 23
72 99 9705896 62
9 18 5502205 68
49 62 4404624 28
51 102 2970079 12
48 65 6390936 35
78 88 5552025 42
52 76 405975 32
71 78 9666309 10
58 65 6949388 25
22 40 9241730 42
95 102 3951832 52
1 33 8253776 61
32 43 298543 26
47 57 7970874 59
48 64 1030283 53
48 66 8220955 7
14 21 5199277 29
23 35 3255940 42
53 103 5404295 33
61 62 226592 7
92 94 5144288 38
67 84 9996475 21
69 97 6991907 29
62 91 2098337 21
83 86 9795207 69
67 88 1149258 6
70 90 1623341 62
101 102 5575331 18
3 35 2495386 16
2 9 7725471 51
63 65 1963253 7
38 39 5168026 62
34 39 161713 49
9 31 3662531 56
2 13 6043812 58
48 86 1629544 24
55 88 4372513 69
56 94 8577770 56
57 105 4635908 61
27 41 622883 41
6 38 639348 35
58 86 1193864 55
16 28 4641225 10
96 98 3453417 69
75 77 5817027 69
46 59 7672980 8
25 37 8181169 17
58 77 7859979 14
55 57 55820 1
65 85 8230643 58
2 39 8823012 33
66 89 3800938 58
63 75 851377 60
51 81 2369473 49
55 90 2146831 44
63 78 1844250 11
88 90 7946540 63
35 45 8682884 48
28 32 2236597 58
14 43 4889691 60
48 98 1491453 35
9 13 8984837 15
12 14 9475489 70
74 93 5303482 66
74 105 950060 56
58 103 235742 34
32 40 8116922 65
8 21 5290451 1
8 36 2200872 11
2 38 8529149 10
88 98 1288810 16
35 36 526915 31
50 105 386875 13
3 17 4185304 15
55 58 4742684 34
14 25 7485616 4
23 25 3231661 29
84 102 2729917 38
4 30 2984635 41
52 84 1524706 39
76 95 858659 49
77 99 6564205 15
54 88 6258932 60
69 98 9476019 53
7 30 9220250 29
65 97 9559977 32
67 93 2278991 13
57 70 4190552 4
17 21 4450741 21
24 35 3110717 7
13 30 8253388 1
13 20 5318115 39
20 23 8873405 28
64 100 9073213 2
23 44 4607735 68
62 78 2564701 34
50 58 7998248 25
51 98 851272 48
28 42 3505990 19
1 22 1390863 14
100 106 6036070 14
87 95 2979609 68
12 24 656819 70
59 76 7689735 24
2 25 1899290 3
58 62 6061740 51
59 101 3520030 11
70 78 2487218 17
33 41 2053073 56
53 91 5621744 70
14 32 3475125 34
106 107 5015073 38
12 18 8884527 19
21 30 3154106 4
58 101 9691348 28
82 90 8892378 33
51 62 7587440 66
18 42 2378865 51
16 37 2144354 29
7 45 9851116 18
73 100 5728931 4
51 60 4935580 18
5 11 3690491 60
71 100 9075430 1
5 22 2760073 16
5 20 4214826 56
67 82 8463982 4
77 102 2052329 36
50 102 9835158 15
11 41 5694497 1
12 35 5005322 8
52 101 572285 23
11 37 4583844 11
27 36 4697598 44
14 24 8500613 43
60 83 3692048 33
86 90 8570303 30
65 80 3383802 41
73 86 8465876 34
16 45 2255070 29
4 7 8568738 32
49 79 9608569 37
65 69 4734305 13
60 72 9494102 3
92 104 489009 16
52 104 184779 7
17 31 2630454 61
15 20 7742116 13
96 106 5141469 8
55 71 6774094 20
73 76 3255633 7
89 106 5620064 56
65 78 4109299 68
54 106 8427465 53
26 28 5449862 58
49 87 5513532 53
30 41 22565 45
62 102 9495173 21
19 26 3989881 59
59 62 1417328 68
50 53 6070074 8
5 29 6959094 37
63 71 1556568 54
52 66 2425904 39
55 94 4095111 50
56 57 4197349 21
91 95 6935369 16
64 65 7261657 54
33 35 847074 28
26 45 483698 20
14 36 906603 20
3 13 485768 59
7 22 702197 19
52 83 358309 18
62 88 7967693 33
20 38 8100960 68
58 99 3308074 41
46 89 3308465 13
13 27 8469826 51
97 104 7885538 10
68 87 5866704 58
64 95 3460062 19
78 99 7428561 28
21 27 3048797 8
5 7 6124637 63
28 40 7876085 35
49 106 8875150 53
80 90 3786575 2
11 38 5030910 14
56 76 250423 65
9 16 8615474 62
10 11 598325 38
5 43 637537 25
46 58 2007746 15
96 97 9405548 53
89 99 2080495 13
6 34 6439499 52
18 31 2569369 69
25 39 4551215 28
14 38 1665375 50
71 105 8751250 51
73 92 2988526 22
46 78 7825661 8
4 6 4531402 67
68 97 795414 69
37 45 6559194 36
52 99 9884997 53
50 67 1062857 51
16 23 5307514 4
74 84 1495537 18
1 38 7692514 3
48 62 7902396 42
69 76 1375190 4
4 18 2537073 27
72 78 5172367 9
84 89 2086317 5
63 85 248005 50
4 40 4904662 8
15 40 1279763 52
9 32 6061790 64
63 91 2154896 63
53 58 55134 37
84 93 4223111 59
74 99 3707519 42
69 80 613450 22
13 42 5630841 8
86 102 4335292 19
14 18 2534774 65
9 35 3257809 28
3 37 7312045 52
48 59 4312871 18
75 96 788702 51
1 20 8030551 11
20 27 7581373 13
89 104 4808356 39
8 40 3195838 19
5 37 6266177 48
65 87 2527778 49
10 22 408769 50
31 41 8236125 36
57 87 9044086 50
57 79 2214189 11
99 106 8485961 42
11 29 8567679 28
1 26 5835634 25
61 66 8287513 8
80 98 7178345 4
17 42 3007802 29
49 78 8182689 51
72 102 841091 56
74 103 6211830 14
97 101 7486613 23
80 89 630449 6
20 34 3118585 31
64 72 9487044 46
47 85 1401462 69
62 64 3864560 7
53 67 4893133 12
1 30 4632462 18
90 91 3257757 48
26 41 9987997 15
55 64 3248595 59
54 101 9411471 66
46 63 5931779 54
50 65 9304508 19
17 30 964232 31
77 93 2820733 31
33 40 9375500 45
1 27 2252899 40
10 16 9423987 11
80 105 745343 66
51 76 6818600 34
3 28 3174695 21
78 96 5105853 6
55 74 6966558 4
93 96 2588914 9
76 105 6101540 1
61 88 557985 46
76 84 9664966 69
81 91 3097332 64
54 56 9808837 46
57 78 2251708 48
59 73 742402 50
29 32 4982679 46
13 18 3196802 7
65 73 2430674 52
65 92 5811989 43
63 77 33637 69
68 83 629682 53
53 92 6419849 10
64 84 2833951 27
9 11 7341339 9
91 101 254180 51
46 86 8469733 22
2 23 6169130 1
25 34 2617439 47
67 86 9611216 9
7 28 7525500 9
67 77 3768163 44
66 69 1129137 42
51 87 5687917 1
62 99 3135485 39
48 80 2039559 19
5 23 3594426 13
66 78 7760410 69
1 35 8455143 65
12 43 5874865 24
52 97 8618594 20
52 78 925533 19
63 81 606631 42
11 24 6904406 27
9 12 7071923 23
14 22 4844232 69
7 43 6495389 9
51 77 5368055 32
63 87 1527900 11
2 21 1080313 5
90 104 3374690 26
74 89 6465864 15
83 89 2690176 61
54 85 5171727 19
47 58 6389807 63
71 93 1511394 33
55 85 6315648 62
47 82 2273861 7
10 34 4028702 55
88 102 1403936 15
8 12 4725172 22
93 105 5505690 31
67 78 7539519 42
25 42 4394699 22
61 73 857612 37
47 51 4516759 27
80 86 9724659 35
12 22 2882021 61
69 73 7196471 4
85 88 681812 23
60 74 7945089 40
46 95 9204290 32
46 52 154912 51
48 106 9412121 1
60 66 9678928 1
23 31 7536938 33
92 103 3247117 38
13 32 2358486 7
59 94 1330846 1
6 43 3778153 58
3 12 546354 39
20 30 5499209 34
85 93 2452399 33
2 7 588486 45
47 48 8248085 1
90 92 2527761 27
49 55 91714 56
74 78 3756012 48
8 20 4415685 13
34 40 6907579 8
57 81 5885077 66
7 33 704117 2
3 4 1990500 34
99 104 9777219 17
17 20 1503710 33
105 106 4584643 4
74 81 6031013 66
4 23 4288431 16
73 96 73710 69
54 78 6552000 24
2 24 3913029 66
67 75 5564346 50
49 89 7870822 17
47 77 6243376 9
75 78 6247303 27
72 87 4286888 12
79 99 1383975 52
49 94 4775949 53
68 95 5843489 50
2 11 5566472 63
49 60 244008 48
13 26 6201233 9
94 99 7166347 48
61 96 7979705 66
52 62 3849878 7
58 78 8380619 52
81 101 4039852 5
47 67 7221230 34
2 8 5149918 8
71 81 9070897 64
54 103 3926908 10
66 88 1464978 38
10 24 4831623 64
71 95 3578299 44
58 80 1597539 55
11 13 6692129 22
51 59 269901 30
11 42 256041 42
65 82 4749297 61
28 38 1202279 47
84 103 8040354 50
46 93 441044 54
12 32 8061872 24
64 88 784188 31
74 100 7657947 58
84 90 5201662 61
51 69 2858849 47
82 104 7310170 31
84 98 1674371 11
69 91 4239783 40
34 37 220533 25
61 80 3446717 50
60 79 8855259 23
13 38 922942 16
68 89 2051262 57
19 42 328864 67
29 38 8771593 31
89 100 1321586 8
19 24 5973384 15
92 100 2222890 4
60 91 3385146 28
23 27 2585689 64
75 95 4244652 2
60 93 4906519 47
70 97 5302500 34
78 85 842524 5
8 31 9030438 36
77 101 8823732 23
78 91 8172923 69
75 85 5677654 61
12 39 6563491 1
72 91 7682389 70
88 99 6781873 20
47 106 19983 4
18 44 4747765 43
63 101 5770348 28
93 95 3793865 63
56 84 2632882 35
58 75 7920212 55
57 67 9863297 10
22 30 8536199 35
1 6 176595 23
55 92 246044 68
7 42 278480 69
72 94 150725 36
6 41 187631 33
50 85 7919172 1
54 99 1955356 70
82 99 6690855 6
47 105 123287 12
64 85 5545687 52
80 84 3319686 7
48 55 4768199 53
11 17 411403 57
2 12 3230079 38
69 70 3050697 32
88 97 7286113 3
27 45 9102616 14
46 104 1132077 27
51 93 577575 8
58 74 5729351 65
46 98 692546 39
1 42 3743676 65
59 68 7326577 25
11 34 8930842 70
85 86 4342131 61
52 69 5038133 47
72 88 9024010 67
49 74 8411883 9
66 81 1700345 54
19 32 9941972 70
3 20 4150535 59
14 31 9623363 15
66 67 6684693 51
15 28 9126433 48
83 95 9588264 39
14 30 4563016 40
42 43 5322558 32
12 16 2672284 47
87 89 9552698 26
62 95 8110783 56
60 63 3744206 67
33 44 9756275 19
54 83 5569695 45
70 103 9630748 13
73 83 1015301 13
71 72 5566995 1
47 72 3071722 31
62 93 9320609 36
69 101 6987102 45
63 70 3085773 57
77 105 1547281 61
50 84 8626050 13
77 106 5914812 37
34 35 4077586 23
18 43 6003365 5
61 67 4891808 35
50 71 4914311 8
57 72 9338309 34
67 104 3449974 51
12 36 8549239 17
53 83 8846866 47
83 101 8268013 49
67 83 5727835 13
17 45 4148950 66
52 93 714840 68
95 103 1374129 55
46 90 1653513 54
98 103 4507613 6
10 14 6234751 62
7 19 1591871 5
24 44 7241019 61
48 57 6765816 27
28 41 920204 46
11 36 3076251 2
93 94 1512542 48
22 32 5488363 10
56 97 620375 1
20 33 9749331 31
80 83 2838359 34
83 104 4340759 12
64 90 4168645 13
57 60 7754845 39
29 44 1481197 60
46 62 2145314 33
61 75 3954529 60
56 72 8057020 26
8 44 6535232 26
87 92 3187088 69
1 3 7778536 65
56 80 4758841 20
29 40 6616466 24
46 102 744443 37
61 77 8061041 18
13 28 68268 35
6 33 6912947 43
87 91 1145810 60
13 19 9025102 57
49 52 5880257 5
100 101 4936602 43
17 32 441708 1
78 80 6732784 50
51 100 2062405 56
82 93 1184707 21
60 86 8244389 27
6 22 5163092 31
49 84 9208242 5
70 86 7920548 69
39 41 5814272 30
55 80 4730294 11
91 105 2495240 54
65 88 6233496 35
33 39 8536195 50
30 33 8102286 64
60 88 4080979 22
47 96 9917432 40
52 102 7422075 23
56 83 1628463 43
15 39 1993557 37
27 29 5781049 27
1 2 4434566 70
60 87 8275216 16
51 97 6809841 40
65 70 1384317 44
72 81 5967288 43
8 18 9926776 18
54 98 1218768 60
56 64 2796705 26
55 98 6112966 10
39 43 3069679 5
55 78 5033 23
52 70 2079212 9
49 97 5607292 11
10 43 5345486 51
13 41 9734447 37
87 103 7408135 47
72 77 8595144 42
86 93 1810466 34
54 67 8879624 69
66 102 9760516 31
48 84 1118797 50
70 99 2533075 44
55 91 3148585 10
51 53 857177 62
1 11 2221622 22
12 13 8790769 46
55 77 3339762 15
58 90 9124040 26
76 82 9709579 23
97 105 5572887 50
47 76 3661505 21
88 91 8138409 43
62 105 9891266 27
48 73 2312974 32
69 72 6862042 66
69 83 8093528 69
68 75 7858223 18
2 36 7272140 42
49 65 9302793 28
46 68 5861942 62
81 102 3623780 25
61 89 5370195 19
17 22 6787464 62
38 43 3754502 56
16 43 2454569 21
78 82 93575 7
75 105 9247089 40
76 86 1909534 5
50 83 8982116 60
47 80 4171909 69
26 27 661077 47
67 73 3995151 58
16 30 7570634 20
88 103 1277811 48
20 32 1589756 31
56 82 706475 45
70 91 5521492 65
68 79 7600562 29
59 105 3453127 18
47 68 5297889 12
32 33 8357778 21
66 98 8662578 39
48 79 7758613 19
59 79 7853538 35
69 95 1836633 58
63 72 5302883 8
83 90 7754524 16
98 101 5498807 44
48 102 8783191 20
22 28 1077797 64
21 22 625825 48
55 60 9762223 24
68 70 441848 40
23 24 9024095 5
70 102 3318366 39
77 78 7838128 69
9 20 7057578 13
78 105 1380134 36
21 38 7938247 43
48 63 5375317 45
50 56 264682 21
6 45 666467 67
15 23 3876555 65
90 101 5497616 40
47 56 2937657 36
77 89 3659003 25
50 100 9078725 35
1 19 452142 41
109 110 6152514 54
19 39 7147001 49
54 60 2970979 68
79 81 2856874 63
66 72 503665 43
84 99 8238947 30
38 45 9191088 30
49 99 2086907 67
50 101 1764929 22
71 101 8197475 38
52 100 2721602 9
68 81 5593067 58
6 23 837380 1
18 34 2488611 40
74 102 2293491 66
3 31 8484856 33
57 69 5606842 65
4 26 1487855 56
53 68 2503333 57
59 83 7812158 6
8 23 1978460 36
51 74 3871879 39
5 14 8833845 60
14 33 5508900 49
72 95 9887880 62
17 19 6241211 26
48 50 8977748 23
66 85 2107417 33
58 76 8627234 53
72 83 9921764 17
16 40 447087 51
49 92 1928325 53
51 75 6469109 46
78 79 4045166 68
36 40 5957711 66
79 89 741785 42
4 15 297923 58
49 54 5804602 1
47 102 8503965 45
17 40 2472535 3
87 105 2480590 48
2 6 107867 63
3 30 9996794 12
35 44 2410730 18
88 106 3348906 46
4 34 3315233 49
9 36 7677951 24
51 83 8851980 15
48 78 8467794 56
21 42 6301593 24
56 65 5125113 57
6 28 5150137 25
75 89 8613822 22
15 36 6284850 45
49 51 7462489 67
16 31 4180335 11
74 80 4298560 59
60 70 5546731 55
39 40 7864145 22
50 74 4530547 60
4 29 3438184 25
38 40 1441777 47
81 103 1523257 63
54 82 8019810 51
18 28 3184891 49
89 95 4389495 1
52 94 8972631 24
60 95 8426533 53
64 71 6961423 69
82 85 8597561 51
56 91 6350608 40
12 21 9024019 38
12 29 8593295 64
33 36 5708781 29
48 94 4678643 30
76 101 8953838 15
33 34 8454469 1
90 97 3161759 19
91 104 3703949 31
58 96 1617308 9
12 33 2923955 64
83 87 8807499 59
72 76 6638661 41
2 19 9276103 66
21 33 1181918 57
62 81 7515195 43
62 89 8980919 23
12 38 9770967 62
36 42 613333 24
54 57 4709859 37
86 89 9306606 56
18 33 442035 59
12 37 8696753 49
72 90 3296459 31
55 105 8102180 47
1 8 3582414 55
24 36 3950337 17
26 36 1058215 58
65 77 3020084 58
25 38 8449177 42
56 69 7542599 38
53 59 15214 38
62 82 5864861 5
9 17 1048974 24
61 100 9855234 3
90 103 8950208 22
12 44 2425572 38
73 106 3509916 58
60 67 7203678 70
12 27 4295823 69
73 101 9291455 23
86 92 2679012 67
18 21 346653 30
31 39 4590896 8
33 38 8295413 36
81 105 8790969 54
6 31 1573442 69
75 92 931257 12
69 88 466873 6
18 30 2182934 44
1 21 3262554 31
47 100 2147778 5
48 101 7590924 60
5 34 1422313 48
57 101 9068300 18
77 91 7203746 57
51 84 105861 53
64 83 3838046 67
71 84 2364834 53
8 45 975429 44
52 91 7916666 70
99 101 4283820 35
34 43 8617575 14
48 97 1956836 50
18 19 9205830 19
61 86 3665098 33
2 41 1730258 18
45 46 7707531 48
83 105 3464491 17
62 92 8516822 52
48 54 1073097 2
85 100 7965209 7
77 85 8437533 30
13 33 3815811 46
37 42 1648645 49
77 95 6076247 45
5 18 1068850 12
66 101 3596781 1
57 94 4768172 65
64 102 8543404 70
6 18 2904617 68
69 93 6504480 13
63 105 5724781 15
47 79 1951025 15
5 38 8109170 5
54 92 9075707 41
69 103 1777951 17
100 105 9578597 58
22 36 6873027 48
13 15 6262636 14
94 101 4389628 19
89 102 4810315 2
54 64 1414189 2
72 80 496760 2
29 34 1220149 40
76 85 42865 69
98 102 3971644 46
4 41 4252947 60
72 82 4983227 12
8 30 6219895 40
3 16 3788479 12
25 31 7587855 42
69 85 7268897 35
36 44 8349289 16
67 100 6184650 61
16 27 3702460 3
50 70 8991011 37
57 91 8808364 65
65 67 7164303 6
65 74 826777 43
4 16 919766 61
49 71 970088 19
3 42 6585497 45
87 97 136339 59
73 75 6909535 42
66 99 8544180 62
65 76 6252646 4
55 63 4100315 38
33 37 1221062 61
49 76 447283 59
71 74 3333586 46
68 105 8220509 23
51 96 3801965 29
7 39 8312001 19
65 68 1843610 5
87 96 4161849 36
65 93 7342633 29
51 106 821312 22
107 109 1518059 18
51 67 9355425 52
61 98 523849 57
22 29 2947799 15
77 81 4384459 7
55 106 4465263 69
53 99 6437784 23
43 44 8560221 36
78 100 7604778 19
14 40 1802571 3
1 40 1917813 15
10 40 3643120 22
64 86 2915280 36
19 20 7748537 25
74 83 9989973 39
53 69 159924 14
7 40 2297008 23
53 66 4561552 2
47 49 4340060 50
62 67 1375541 56
52 57 1404887 14
86 104 4882739 43
52 98 7974767 9
67 85 7124686 35
3 18 2897228 15
47 60 9112940 43
53 56 238656 6
19 23 7144924 21
1 17 4005990 47
49 93 4784994 58
53 98 1719772 55
54 63 2674163 60
51 105 3720596 7
11 21 2796276 5
75 81 5116746 61
8 13 7978129 9
19 37 4470242 51
66 93 3445115 26
57 85 612436 5
24 32 1077000 9
16 22 9878093 63
37 43 8491398 51
72 105 9189893 5
10 26 7704233 10
53 97 4281544 12
14 28 3326750 58
55 102 6328565 20
47 94 2317549 63
76 96 7276028 7
29 33 5824319 2
72 93 9025080 38
18 29 6143677 64
55 62 9359661 30
65 90 2329219 56
6 24 5644569 4
89 96 8222608 40
10 27 3668232 43
57 93 2796798 45
15 16 2093006 40
17 24 5731909 14
3 23 270840 50
73 93 3505983 15
79 83 5842911 39
69 90 156462 1
83 93 5291040 13
3 25 9514880 57
55 61 1530626 66
53 106 75595 67
21 26 7681075 21
52 89 8143372 39
68 99 4644775 62
67 89 1542323 50
75 93 524309 24
6 44 6564465 25
1 43 3050822 68
36 41 9876583 24
19 28 3555428 26
12 41 8752423 34
47 88 4198736 4
17 27 4784706 58
48 104 3052380 58
3 34 2728057 61
81 86 5546087 40
75 88 9603628 52
1 32 3702019 41
91 98 7237441 60
90 93 9296728 12
67 106 5033934 40
72 84 3962485 51
79 91 5746621 32
35 38 4850395 52
32 37 2600651 39
70 79 8246195 24
53 78 7339074 32
82 86 7309863 64
4 19 5428016 40
85 104 669425 39
51 68 9300376 14
101 104 6481595 46
27 30 8535872 69
48 74 1044947 53
51 95 6275957 31
22 25 7418483 54
23 39 558655 32
92 99 5994264 3
70 87 8746268 28
79 105 7501430 36
22 34 272024 23
8 10 2921552 31
81 94 1445586 57
4 43 3310173 38
76 90 2783834 34
58 59 7633806 57
63 80 4774285 47
1 14 7683595 22
57 75 4234295 22
74 82 3667254 46
16 17 892481 23
49 59 478518 63
48 83 7992551 2
7 8 4015578 27
53 76 6996195 3
2 30 1022797 14
24 40 7989293 34
82 91 3985451 37
62 71 9695537 48
87 104 6992538 59
72 106 320835 2
94 102 5706001 13
53 57 3072715 56
58 61 3128200 61
51 99 3656913 40
86 91 1977819 24
17 35 9887010 26
55 66 9454486 65
15 37 639684 2
20 25 4842167 24
55 75 3344610 67
96 104 6082403 3
56 68 6019461 50
0 7818521 8510878 5917978 1138878 223547 8920872 6455265 4116065 6287243 4684857 9120197 2573712 9788009 3196882 1682257 3028330 1304246 449809 9140262 8209766 1581993 8290316 3663807 1989987 6631998 5985995 7019691 3107898 3555567 3157614 6438661 4380812 6456722 8738767 5702540 680754 6667942 6979571 5914131 1271084 5339973 3443783 9985624 9179272 492359 3167371 8542028 2765979 5603527 8623545 2017405 3933480 9701486 3798442 697328 7007550 8164949 1486205 7083754 6372298 5967765 1429662 2787879 1635314 6620037 8102862 1904370 7430445 9372726 
7818521 0 4802999 6535693 7911023 3262934 2927192 9990186 2817192 7644775 2451154 8766988 3875585 3461018 1823222 4809594 2754544 3152680 9004878 1797978 13491 6203081 7281703 4724961 6759851 753706 4998470 28418 72074 295801 203048 6282271 823732 1691198 935218 6008001 9697146 5428260 2414722 5642338 772833 6573476 8246385 5760662 1517746 792583 9714015 7829538 1053905 4313129 8845660 2330042 8674736 963127 4698374 7035170 4226389 8767747 3251541 3849245 2311729 9540333 3612882 4856727 1779195 8839566 788334 4105690 9780861 1478279 
8510878 4802999 0 3842812 2921007 2181642 5731854 67903 8647623 3833754 3860917 2587302 7723949 3264074 8368678 1529766 620143 5932714 4348701 6729012 3185549 5184754 7070347 1484567 4475702 9080221 6908320 7360138 7325264 2360594 4241388 23575 752320 68435 6937376 6037046 831348 4750145 6147736 795079 5163566 7838022 44530 5724863 6331048 7678249 2320209 4687412 8208257 1832738 7492497 4779548 549235 1408497 8669074 7819898 9667623 6124930 5133135 2918789 6063407 8163084 7655177 9588672 1053678 2351708 2333415 5094325 3672630 9014333 
5917978 6535693 3842812 0 9607231 3571351 8347768 2224868 2836955 6001251 7801560 549831 1182956 7242084 9256804 8045244 9924258 8063814 1936331 3891776 4187138 2863438 1550956 7430442 761518 4242542 899647 6228298 7822067 3435149 6046251 2404678 9541291 4327825 3123761 662927 2126009 349484 4809620 2149409 6543744 918192 7743040 5014660 4742570 456029 568649 8480187 8753023 372381 3237509 6106922 8108974 3061929 917210 6163274 5879760 1375092 7084611 1907357 7381939 1218941 562225 7181149 3723557 732814 9024781 3394978 5594053 2572989 
1138878 7911023 2921007 9607231 0 4879184 4507884 8739302 5661916 6982717 5148942 6137611 1760811 6239692 2221532 4890003 1400185 8393896 8119508 5870881 1753262 9046530 8535177 8532912 7401537 383081 238022 933164 6758439 9551020 683976 2250596 2142552 7625993 8815457 3218503 3220714 7298128 384982 9377840 6767392 4676836 533711 3360486 8943159 1322207 8566654 134741 7933928 36648 9430323 7029369 7746767 7483110 6108002 3639773 742756 7827749 4984853 9102819 1140315 4301152 1698496 2464602 921259 8520302 3414110 3799821 6685715 4979445 
223547 3262934 2181642 3571351 4879184 0 1671500 6215085 6575786 142423 4122658 3637154 4217664 2555472 7060963 4106873 8088464 1183734 3462645 6501969 4270110 7613213 9304685 4469618 3608964 7991494 1453267 4544129 5457953 6906382 1841432 2265017 736417 9312245 7991907 4069462 6718364 1259740 3555706 6598572 6627248 2366012 8040904 9172380 2498304 470895 9963778 6405328 2227217 264184 2597211 2575582 6053995 6648861 8112728 1756349 9070541 8755523 7576388 2082103 7535134 3593995 2710566 4210677 896690 7466929 2099618 9863547 6150356 495107 
8920872 2927192 5731854 8347768 4507884 1671500 0 9411817 8971696 4144457 6278005 2096561 8906772 1197019 2619351 665401 3630934 4990684 5243035 9761401 9678555 3226699 8951399 9253148 4435234 2186410 4566107 1988524 9006000 1092348 1170645 6175880 2639248 5874884 3031658 6937487 231712 6045629 7342175 7233067 7889033 7198668 585620 5877382 9403977 2523019 7286900 8080172 7728637 2938883 5743601 5617519 4234043 7772390 7347527 2683236 487750 694662 7134138 8251995 3999547 2589374 856058 9587276 8329264 2591971 4023414 6498513 8892932 2709693 
6455265 9990186 67903 2224868 8739302 6215085 9411817 0 8855151 2859709 7554047 5522356 6201603 8342929 480488 2894274 6310190 8507030 8490955 8788498 6871162 5571414 2835296 3713906 770372 5975009 2351995 60406 3251554 8725625 4040353 8171401 7068848 8271102 3565228 8295682 4561516 2967984 8618322 4666417 8094607 377507 6347268 8890388 357466 228369 1539486 6384560 4977142 8047589 1074981 4900399 1253375 7959723 8828980 9384777 5634883 4148764 8250734 3677352 1443769 687883 9914480 4351101 1848959 4438583 8610604 1957448 6281976 9898312 
4116065 2817192 8647623 2836955 5661916 6575786 8971696 8855151 0 7022730 1221638 873021 4629806 7665063 8100587 2492653 2564698 4107918 7538972 3567013 7648942 471449 2532231 3601532 2448786 5928608 842003 6920285 458625 9112208 5220615 1352145 7118298 4890982 3100178 4383893 3969138 164104 2688877 6218118 4701092 8198501 35491 8883961 4660447 208194 4654636 5981623 3366369 393591 6212249 1014148 6912703 3355488 4851150 6831731 1720308 4990511 9967072 1244643 340451 5434108 6120550 848309 3550487 4724118 7834121 4807385 2552596 4753768 
6287243 7644775 3833754 6001251 6982717 142423 4144457 2859709 7022730 0 4169860 5944706 7024282 7349984 1277566 8046508 1147687 1191664 3540175 8008166 902279 11235 5998252 4548325 1321103 424088 6036450 7985147 1440115 3796328 9748995 1077841 9469453 7161898 9093115 9078555 9853697 2409193 2441961 3888029 246674 654444 446385 8010716 9249415 9469795 2789660 1831462 959135 3181958 9929210 2806783 16678 221367 7899604 7309740 5657577 7634650 3767507 3157906 4710317 1388172 1306244 4966433 607361 5392793 8659935 9281815 8918230 5379083 
4684857 2451154 3860917 7801560 5148942 4122658 6278005 7554047 1221638 4169860 0 1388962 8568605 2020352 3479777 4795560 3279638 6790255 4108726 2163963 2435723 5022852 6624769 5769436 9531814 7065528 9333617 8305391 2846964 4029979 3857945 9404863 7858355 6224385 894488 9805033 6351627 1835459 4558515 9412743 1506479 6773927 9866389 5057332 3667348 1309776 9982476 7457593 3243271 7728283 5507430 6467635 9309796 6742670 6917647 1359169 9041793 5479260 1255026 3671438 4000165 4513692 8783585 1632074 2302212 3673354 2429737 1005278 7457029 9449577 
9120197 8766988 2587302 549831 6137611 3637154 2096561 5522356 873021 5944706 1388962 0 6358524 7273013 8753449 4181651 6202741 1657012 774745 3934 6441406 8971175 8728994 3908946 4948825 1224430 9464165 8316683 7302034 9724451 9336657 272939 8543010 1118143 7814150 5026366 5270672 9198311 1340981 2513213 4347524 1211541 5808884 8196949 6363036 1064643 9879604 612783 4549866 1339877 5780298 4856098 9776163 7724470 8737172 3929186 3149944 8172773 8957633 883687 5560273 685787 3400367 9460909 3316587 6943849 7569165 5202350 5712625 8532478 
2573712 3875585 7723949 1182956 1760811 4217664 8906772 6201603 4629806 7024282 8568605 6358524 0 1405177 4977372 513803 701043 2863077 4751791 864642 5928248 258113 2516816 5118129 6836625 3284820 2444180 3574303 1791264 7496400 855937 2823737 9383197 599644 7865624 1747260 2127094 689237 994116 7111481 6320041 583763 2575832 947798 4502667 6417004 812370 4641111 2015310 4344350 1796898 6372252 7201536 1792674 5150852 3026518 2903733 9649725 6386830 2879802 1747006 9363032 8263957 3989599 1959555 2080302 2607048 5210489 4148372 8477391 
9788009 3461018 3264074 7242084 6239692 2555472 1197019 8342929 7665063 7349984 2020352 7273013 1405177 0 4811699 2890448 1542486 5940332 5924820 1602643 8367590 8333210 6457808 4835346 1319361 4179653 3115508 2944188 1217560 5565812 6751291 5126305 1004455 3740087 5478389 6787681 439289 7134356 9993633 9635456 3021935 5365058 7399562 5179285 8714984 1967858 6164006 7509165 1451625 2893837 2486514 2617819 580118 4519907 5282380 3922839 4933104 5394488 1116277 2230918 5892294 2315794 5069904 511934 9363420 9795799 3597770 1209984 3237599 6857111 
3196882 1823222 8368678 9256804 2221532 7060963 2619351 480488 8100587 1277566 3479777 8753449 4977372 4811699 0 4902677 7670144 3404030 5492764 9379050 7232149 8519594 1764607 7258958 6058887 1054460 5827958 2038099 5705735 3768523 1111555 8889684 8984916 9948446 2172012 9227282 544255 9317537 8454712 6262837 1046543 5453815 5795826 3978858 6803772 3445505 482851 1956061 9608272 680808 6178886 958814 1249274 5344904 6205905 1340567 3662214 8929262 7043575 3148709 2081458 3495905 622420 4372572 6841009 1765402 6836802 1765451 7691337 3654636 
1682257 4809594 1529766 8045244 4890003 4106873 665401 2894274 2492653 8046508 4795560 4181651 513803 2890448 4902677 0 5713225 725972 7689719 3884359 1929345 9059818 2413473 1261095 7458020 3369207 5188964 6381461 282834 6173428 4674707 7367963 6124647 7007439 8800926 4107676 9820701 9898520 2865962 4587494 6763900 821392 5148392 4240185 8451235 4311931 8115807 7507400 5931274 4713040 7123223 507831 169006 8771931 2701018 7717680 3405116 8354081 3764562 2171943 5984664 6666562 8977428 4299977 2142006 2982531 5946036 3412303 9904661 3885758 
3028330 2754544 620143 9924258 1400185 8088464 3630934 6310190 2564698 1147687 3279638 6202741 701043 1542486 7670144 5713225 0 2932482 3766704 387836 9585468 8406402 668293 5244195 62166 6177931 3135837 3135073 3288484 8229853 8282080 8228220 4659964 7528761 428059 363341 4500396 1750355 648680 447862 7021862 2916607 2256230 736225 2129594 780073 6118610 7497498 600347 1798692 2009882 5109875 8457377 6909281 4776279 2549131 858004 3447725 6241189 2279830 8874740 7081421 1894159 3760715 2592752 6919431 7170668 549846 7543386 5736590 
1304246 3152680 5932714 8063814 8393896 1183734 4990684 8507030 4107918 1191664 6790255 1657012 2863077 5940332 3404030 725972 2932482 0 5266398 4592059 8251396 9830981 1923819 4908559 1111260 4743335 1052541 1894044 7896533 2533675 7171247 4500515 7451715 7721015 7936878 624626 6437649 1513661 7556879 4384912 354610 4879436 6871589 6111686 9232428 6747636 1080962 5315057 1705470 2576444 716081 1621395 7363327 8555427 8366097 3038045 9522187 2808127 1899863 176627 790780 5875615 9555485 9658353 1361094 9691911 2247484 7005711 3798514 5386792 
449809 9004878 4348701 1936331 8119508 3462645 5243035 8490955 7538972 3540175 4108726 774745 4751791 5924820 5492764 7689719 3766704 5266398 0 2405008 4887465 5922659 9800734 3485241 5967011 5411044 9143992 6023308 8425441 4350438 2705306 3433891 4357822 8792491 2339191 328845 6520755 182634 3228165 5380697 8589319 8765595 3823679 6590668 8679349 915283 3130956 1833476 641893 1347192 6192481 7058712 5300194 2301763 3210542 4837184 6305959 6544815 5899837 8997535 3045477 770456 674552 1741111 4316371 4896111 9494917 2048039 7489624 3633375 
9140262 1797978 6729012 3891776 5870881 6501969 9761401 8788498 3567013 8008166 2163963 3934 864642 1602643 9379050 3884359 387836 4592059 2405008 0 826969 1312993 9728064 494802 6014009 3542873 5197313 8632358 2336484 7629837 5148214 5486781 1984476 7278055 4441055 494562 5064588 1164025 4360779 8168474 9474229 3878409 7654216 9445269 4796433 4630068 1744384 269588 1913003 5891692 2183183 514952 6161256 4017342 8270061 9341256 2630794 6516794 4334066 3867697 710938 8306265 7686063 8351801 5038205 4517399 5791777 4880513 7523822 4120128 
8209766 13491 3185549 4187138 1753262 4270110 9678555 6871162 7648942 902279 2435723 6441406 5928248 8367590 7232149 1929345 9585468 8251396 4887465 826969 0 7370494 1937200 3742164 5626913 371958 9629643 4487904 229089 9106057 3922580 576893 1877468 2173029 3253800 287544 1961677 1396354 3058473 120744 3937882 6851970 8475692 5818939 183802 5931228 1954440 9678719 4130488 6117965 2641728 233263 735078 9958655 625895 3827268 3789721 2879491 2177704 3426042 3562129 5596019 3876485 2310747 9350484 9856154 9533112 1385180 72260 7359118 
1581993 6203081 5184754 2863438 9046530 7613213 3226699 5571414 471449 11235 5022852 8971175 258113 8333210 8519594 9059818 8406402 9830981 5922659 1312993 7370494 0 2252727 3702878 8343115 5481515 2296913 8857623 157100 1750706 4417691 3013343 5226490 4676618 2830429 4183801 4093670 300367 4833225 2305613 7402982 8733959 6845570 6873975 3522353 1108634 2892734 4642055 2880935 1635901 9949608 5171369 1024724 2836343 9926126 3782964 6211802 2848612 3366545 2197259 4175861 9828846 335851 6500596 9066647 4653230 2517459 4859319 7342988 4410839 
8290316 7281703 7070347 1550956 8535177 9304685 8951399 2835296 2532231 5998252 6624769 8728994 2516816 6457808 1764607 2413473 668293 1923819 9800734 9728064 1937200 2252727 0 8784961 9518763 4206875 2416003 8597316 2866822 8485729 3539183 4517847 632774 4964145 3837756 7507822 3812230 1809149 4376104 5243487 9378144 7179039 6825705 3703505 173919 7739165 9157739 7147654 9332001 3147858 6021699 1055284 8598202 3048335 4174099 9204732 53284 8141379 9698737 5388849 8380559 7559147 1725608 6477879 2040740 3407471 7513906 2396865 73433 5701990 
3663807 4724961 1484567 7430442 8532912 4469618 9253148 3713906 3601532 4548325 5769436 3908946 5118129 4835346 7258958 1261095 5244195 4908559 3485241 494802 3742164 3702878 8784961 0 4352734 7326716 6833694 1108807 4753302 6574189 5022128 3464058 4503261 6199370 5997686 4650334 5049164 9853528 5566803 9597799 5093993 2983322 616293 4817788 6689574 7462653 8811622 7816584 9724777 7992588 387185 2241754 652682 9170054 7496085 7025328 6862475 9684049 5997620 4717648 8880018 419176 696665 7367964 5463320 3606558 4745574 9226260 7146485 6474471 
1989987 6759851 4475702 761518 7401537 3608964 4435234 770372 2448786 1321103 9531814 4948825 6836625 1319361 6058887 7458020 62166 1111260 5967011 6014009 5626913 8343115 9518763 4352734 0 7259375 1813577 5454394 7805438 2241572 8410704 3498607 288240 7221470 6361064 1405761 424 3607324 739024 7030408 5574947 1525180 1884431 5124235 2878058 188973 8831235 4368851 207606 2048021 5347885 1445633 7396821 9633909 4546102 5657414 7036353 4715045 6492165 8841934 1557297 8182333 6362578 3377404 9683280 310209 3064274 1702560 7812558 2294904 
6631998 753706 9080221 4242542 383081 7991494 2186410 5975009 5928608 424088 7065528 1224430 3284820 4179653 1054460 3369207 6177931 4743335 5411044 3542873 371958 5481515 4206875 7326716 7259375 0 2533590 8559088 2481418 9015398 2858967 2811521 7131987 4255619 9731377 5578330 4934503 6225809 9003115 5167436 632672 8236631 1595768 3565161 5915000 2755343 7863870 1427886 1120645 6097302 3975391 2011608 8796081 4265765 6214796 5662152 4941396 6946924 2257310 7929331 955164 5090395 4061181 5662516 6890097 5890841 2512282 9128494 7572154 662703 
5985995 4998470 6908320 899647 238022 1453267 4566107 2351995 842003 6036450 9333617 9464165 2444180 3115508 5827958 5188964 3135837 1052541 9143992 5197313 9629643 2296913 2416003 6833694 1813577 2533590 0 9868519 5224659 7665963 6279538 8023198 9478293 202097 2985565 7053356 3066114 9045944 8106601 1775319 5597001 1560316 9519863 207615 4296589 2157654 5001234 9491602 208272 1467466 6170143 1789240 9761006 130460 1447105 3676108 1301677 7847554 9098204 5828132 6603946 9806745 1267417 6975278 8448665 2473442 3633252 7346964 3391948 6401111 
7019691 28418 7360138 6228298 933164 4544129 1988524 60406 6920285 7985147 8305391 8316683 3574303 2944188 2038099 6381461 3135073 1894044 6023308 8632358 4487904 8857623 8597316 1108807 5454394 8559088 9868519 0 9599724 7154150 5442231 8441895 7816548 2123294 1320823 3715329 2107052 2882663 5677435 1803424 7354076 9322656 4050514 5067883 1353781 5878016 2220609 4055690 533763 6560639 288398 7919888 5831221 4501516 5240964 9286055 1516885 6010839 7651294 6057694 6066039 8403897 5651781 1927588 966077 1578433 2333708 2775781 7321979 8212945 
3107898 72074 7325264 7822067 6758439 5457953 9006000 3251554 458625 1440115 2846964 7302034 1791264 1217560 5705735 282834 3288484 7896533 8425441 2336484 229089 157100 2866822 4753302 7805438 2481418 5224659 9599724 0 51457 2633793 9817739 6637514 2235296 8197667 1797891 1178664 2847181 7293609 8276803 3677108 6845925 7071370 164241 9200526 7654170 8010166 190870 7405677 9310657 7041874 8073666 4507256 1767612 7245396 1079486 9971795 2610934 4598961 312482 7869099 2253650 4588706 7522040 8304451 1015616 6523576 5768526 1895989 480993 
3555567 295801 2360594 3435149 9551020 6906382 1092348 8725625 9112208 3796328 4029979 9724451 7496400 5565812 3768523 6173428 8229853 2533675 4350438 7629837 9106057 1750706 8485729 6574189 2241572 9015398 7665963 7154150 51457 0 5701078 2331584 8342083 5301281 3592084 4654467 9500275 3699286 3056596 5493373 7248640 5397167 5740565 7558180 543064 7088723 1972581 4750444 6605414 7179755 9196388 8772734 3364903 9631824 6761501 3760156 5378493 7602888 7799052 4309326 2111857 3865481 7436645 2304582 1338300 7963055 391799 6415605 6814613 5631536 
3157614 203048 4241388 6046251 683976 1841432 1170645 4040353 5220615 9748995 3857945 9336657 855937 6751291 1111555 4674707 8282080 7171247 2705306 5148214 3922580 4417691 3539183 5022128 8410704 2858967 6279538 5442231 2633793 5701078 0 1253833 1940473 6540279 8737193 938672 6967904 4322472 5992212 9656114 9784585 1865 695874 9669988 6015199 627313 9888678 483836 3301927 6455162 7176815 751933 4929271 4512767 4586840 1184601 4674496 9890339 6409251 6925263 824702 2988434 457481 6711875 8646298 8621379 6854682 3958322 7866996 1583077 
6438661 6282271 23575 2404678 2250596 2265017 6175880 8171401 1352145 1077841 9404863 272939 2823737 5126305 8889684 7367963 8228220 4500515 3433891 5486781 576893 3013343 4517847 3464058 3498607 2811521 8023198 8441895 9817739 2331584 1253833 0 8707210 1141270 1502280 2155091 6169293 4555555 349543 5504670 167157 7818086 835098 272870 4822904 1943894 5105782 2016809 5031889 4135926 9295720 8515032 9324797 1994110 9947754 812736 2390219 4892761 2077286 3462905 9641147 3366802 9799000 8634262 3220786 9476200 7259449 3562888 5689020 606481 
4380812 823732 752320 9541291 2142552 736417 2639248 7068848 7118298 9469453 7858355 8543010 9383197 1004455 8984916 6124647 4659964 7451715 4357822 1984476 1877468 5226490 632774 4503261 288240 7131987 9478293 7816548 6637514 8342083 1940473 8707210 0 2638419 3228896 8080733 5144506 9261709 1428481 2902123 5415081 9705338 145354 9899921 2236024 1846676 6641021 4771253 2493644 842157 925044 5829437 9861286 7066618 8195260 3874809 3474232 3873267 2546554 9547797 4744 2979480 6955810 45943 7739361 8318245 7900580 1512047 6952568 1791582 
6456722 1691198 68435 4327825 7625993 9312245 5874884 8271102 4890982 7161898 6224385 1118143 599644 3740087 9948446 7007439 7528761 7721015 8792491 7278055 2173029 4676618 4964145 6199370 7221470 4255619 202097 2123294 2235296 5301281 6540279 1141270 2638419 0 6335296 9643527 2656866 652835 8143363 416493 1755542 270097 3781686 9454266 7192316 7697487 2933844 504197 9652983 1589059 9328164 4789313 5666198 8691031 123172 9737315 309585 3122311 7392884 7664644 4452722 6040359 4477393 2476026 4163703 8309575 9085463 5713035 2477539 7311010 
8738767 935218 6937376 3123761 8815457 7991907 3031658 3565228 3100178 9093115 894488 7814150 7865624 5478389 2172012 8800926 428059 7936878 2339191 4441055 3253800 2830429 3837756 5997686 6361064 9731377 2985565 1320823 8197667 3592084 8737193 1502280 3228896 6335296 0 2159900 8357051 3352215 4218067 2671098 8818868 8282482 1071511 7707004 2060685 8940016 6411429 4398485 9406598 6669086 9775116 9405525 5030575 5674532 5654385 1824095 8405093 9773851 5025766 4155168 6863438 8721180 8527550 1403515 2723036 5825211 5591563 2453386 2068343 7551436 
5702540 6008001 6037046 662927 3218503 4069462 6937487 8295682 4383893 9078555 9805033 5026366 1747260 6787681 9227282 4107676 363341 624626 328845 494562 287544 4183801 7507822 4650334 1405761 5578330 7053356 3715329 1797891 4654467 938672 2155091 8080733 9643527 2159900 0 4356908 4123939 5497147 7728374 5324429 1298838 5917409 1227467 7382724 9884026 2662128 2381564 5532006 6954650 6121171 8022295 7762038 9833658 5837709 3825880 7133063 9030101 1822462 3349824 5527410 5121071 5869552 9676881 8768851 8208992 7076612 3952282 7211437 7648672 
680754 9697146 831348 2126009 3220714 6718364 231712 4561516 3969138 9853697 6351627 5270672 2127094 439289 544255 9820701 4500396 6437649 6520755 5064588 1961677 4093670 3812230 5049164 424 4934503 3066114 2107052 1178664 9500275 6967904 6169293 5144506 2656866 8357051 4356908 0 5954978 55804 1457444 8864966 5026487 5707170 8387300 233541 2643664 5443169 4963531 9539645 1785790 8393404 2712681 3974146 1697408 5649305 769681 9436797 1875336 8507208 434652 2257617 2726046 4930804 6070752 5777369 6948671 5838830 3364685 846714 2431566 
6667942 5428260 4750145 349484 7298128 1259740 6045629 2967984 164104 2409193 1835459 9198311 689237 7134356 9317537 9898520 1750355 1513661 182634 1164025 1396354 300367 1809149 9853528 3607324 6225809 9045944 2882663 2847181 3699286 4322472 4555555 9261709 652835 3352215 4123939 5954978 0 4914549 8618419 883840 1753240 2514948 5125495 6575216 1439644 8318889 2014191 3993184 4495114 7599824 91339 9724773 7124649 2120504 2680544 3473854 3349293 6771419 2622216 6725389 1929593 6169652 492473 3906720 2210258 745138 6651540 1585299 369779 
6979571 2414722 6147736 4809620 384982 3555706 7342175 8618322 2688877 2441961 4558515 1340981 994116 9993633 8454712 2865962 648680 7556879 3228165 4360779 3058473 4833225 4376104 5566803 739024 9003115 8106601 5677435 7293609 3056596 5992212 349543 1428481 8143363 4218067 5497147 55804 4914549 0 6884685 9628828 9123086 3100331 340817 9859458 4819968 6302188 6400825 3256581 9724972 5345533 3945816 7209812 4751827 3191426 3763264 7617150 8215368 7991467 5206227 3823406 8434810 8775614 4632326 3582876 8298133 6009230 1872601 8337371 7152625 
5914131 5642338 795079 2149409 9377840 6598572 7233067 4666417 6218118 3888029 9412743 2513213 7111481 9635456 6262837 4587494 447862 4384912 5380697 8168474 120744 2305613 5243487 9597799 7030408 5167436 1775319 1803424 8276803 5493373 9656114 5504670 2902123 416493 2671098 7728374 1457444 8618419 6884685 0 7018760 5729267 5202727 9255409 7480557 3483917 6684430 2270515 2249111 773802 7367262 8154847 158478 5473137 2040040 2412894 9510575 3675745 6892079 4504949 4001620 8079980 4174745 2999591 1428190 733350 9946462 5509978 2940452 2601250 
1271084 772833 5163566 6543744 6767392 6627248 7889033 8094607 4701092 246674 1506479 4347524 6320041 3021935 1046543 6763900 7021862 354610 8589319 9474229 3937882 7402982 9378144 5093993 5574947 632672 5597001 7354076 3677108 7248640 9784585 167157 5415081 1755542 8818868 5324429 8864966 883840 9628828 7018760 0 3199876 7479287 1468088 7681927 9954378 134937 3558901 897173 5552713 2933266 7232780 808850 3096155 2868005 9152101 9544430 3556146 6327899 3116897 2521396 3999813 918258 1430159 9518287 5141734 2745805 4819282 3422995 9820049 
5339973 6573476 7838022 918192 4676836 2366012 7198668 377507 8198501 654444 6773927 1211541 583763 5365058 5453815 821392 2916607 4879436 8765595 3878409 6851970 8733959 7179039 2983322 1525180 8236631 1560316 9322656 6845925 5397167 1865 7818086 9705338 270097 8282482 1298838 5026487 1753240 9123086 5729267 3199876 0 6991718 2566797 9536000 3394055 6540788 9831832 4702144 3586469 3280058 645472 7414708 8006557 9387695 9796499 5252157 3744921 2053005 9491196 9996539 5056999 3822630 2413840 9302419 2332882 3022250 5159905 5004621 4677936 
3443783 8246385 44530 7743040 533711 8040904 585620 6347268 35491 446385 9866389 5808884 2575832 7399562 5795826 5148392 2256230 6871589 3823679 7654216 8475692 6845570 6825705 616293 1884431 1595768 9519863 4050514 7071370 5740565 695874 835098 145354 3781686 1071511 5917409 5707170 2514948 3100331 5202727 7479287 6991718 0 8046259 9562693 6631578 7558145 4616102 7412495 6899075 4361903 5657122 808441 2046844 1667050 297122 4411869 6297316 9597567 9156137 5904834 5832772 6182647 1322994 5859504 4437113 8850385 1857350 57909 902990 
9985624 5760662 5724863 5014660 3360486 9172380 5877382 8890388 8883961 8010716 5057332 8196949 947798 5179285 3978858 4240185 736225 6111686 6590668 9445269 5818939 6873975 3703505 4817788 5124235 3565161 207615 5067883 164241 7558180 9669988 272870 9899921 9454266 7707004 1227467 8387300 5125495 340817 9255409 1468088 2566797 8046259 0 3982771 4701634 3519176 3524206 3113424 7669982 4845734 5862698 4271617 1231452 7509438 7981812 6720455 2688634 9136752 4576578 3165144 3431323 5976987 4873511 7973050 342370 4110148 6981078 1567854 4698575 
9179272 1517746 6331048 4742570 8943159 2498304 9403977 357466 4660447 9249415 3667348 6363036 4502667 8714984 6803772 8451235 2129594 9232428 8679349 4796433 183802 3522353 173919 6689574 2878058 5915000 4296589 1353781 9200526 543064 6015199 4822904 2236024 7192316 2060685 7382724 233541 6575216 9859458 7480557 7681927 9536000 9562693 3982771 0 1254899 9112600 9917533 3009042 4399847 8258083 5906171 6773536 9579673 8150932 800102 778568 4259871 666173 28371 8978705 1160847 4172294 6194935 6069356 6981115 772041 5895535 64535 6726031 
492359 792583 7678249 456029 1322207 470895 2523019 228369 208194 9469795 1309776 1064643 6417004 1967858 3445505 4311931 780073 6747636 915283 4630068 5931228 1108634 7739165 7462653 188973 2755343 2157654 5878016 7654170 7088723 627313 1943894 1846676 7697487 8940016 9884026 2643664 1439644 4819968 3483917 9954378 3394055 6631578 4701634 1254899 0 7806234 5112257 1652294 956755 3348646 8841711 5014879 6636862 2000277 7934637 5735529 1795552 5292759 1555245 4597845 4910219 9651829 7016331 2354387 4209829 7536366 4968450 5315537 3051708 
3167371 9714015 2320209 568649 8566654 9963778 7286900 1539486 4654636 2789660 9982476 9879604 812370 6164006 482851 8115807 6118610 1080962 3130956 1744384 1954440 2892734 9157739 8811622 8831235 7863870 5001234 2220609 8010166 1972581 9888678 5105782 6641021 2933844 6411429 2662128 5443169 8318889 6302188 6684430 134937 6540788 7558145 3519176 9112600 7806234 0 4787591 8658705 2257105 442648 755505 2057579 3669836 9198778 5785791 2598126 6202620 9338068 4442944 7096810 4962528 4980523 4724009 3682199 1359590 7033803 3613825 825808 4620056 
8542028 7829538 4687412 8480187 134741 6405328 8080172 6384560 5981623 1831462 7457593 612783 4641111 7509165 1956061 7507400 7497498 5315057 1833476 269588 9678719 4642055 7147654 7816584 4368851 1427886 9491602 4055690 190870 4750444 483836 2016809 4771253 504197 4398485 2381564 4963531 2014191 6400825 2270515 3558901 9831832 4616102 3524206 9917533 5112257 4787591 0 3664719 3919347 5013462 5080197 9167061 556748 5593688 9410372 4608124 444470 8122531 4842098 9872020 6305151 556032 5840465 2549677 6299089 7262518 2514271 8985160 5705951 
2765979 1053905 8208257 8753023 7933928 2227217 7728637 4977142 3366369 959135 3243271 4549866 2015310 1451625 9608272 5931274 600347 1705470 641893 1913003 4130488 2880935 9332001 9724777 207606 1120645 208272 533763 7405677 6605414 3301927 5031889 2493644 9652983 9406598 5532006 9539645 3993184 3256581 2249111 897173 4702144 7412495 3113424 3009042 1652294 8658705 3664719 0 9120567 3233849 7053260 7875380 8598953 7441285 8135652 4032078 6395750 270185 1591673 5536399 8262349 7135437 7835663 3503342 3829336 6898336 9334575 1287050 7794805 
5603527 4313129 1832738 372381 36648 264184 2938883 8047589 393591 3181958 7728283 1339877 4344350 2893837 680808 4713040 1798692 2576444 1347192 5891692 6117965 1635901 3147858 7992588 2048021 6097302 1467466 6560639 9310657 7179755 6455162 4135926 842157 1589059 6669086 6954650 1785790 4495114 9724972 773802 5552713 3586469 6899075 7669982 4399847 956755 2257105 3919347 9120567 0 6759434 890011 6977856 9523560 6412510 9313022 8178542 2829731 4466512 9802317 4834877 8732323 340225 569555 2134070 634755 7146618 8941261 7165839 2219140 
8623545 8845660 7492497 3237509 9430323 2597211 5743601 1074981 6212249 9929210 5507430 5780298 1796898 2486514 6178886 7123223 2009882 716081 6192481 2183183 2641728 9949608 6021699 387185 5347885 3975391 6170143 288398 7041874 9196388 7176815 9295720 925044 9328164 9775116 6121171 8393404 7599824 5345533 7367262 2933266 3280058 4361903 4845734 8258083 3348646 442648 5013462 3233849 6759434 0 6001640 7260657 3319605 5176118 2775904 2798556 3621550 7685660 8777049 7081133 7043216 3553899 2473888 1424898 139604 9888513 9317570 1112587 5734298 
2017405 2330042 4779548 6106922 7029369 2575582 5617519 4900399 1014148 2806783 6467635 4856098 6372252 2617819 958814 507831 5109875 1621395 7058712 514952 233263 5171369 1055284 2241754 1445633 2011608 1789240 7919888 8073666 8772734 751933 8515032 5829437 4789313 9405525 8022295 2712681 91339 3945816 8154847 7232780 645472 5657122 5862698 5906171 8841711 755505 5080197 7053260 890011 6001640 0 5490322 6946855 2680512 4554385 8425267 2390680 8015846 7443120 610318 125493 1590658 6620053 9583051 8171909 7258220 1443853 6869639 7142101 
3933480 8674736 549235 8108974 7746767 6053995 4234043 1253375 6912703 16678 9309796 9776163 7201536 580118 1249274 169006 8457377 7363327 5300194 6161256 735078 1024724 8598202 652682 7396821 8796081 9761006 5831221 4507256 3364903 4929271 9324797 9861286 5666198 5030575 7762038 3974146 9724773 7209812 158478 808850 7414708 808441 4271617 6773536 5014879 2057579 9167061 7875380 6977856 7260657 5490322 0 5286731 8211527 1642199 6518928 271734 1817091 6963714 6729440 430260 6752214 178174 9002341 4283052 1489191 9171237 4932785 8373792 
9701486 963127 1408497 3061929 7483110 6648861 7772390 7959723 3355488 221367 6742670 7724470 1792674 4519907 5344904 8771931 6909281 8555427 2301763 4017342 9958655 2836343 3048335 9170054 9633909 4265765 130460 4501516 1767612 9631824 4512767 1994110 7066618 8691031 5674532 9833658 1697408 7124649 4751827 5473137 3096155 8006557 2046844 1231452 9579673 6636862 3669836 556748 8598953 9523560 3319605 6946855 5286731 0 6681444 4515760 5401527 1580425 1347487 4350776 3944549 824755 7465013 5785249 9940426 2364278 9225120 2277985 3336369 3186137 
3798442 4698374 8669074 917210 6108002 8112728 7347527 8828980 4851150 7899604 6917647 8737172 5150852 5282380 6205905 2701018 4776279 8366097 3210542 8270061 625895 9926126 4174099 7496085 4546102 6214796 1447105 5240964 7245396 6761501 4586840 9947754 8195260 123172 5654385 5837709 5649305 2120504 3191426 2040040 2868005 9387695 1667050 7509438 8150932 2000277 9198778 5593688 7441285 6412510 5176118 2680512 8211527 6681444 0 3112312 8820299 827572 6339566 5217922 6906405 9797728 9739014 3321108 9446526 8142630 5674896 6399232 7032872 539374 
697328 7035170 7819898 6163274 3639773 1756349 2683236 9384777 6831731 7309740 1359169 3929186 3026518 3922839 1340567 7717680 2549131 3038045 4837184 9341256 3827268 3782964 9204732 7025328 5657414 5662152 3676108 9286055 1079486 3760156 1184601 812736 3874809 9737315 1824095 3825880 769681 2680544 3763264 2412894 9152101 9796499 297122 7981812 800102 7934637 5785791 9410372 8135652 9313022 2775904 4554385 1642199 4515760 3112312 0 2801978 3074525 1450756 4720767 5494912 1821924 6296030 9367058 3627617 7364080 6805815 1315489 3041117 823210 
7007550 4226389 9667623 5879760 742756 9070541 487750 5634883 1720308 5657577 9041793 3149944 2903733 4933104 3662214 3405116 858004 9522187 6305959 2630794 3789721 6211802 53284 6862475 7036353 4941396 1301677 1516885 9971795 5378493 4674496 2390219 3474232 309585 8405093 7133063 9436797 3473854 7617150 9510575 9544430 5252157 4411869 6720455 778568 5735529 2598126 4608124 4032078 8178542 2798556 8425267 6518928 5401527 8820299 2801978 0 5271803 2850822 9615962 8453077 6154276 6715900 1957559 9445231 5066448 143913 9161311 5804914 4346667 
8164949 8767747 6124930 1375092 7827749 8755523 694662 4148764 4990511 7634650 5479260 8172773 9649725 5394488 8929262 8354081 3447725 2808127 6544815 6516794 2879491 2848612 8141379 9684049 4715045 6946924 7847554 6010839 2610934 7602888 9890339 4892761 3873267 3122311 9773851 9030101 1875336 3349293 8215368 3675745 3556146 3744921 6297316 2688634 4259871 1795552 6202620 444470 6395750 2829731 3621550 2390680 271734 1580425 827572 3074525 5271803 0 936276 3215842 7577583 9639145 172252 8743209 2037834 7830473 7387025 5718700 4530784 1747669 
1486205 3251541 5133135 7084611 4984853 7576388 7134138 8250734 9967072 3767507 1255026 8957633 6386830 1116277 7043575 3764562 6241189 1899863 5899837 4334066 2177704 3366545 9698737 5997620 6492165 2257310 9098204 7651294 4598961 7799052 6409251 2077286 2546554 7392884 5025766 1822462 8507208 6771419 7991467 6892079 6327899 2053005 9597567 9136752 666173 5292759 9338068 8122531 270185 4466512 7685660 8015846 1817091 1347487 6339566 1450756 2850822 936276 0 614766 7896940 3598854 464650 1319129 8390729 8752461 9782927 8759379 7315953 5480685 
7083754 3849245 2918789 1907357 9102819 2082103 8251995 3677352 1244643 3157906 3671438 883687 2879802 2230918 3148709 2171943 2279830 176627 8997535 3867697 3426042 2197259 5388849 4717648 8841934 7929331 5828132 6057694 312482 4309326 6925263 3462905 9547797 7664644 4155168 3349824 434652 2622216 5206227 4504949 3116897 9491196 9156137 4576578 28371 1555245 4442944 4842098 1591673 9802317 8777049 7443120 6963714 4350776 5217922 4720767 9615962 3215842 614766 0 6334651 6178901 3376531 2901305 1979004 3155394 3386393 2660614 3213164 8305746 
6372298 2311729 6063407 7381939 1140315 7535134 3999547 1443769 340451 4710317 4000165 5560273 1747006 5892294 2081458 5984664 8874740 790780 3045477 710938 3562129 4175861 8380559 8880018 1557297 955164 6603946 6066039 7869099 2111857 824702 9641147 4744 4452722 6863438 5527410 2257617 6725389 3823406 4001620 2521396 9996539 5904834 3165144 8978705 4597845 7096810 9872020 5536399 4834877 7081133 610318 6729440 3944549 6906405 5494912 8453077 7577583 7896940 6334651 0 8230413 7564737 1558721 2720634 525061 8733094 1654533 3997085 4252994 
5967765 9540333 8163084 1218941 4301152 3593995 2589374 687883 5434108 1388172 4513692 685787 9363032 2315794 3495905 6666562 7081421 5875615 770456 8306265 5596019 9828846 7559147 419176 8182333 5090395 9806745 8403897 2253650 3865481 2988434 3366802 2979480 6040359 8721180 5121071 2726046 1929593 8434810 8079980 3999813 5056999 5832772 3431323 1160847 4910219 4962528 6305151 8262349 8732323 7043216 125493 430260 824755 9797728 1821924 6154276 9639145 3598854 6178901 8230413 0 7873955 2166321 1172535 8099706 2498203 4097092 8270951 9994409 
1429662 3612882 7655177 562225 1698496 2710566 856058 9914480 6120550 1306244 8783585 3400367 8263957 5069904 622420 8977428 1894159 9555485 674552 7686063 3876485 335851 1725608 696665 6362578 4061181 1267417 5651781 4588706 7436645 457481 9799000 6955810 4477393 8527550 5869552 4930804 6169652 8775614 4174745 918258 3822630 6182647 5976987 4172294 9651829 4980523 556032 7135437 340225 3553899 1590658 6752214 7465013 9739014 6296030 6715900 172252 464650 3376531 7564737 7873955 0 206080 8292096 4344540 1311252 5682671 6488416 7056755 
2787879 4856727 9588672 7181149 2464602 4210677 9587276 4351101 848309 4966433 1632074 9460909 3989599 511934 4372572 4299977 3760715 9658353 1741111 8351801 2310747 6500596 6477879 7367964 3377404 5662516 6975278 1927588 7522040 2304582 6711875 8634262 45943 2476026 1403515 9676881 6070752 492473 4632326 2999591 1430159 2413840 1322994 4873511 6194935 7016331 4724009 5840465 7835663 569555 2473888 6620053 178174 5785249 3321108 9367058 1957559 8743209 1319129 2901305 1558721 2166321 206080 0 794062 3371603 5640374 3894914 8113632 4381920 
1635314 1779195 1053678 3723557 921259 896690 8329264 1848959 3550487 607361 2302212 3316587 1959555 9363420 6841009 2142006 2592752 1361094 4316371 5038205 9350484 9066647 2040740 5463320 9683280 6890097 8448665 966077 8304451 1338300 8646298 3220786 7739361 4163703 2723036 8768851 5777369 3906720 3582876 1428190 9518287 9302419 5859504 7973050 6069356 2354387 3682199 2549677 3503342 2134070 1424898 9583051 9002341 9940426 9446526 3627617 9445231 2037834 8390729 1979004 2720634 1172535 8292096 794062 0 6543470 305663 9361787 7572486 4503419 
6620037 8839566 2351708 732814 8520302 7466929 2591971 4438583 4724118 5392793 3673354 6943849 2080302 9795799 1765402 2982531 6919431 9691911 4896111 4517399 9856154 4653230 3407471 3606558 310209 5890841 2473442 1578433 1015616 7963055 8621379 9476200 8318245 8309575 5825211 8208992 6948671 2210258 8298133 733350 5141734 2332882 4437113 342370 6981115 4209829 1359590 6299089 3829336 634755 139604 8171909 4283052 2364278 8142630 7364080 5066448 7830473 8752461 3155394 525061 8099706 4344540 3371603 6543470 0 9885201 4246894 3027025 8579178 
8102862 788334 2333415 9024781 3414110 2099618 4023414 8610604 7834121 8659935 2429737 7569165 2607048 3597770 6836802 5946036 7170668 2247484 9494917 5791777 9533112 2517459 7513906 4745574 3064274 2512282 3633252 2333708 6523576 391799 6854682 7259449 7900580 9085463 5591563 7076612 5838830 745138 6009230 9946462 2745805 3022250 8850385 4110148 772041 7536366 7033803 7262518 6898336 7146618 9888513 7258220 1489191 9225120 5674896 6805815 143913 7387025 9782927 3386393 8733094 2498203 1311252 5640374 305663 9885201 0 5566622 1101565 5698645 
1904370 4105690 5094325 3394978 3799821 9863547 6498513 1957448 4807385 9281815 1005278 5202350 5210489 1209984 1765451 3412303 549846 7005711 2048039 4880513 1385180 4859319 2396865 9226260 1702560 9128494 7346964 2775781 5768526 6415605 3958322 3562888 1512047 5713035 2453386 3952282 3364685 6651540 1872601 5509978 4819282 5159905 1857350 6981078 5895535 4968450 3613825 2514271 9334575 8941261 9317570 1443853 9171237 2277985 6399232 1315489 9161311 5718700 8759379 2660614 1654533 4097092 5682671 3894914 9361787 4246894 5566622 0 2871769 8329517 
7430445 9780861 3672630 5594053 6685715 6150356 8892932 6281976 2552596 8918230 7457029 5712625 4148372 3237599 7691337 9904661 7543386 3798514 7489624 7523822 72260 7342988 73433 7146485 7812558 7572154 3391948 7321979 1895989 6814613 7866996 5689020 6952568 2477539 2068343 7211437 846714 1585299 8337371 2940452 3422995 5004621 57909 1567854 64535 5315537 825808 8985160 1287050 7165839 1112587 6869639 4932785 3336369 7032872 3041117 5804914 4530784 7315953 3213164 3997085 8270951 6488416 8113632 7572486 3027025 1101565 2871769 0 4487467 
9372726 1478279 9014333 2572989 4979445 495107 2709693 9898312 4753768 5379083 9449577 8532478 8477391 6857111 3654636 3885758 5736590 5386792 3633375 4120128 7359118 4410839 5701990 6474471 2294904 662703 6401111 8212945 480993 5631536 1583077 606481 1791582 7311010 7551436 7648672 2431566 369779 7152625 2601250 9820049 4677936 902990 4698575 6726031 3051708 4620056 5705951 7794805 2219140 5734298 7142101 8373792 3186137 539374 823210 4346667 1747669 5480685 8305746 4252994 9994409 7056755 4381920 4503419 8579178 5698645 8329517 4487467 0 
