10 24 10
5 10 8 1
4 5 16 6
8 10 15 10
2 3 36 1
9 10 26 1
4 6 96 1
1 10 33 8
4 10 46 2
1 4 8 8
2 4 27 4
3 4 49 7
1 5 79 6
3 10 89 7
6 7 50 6
2 10 43 5
5 8 18 7
1 8 54 7
7 9 48 4
1 3 46 10
6 10 7 6
1 7 48 6
7 8 15 2
1 2 8 6
7 10 1 9
0 65 7 15 14 65 23 100 61 86 
65 0 2 31 20 15 29 39 19 28 
7 2 0 60 30 31 0 94 37 77 
15 31 60 0 80 78 30 42 65 97 
14 20 30 80 0 2 99 83 14 11 
65 15 31 78 2 0 92 23 38 40 
23 29 0 30 99 92 0 28 100 77 
100 39 94 42 83 23 28 0 12 2 
61 19 37 65 14 38 100 12 0 55 
86 28 77 97 11 40 77 2 55 0 
