40 425 15
22 39 1956 10
17 27 5015 10
4 21 8258 2
2 5 726 2
27 31 3606 15
4 26 4175 13
25 35 8263 13
15 38 4995 3
24 36 5548 14
10 18 3927 12
12 18 8204 7
1 6 9428 12
7 36 2017 3
6 17 5148 3
2 9 2273 13
3 26 7967 5
9 12 9133 4
28 31 7676 15
24 26 9576 7
10 32 156 4
12 31 762 10
16 22 9678 2
27 29 9887 1
7 38 1091 13
15 29 2207 15
14 31 3492 5
3 8 2566 3
22 33 3652 11
25 38 83 15
7 12 8314 4
14 32 7103 8
4 12 4658 7
34 36 7449 6
35 40 5599 13
25 27 4852 10
29 39 3145 3
25 28 5779 15
5 23 1275 6
8 28 9794 1
5 37 2954 13
5 12 6534 1
16 34 276 15
6 13 9055 12
38 39 8055 7
28 38 652 6
8 9 8098 9
11 29 3411 14
13 31 1286 9
36 39 1721 15
4 29 2775 5
20 35 3720 1
8 34 9207 13
9 15 3602 5
4 17 1442 1
8 26 4199 4
15 40 4243 11
22 35 4659 10
21 36 6976 12
10 27 2359 6
6 34 2200 2
7 8 4012 9
9 35 5527 15
12 36 2825 5
34 35 1807 11
23 35 2442 10
11 39 3019 10
10 14 2763 14
5 33 1081 1
18 26 7793 14
25 29 8629 10
2 4 1375 9
13 15 3091 10
3 17 2523 3
34 37 9600 8
26 27 1623 9
28 40 4738 12
8 29 7201 1
4 23 530 10
22 26 819 6
8 27 5527 1
5 26 2008 4
23 27 2438 11
21 31 4621 13
35 37 6129 6
16 31 6585 8
22 31 9798 1
25 26 524 9
24 31 8643 11
21 26 8940 2
4 22 5431 8
4 31 3832 6
22 27 9284 12
4 19 3503 9
7 14 110 6
1 2 4872 13
7 28 7106 1
15 17 6775 2
16 35 3418 15
6 24 4064 6
1 8 1811 12
13 14 190 4
8 18 3908 6
21 22 19 15
26 39 8253 1
26 32 5908 14
36 37 235 13
12 23 1975 14
10 26 4117 11
11 12 2676 4
22 36 2137 12
9 17 8891 6
2 3 9104 1
1 34 6491 7
16 29 5614 10
9 29 8985 12
7 39 558 11
33 38 8109 13
18 39 6574 12
13 18 6343 6
9 31 9038 1
6 29 6631 9
23 31 9994 9
3 18 9927 1
7 9 3639 2
6 14 7545 6
23 34 6205 15
7 27 6807 5
2 26 3606 8
11 28 787 2
14 22 940 3
7 18 801 9
19 29 8122 7
4 24 7601 6
20 28 2895 1
36 38 1525 8
11 24 725 6
14 27 2625 2
15 22 392 1
1 39 6244 14
1 18 6406 5
2 11 4087 14
5 22 7175 12
16 27 7541 10
3 9 6667 14
12 38 4664 5
9 28 7691 2
6 9 7111 12
2 22 3831 15
5 18 192 14
12 37 4264 10
24 35 4045 4
12 29 90 7
18 29 725 15
28 34 9768 2
12 34 7108 9
11 34 7408 11
6 27 6581 12
10 12 7001 12
13 27 4988 15
15 27 9150 14
19 26 2071 11
18 20 2771 6
14 29 1407 6
30 34 7861 15
31 32 3112 14
6 33 7843 6
1 19 9805 7
1 15 8599 4
3 12 4902 13
19 20 4210 8
10 19 3845 6
12 19 3161 15
20 32 8980 7
31 34 8551 15
2 35 4555 11
1 11 6123 5
5 13 3907 9
5 29 3795 5
33 36 3222 6
19 28 2573 12
20 27 1155 4
10 37 7392 8
4 14 2672 12
15 18 9767 12
11 23 2425 6
28 29 1048 12
1 26 6353 4
2 17 2619 9
16 26 9516 1
11 14 222 11
10 11 5002 3
30 38 4746 5
28 37 8640 11
5 15 3718 1
13 33 9355 3
27 38 8053 13
3 30 9147 14
6 32 1331 1
15 34 6219 10
4 39 1496 11
14 26 8416 11
11 38 7830 8
6 28 9862 6
10 13 4844 13
13 28 3589 14
9 25 4661 13
4 6 8561 11
10 28 5748 4
3 32 6479 3
21 34 6108 14
4 38 9772 6
1 10 1545 1
27 37 3414 14
9 34 2901 1
18 19 6509 8
3 34 6705 8
27 34 8965 15
18 30 8675 1
6 8 6218 5
13 29 6104 5
3 27 9769 8
1 31 4933 5
4 35 3760 6
1 17 6027 8
5 34 2834 6
24 27 2758 14
9 22 4138 7
30 40 1927 10
11 19 8306 6
14 39 7763 15
5 21 9709 8
33 34 8004 1
14 19 4726 15
12 13 8361 14
21 23 9797 11
23 38 4501 6
3 22 3744 11
5 14 8812 12
23 29 6207 9
30 33 7122 3
1 14 1317 2
9 32 2369 12
14 30 5334 3
1 30 4798 4
22 37 4293 8
16 17 3058 3
17 28 718 9
13 39 9999 14
8 15 9602 1
19 27 9146 4
1 5 3849 11
4 18 5213 2
3 19 601 10
22 29 810 3
5 6 4010 1
11 31 8018 13
9 27 6586 5
19 32 4362 15
20 29 4844 7
24 32 3532 8
9 39 1055 3
6 26 9675 13
22 32 3707 15
8 38 3676 14
23 39 946 11
11 26 4573 13
2 14 8392 10
1 27 2953 11
23 26 8959 2
26 36 7177 5
24 37 1347 2
10 39 5736 6
11 27 9499 6
18 23 8816 11
5 35 4625 15
11 17 3787 5
20 26 5338 7
8 32 4112 15
3 28 7832 5
22 28 9072 12
4 27 5250 10
4 11 5846 6
3 14 5572 8
12 39 9304 10
3 39 6538 2
21 37 8913 1
8 12 9813 11
7 19 1902 10
8 37 4482 2
14 20 5583 9
7 32 477 12
10 29 5768 1
18 22 8159 7
30 31 7369 10
25 30 8467 5
17 32 8377 5
13 30 3674 15
23 37 2485 8
24 38 5822 15
9 10 3229 10
4 37 1426 15
35 39 2171 12
16 33 3739 5
7 30 3393 9
20 22 7996 12
15 28 1006 2
21 28 9759 5
24 34 6495 13
1 4 5214 14
3 29 3442 15
2 27 8960 9
5 17 3443 5
25 32 7128 14
14 34 742 10
29 34 9230 5
23 28 2193 5
2 12 1853 2
11 18 6837 14
12 15 4451 5
8 33 7782 1
6 36 2300 14
12 22 1133 3
20 24 7789 3
15 31 2950 9
28 35 9478 11
2 8 2307 6
1 24 8822 7
16 32 867 1
26 28 6707 7
5 30 9972 13
7 29 9745 14
22 34 6445 15
31 38 9647 8
4 34 7063 9
2 32 1423 5
12 14 6897 9
3 16 7762 14
18 27 430 9
5 19 706 2
1 12 3162 7
4 7 7523 15
18 25 2042 2
5 31 6404 12
7 34 6506 4
7 26 4332 5
11 13 7863 14
10 21 9806 10
17 38 6786 3
27 32 159 11
21 35 1651 9
17 18 3450 7
27 28 4389 8
32 37 1857 3
12 26 7649 11
3 23 8269 8
18 34 9178 4
11 21 2529 12
4 36 7878 3
20 31 9307 12
8 14 5862 3
16 39 7532 14
15 26 6826 11
1 29 5998 4
13 34 1037 12
10 17 5825 13
14 17 7993 4
27 35 3963 9
2 31 3928 1
10 30 6304 11
14 28 5424 4
6 12 6122 9
17 31 5037 9
13 19 8415 10
2 39 1168 14
25 31 8147 1
9 18 4074 13
12 21 1038 5
15 21 4128 7
6 18 8251 15
21 27 4 9
19 22 2978 13
16 18 7783 9
4 10 8396 8
7 17 3947 10
26 31 5198 15
8 11 189 9
20 21 7628 10
14 18 6783 14
24 29 2922 2
10 36 4114 5
24 33 4502 6
2 18 4477 2
16 19 400 9
24 39 1166 2
30 37 9063 6
8 17 3210 4
17 34 8864 12
2 19 6999 11
5 28 9337 9
17 26 1796 8
4 32 1194 1
15 32 7520 13
19 38 6833 1
2 28 5934 11
12 27 3456 10
11 22 4151 3
12 25 9854 12
10 31 8262 5
37 39 8689 8
17 33 5785 6
9 33 7382 12
12 17 2171 2
18 31 4567 6
9 26 9295 2
4 28 8968 2
34 39 250 7
26 29 9243 11
14 38 7854 1
20 34 9650 2
23 32 4052 8
4 15 4239 9
5 27 2794 4
1 22 1341 6
5 8 8931 2
10 34 3416 4
0 8311 896 7990 8267 8530 9927 5141 5547 3638 7013 2977 9781 6714 1951 
8311 0 9621 5240 7522 8349 2936 3878 4531 5176 4566 9914 1806 3331 2274 
896 9621 0 180 2588 6122 3787 780 8485 7070 1235 3043 5528 670 1064 
7990 5240 180 0 67 7097 3102 2871 8580 4518 3426 9203 8410 4615 8258 
8267 7522 2588 67 0 445 7772 556 3741 5263 6 5803 7635 5746 8679 
8530 8349 6122 7097 445 0 1565 5418 486 7553 741 4639 590 9477 3628 
9927 2936 3787 3102 7772 1565 0 3213 7711 9098 3723 394 5161 6944 3337 
5141 3878 780 2871 556 5418 3213 0 1859 1341 4918 9443 7774 1155 2004 
5547 4531 8485 8580 3741 486 7711 1859 0 6004 6910 4474 2793 9811 2370 
3638 5176 7070 4518 5263 7553 9098 1341 6004 0 6747 6340 7861 7370 1259 
7013 4566 1235 3426 6 741 3723 4918 6910 6747 0 3295 9552 8545 8203 
2977 9914 3043 9203 5803 4639 394 9443 4474 6340 3295 0 6522 9981 271 
9781 1806 5528 8410 7635 590 5161 7774 2793 7861 9552 6522 0 5840 5108 
6714 3331 670 4615 5746 9477 6944 1155 9811 7370 8545 9981 5840 0 3475 
1951 2274 1064 8258 8679 3628 3337 2004 2370 1259 8203 271 5108 3475 0 
