51 541 30
27 42 36842 8
27 29 20956 28
32 47 1147 6
22 50 86183 9
5 12 18798 7
10 46 8567 8
13 21 39206 20
10 50 38792 8
41 44 83451 11
3 7 82522 1
16 23 44466 28
15 45 83128 22
14 35 1014 21
10 26 6804 19
13 28 17767 11
43 47 43470 30
14 32 5033 23
8 47 44266 6
25 33 60945 27
3 16 83717 16
39 50 52424 20
16 28 78970 22
1 18 10314 18
20 21 2187 7
10 44 22190 12
2 44 51919 24
11 30 31311 13
41 50 92998 15
7 32 94015 2
30 49 82673 27
19 27 21040 9
29 37 51084 12
5 41 43847 3
20 50 37845 11
6 37 6376 28
1 20 41540 24
13 38 72718 7
36 37 90704 20
32 34 36133 11
11 45 55547 6
4 10 68397 9
14 15 20635 22
1 29 19909 7
2 19 24973 12
4 32 6105 14
37 42 32242 20
29 49 48941 28
12 17 2558 19
37 40 88889 29
31 33 67407 4
8 11 87158 14
3 22 71845 7
13 32 81823 1
1 11 15813 19
8 38 42184 27
33 40 65629 16
19 21 63069 29
31 50 57101 29
17 23 8913 10
23 25 31170 16
12 47 32887 22
16 43 48131 5
5 50 86010 24
9 12 95209 12
6 41 39038 11
6 49 21994 17
20 28 87959 28
14 34 56168 2
41 42 119 27
25 35 49306 20
7 25 15283 24
7 37 11462 27
19 41 25638 9
37 45 58959 7
14 47 49954 9
14 36 88278 19
26 40 85797 18
13 25 36722 22
30 44 37331 18
9 41 59046 22
22 42 59666 18
4 5 84410 1
13 15 23363 15
24 36 55377 22
14 23 51132 28
8 15 59428 14
24 29 27291 8
4 16 34488 8
12 28 66117 12
8 50 3403 30
24 41 59867 19
18 34 66538 16
12 37 1986 14
32 40 14234 8
17 42 14068 14
14 37 29240 1
11 49 83731 15
18 42 79145 8
2 10 34517 27
16 49 41727 18
12 21 87652 21
9 35 87159 28
20 40 49733 17
27 41 80822 14
5 24 96231 21
14 28 87656 8
21 50 41442 22
15 31 61799 17
1 3 53890 7
32 49 80109 28
12 22 26516 6
38 44 51009 14
23 45 34339 11
21 32 50904 6
13 30 88722 26
13 23 71345 17
29 38 56353 27
10 11 33293 30
1 43 53385 11
11 16 15435 20
32 45 39160 9
7 40 4943 10
4 11 15220 7
28 32 57415 13
25 42 33346 21
3 18 94620 18
16 21 7560 13
26 46 90355 29
30 50 39117 8
35 41 40931 26
24 45 52842 8
1 33 76859 18
12 35 95943 25
8 9 86315 30
13 20 67336 5
15 42 6524 30
17 38 44706 18
15 21 15248 11
3 9 98676 23
4 31 60082 15
22 35 1552 1
20 46 56997 20
8 20 72687 18
4 45 58148 2
3 35 57830 30
1 4 91507 18
3 15 39526 11
46 50 30684 11
25 47 22106 8
9 47 10013 22
22 47 36977 1
8 45 6996 29
2 28 79901 27
21 38 92651 17
5 9 27119 1
19 45 21199 10
44 50 38908 22
23 33 60807 17
3 6 95710 11
15 35 62499 24
30 47 61855 29
16 46 80 7
5 20 86749 25
35 37 29083 29
10 23 51554 1
10 16 12197 27
30 32 71811 18
17 44 92518 2
2 21 46488 6
19 47 90811 11
16 27 10122 29
5 28 36024 9
17 18 45769 25
14 20 74258 20
26 41 17552 28
2 20 41717 13
5 18 32048 4
12 30 68239 2
4 23 28815 12
4 20 18600 1
4 30 6132 19
1 45 42667 13
28 36 32838 5
9 23 69410 13
9 22 18576 30
23 29 60245 8
47 50 56733 11
7 33 9975 17
11 28 72756 5
30 42 25860 8
25 34 3347 17
6 24 6748 6
1 40 8618 3
3 11 10266 20
2 35 63324 21
19 31 32849 1
23 42 18373 6
19 28 46741 22
21 44 85840 1
7 29 19363 20
44 47 75408 4
39 44 40997 1
13 24 85936 8
24 50 57284 28
3 24 25535 18
18 28 56022 21
25 31 99985 18
5 38 58276 28
5 16 50303 8
33 35 70029 20
6 15 4893 23
38 45 32644 19
40 45 42681 7
39 42 55929 9
23 41 24462 23
9 30 50681 6
1 42 92432 8
11 35 53293 18
4 9 67781 15
15 38 52731 30
6 44 54191 6
21 24 43553 2
33 44 19055 4
17 47 85465 24
26 45 54438 6
16 31 47899 26
2 12 52682 23
8 43 7983 10
17 20 5846 2
18 32 62342 9
6 9 5488 18
5 40 59568 12
3 27 38655 4
32 37 50008 30
9 24 40224 20
7 10 46447 28
1 7 91306 7
8 29 93700 22
11 12 4814 9
13 47 26617 29
1 35 17414 12
27 44 12856 9
26 33 11325 29
16 32 7281 14
1 2 5344 14
14 31 90405 2
38 40 483 9
8 42 2192 22
36 40 19510 2
24 48 95246 10
7 38 85500 4
15 49 4528 6
17 43 35984 18
14 45 32632 14
8 23 37154 2
3 45 76692 13
8 35 29758 4
18 38 82466 23
11 24 43243 11
5 37 619 23
45 46 27296 3
16 35 25706 9
9 42 62758 14
23 28 65295 8
28 35 91811 6
20 45 29367 22
31 41 73934 8
4 12 13961 2
16 24 98051 3
4 37 26895 7
5 44 12711 15
34 35 3192 16
7 11 64720 9
32 35 65766 2
10 33 20501 24
11 41 17617 24
7 9 43304 12
23 38 43667 17
34 50 92654 9
9 16 55223 25
1 8 96223 15
7 13 26793 21
40 47 78619 15
13 42 36637 28
11 37 42609 25
11 47 2515 2
18 37 47796 13
38 50 91756 15
32 38 31614 27
4 28 61745 5
16 50 85088 12
3 47 39753 13
13 35 21133 6
30 45 33452 9
36 38 70707 26
24 32 88808 26
25 37 84288 21
20 23 11329 2
10 14 55502 1
42 45 92805 21
17 21 74673 8
27 36 85276 27
2 38 88090 15
16 40 16580 29
23 27 33354 18
16 45 92429 16
14 40 34986 3
7 20 38296 11
22 31 2412 21
9 45 84093 10
11 32 82152 1
20 31 32289 8
26 29 55334 12
35 40 59793 20
20 41 24391 29
28 31 78260 29
7 19 84644 9
28 45 26957 15
39 43 5630 15
12 26 90485 19
9 25 93497 17
10 30 72839 13
37 49 67651 16
23 35 4927 8
9 15 36246 1
7 27 82938 2
42 44 1982 13
30 40 8468 25
43 44 94705 30
15 16 24785 11
44 46 53444 8
39 46 46010 19
2 7 66259 15
3 40 89650 28
25 32 56735 30
5 15 75884 11
43 45 41458 28
6 35 32049 29
41 47 54257 5
14 21 5221 24
17 33 50065 28
3 19 52589 16
18 45 36039 28
24 44 23036 7
33 38 37783 2
11 14 87225 13
32 42 9049 1
8 37 86144 28
4 40 42423 14
1 9 76858 19
9 37 83519 3
12 23 3678 20
16 47 98746 6
27 35 67210 28
11 50 8654 17
7 15 42001 24
29 32 53554 30
20 33 30294 10
26 31 80194 9
6 11 23723 8
3 23 70111 5
1 24 21875 12
27 47 4096 23
1 37 17598 14
30 37 2605 16
29 35 56158 27
1 38 66902 20
4 19 78387 29
35 42 42112 30
12 24 28366 21
26 27 37101 1
22 45 14809 15
24 27 96947 11
6 43 30868 27
27 28 85233 15
19 34 63266 26
5 23 51314 29
10 12 97273 2
5 47 54551 23
21 47 91768 22
34 40 88816 28
25 50 59955 6
4 15 48423 1
27 33 42651 16
13 14 64557 16
2 23 9630 22
8 10 95465 29
10 35 3248 5
11 31 97419 1
14 38 82912 5
1 15 53494 19
21 42 92331 24
15 23 27365 8
3 32 30524 14
23 46 76355 9
9 10 43326 29
2 42 46141 6
2 9 44205 5
19 23 43950 21
26 44 78173 17
30 31 64380 17
10 42 31950 15
15 50 41799 9
19 35 3257 15
41 45 95616 22
4 21 30977 6
40 50 44512 14
8 40 66205 26
36 42 72727 11
10 41 61048 19
22 24 78713 7
9 20 88896 18
21 23 68039 26
35 38 85826 29
3 42 7180 25
26 37 23513 14
10 37 72335 20
5 32 13238 7
4 50 64361 24
11 20 85095 4
20 48 58058 13
17 50 7655 23
29 44 32691 28
45 50 63641 6
12 36 99322 19
36 50 91146 8
21 28 64506 6
12 44 37240 24
4 14 90979 13
2 29 50532 29
8 41 82818 17
6 42 66888 11
18 27 65849 10
12 45 33787 7
31 35 59618 29
14 24 49315 16
5 36 92297 8
10 32 75675 9
35 47 53464 7
23 44 86412 3
24 42 68497 28
10 25 82064 12
22 29 32494 1
6 28 29105 28
20 35 92348 6
16 38 22856 10
45 49 80723 18
28 33 84229 25
14 26 65700 7
4 35 44487 10
42 46 14562 22
28 42 55626 19
21 35 52544 2
1 5 61713 17
22 33 95021 16
1 16 5070 2
7 12 35557 5
20 44 31683 12
42 50 25541 9
47 49 69122 11
13 26 7569 22
24 28 60861 11
36 44 6670 27
19 40 42271 10
22 44 48799 18
24 35 93663 24
48 49 71476 6
23 32 90763 3
31 40 63989 21
27 43 56246 24
6 12 47010 25
2 37 8782 8
1 25 98468 13
5 11 43006 28
6 47 91787 13
26 43 35296 27
12 15 50093 4
1 12 7012 22
15 40 32829 2
14 50 39155 5
18 47 42208 21
27 45 89040 18
22 28 79209 29
22 27 43556 18
2 11 21735 19
10 45 93591 24
10 29 15603 2
3 4 16651 20
44 49 83949 4
27 30 57667 23
31 32 29704 27
25 44 54233 30
23 24 35263 25
1 50 8915 20
19 38 50871 14
1 21 75338 27
22 32 64374 20
34 45 84932 30
19 20 27607 4
40 42 70713 17
28 37 89032 2
28 44 83793 2
39 41 69028 7
3 17 37672 5
22 46 95720 11
36 47 77175 28
48 50 5 14
7 44 74977 1
7 36 58116 15
5 42 45989 3
16 37 25494 8
24 30 72476 12
28 50 15580 4
21 40 79621 2
33 50 56516 20
32 33 71877 20
27 40 56427 9
9 11 39371 4
26 47 19893 18
10 20 84565 8
19 33 42389 14
7 18 85334 15
2 50 95017 27
10 13 21951 4
18 29 44249 25
2 24 27578 1
16 42 80514 14
25 39 55900 30
7 35 37096 28
18 24 41910 6
32 41 30252 11
4 24 55365 6
7 50 88845 5
6 50 98573 28
7 45 54386 22
5 33 93357 20
2 14 842 14
16 41 29949 12
28 34 34748 29
17 40 48977 30
8 16 19760 23
0 71772 24172 37263 89402 36706 71517 44136 65903 35880 32310 10120 29991 79859 79383 33680 34220 78752 39080 86444 72432 29292 39691 67077 7165 96951 99478 38012 78564 62351 
71772 0 5301 24416 65236 74510 38503 58093 29856 70978 19403 73828 6394 19229 14310 91788 74261 28370 44496 72943 61990 78683 35019 40816 89948 14871 58469 61152 16131 47530 
24172 5301 0 70799 32467 47614 46866 78671 61122 6930 5180 60109 67893 29959 18807 32983 85729 65692 21862 24067 59384 5607 91622 19641 30189 89370 7007 19052 74509 32814 
37263 24416 70799 0 8987 71680 6082 61918 13655 54 19014 29999 72928 31987 34719 83993 19278 78512 31560 3708 30289 48496 78410 6444 67770 88864 16123 8870 57913 27901 
89402 65236 32467 8987 0 71647 62812 28444 25306 90027 15353 95361 66742 23117 55672 36148 47342 75758 41821 5774 43288 19665 9325 17507 71001 56745 10030 32712 89402 73219 
36706 74510 47614 71680 71647 0 93577 1687 29515 11307 37224 62982 64910 63578 23125 32357 10544 54506 78742 24834 84102 2788 94064 54877 59502 60037 18841 74011 94439 81591 
71517 38503 46866 6082 62812 93577 0 94316 61853 1826 76373 76189 59012 70382 6115 7314 53571 34788 68567 84943 77241 39311 95389 63926 60075 9865 82345 40950 10826 52216 
44136 58093 78671 61918 28444 1687 94316 0 37246 98288 82537 14195 72132 37883 68902 3792 28038 35463 60459 38402 65213 70811 59460 84956 48961 37461 61671 58680 52838 27106 
65903 29856 61122 13655 25306 29515 61853 37246 0 75709 43176 31125 50090 82215 37288 66520 68900 85029 11057 15945 44895 35090 65532 16054 63895 27209 53639 55293 27941 48624 
35880 70978 6930 54 90027 11307 1826 98288 75709 0 79394 18655 20089 33571 6947 76645 81600 67655 31154 39505 30443 67953 70396 71173 70684 94821 58491 5176 20871 43811 
32310 19403 5180 19014 15353 37224 76373 82537 43176 79394 0 30527 55145 64610 10273 74403 72658 43938 52253 24109 57681 93155 71561 47346 42478 17987 37749 42872 53981 7246 
10120 73828 60109 29999 95361 62982 76189 14195 31125 18655 30527 0 31020 47788 78529 82556 90662 20360 9067 24251 21017 49943 3640 98866 3178 23322 30030 40691 3107 48889 
29991 6394 67893 72928 66742 64910 59012 72132 50090 20089 55145 31020 0 79324 28232 97034 32633 83489 74761 71645 86623 99213 6796 75137 96160 36882 98083 52759 85016 28821 
79859 19229 29959 31987 23117 63578 70382 37883 82215 33571 64610 47788 79324 0 3329 64311 21096 40942 59816 35054 39812 5910 47990 59309 31648 47149 64102 22112 52665 55483 
79383 14310 18807 34719 55672 23125 6115 68902 37288 6947 10273 78529 28232 3329 0 26686 16428 51603 87725 22290 56654 60900 91647 24303 39827 77429 30664 50083 12651 9928 
33680 91788 32983 83993 36148 32357 7314 3792 66520 76645 74403 82556 97034 64311 26686 0 23014 13591 30778 26526 59271 26247 9254 15616 68669 72723 41146 12679 84871 11874 
34220 74261 85729 19278 47342 10544 53571 28038 68900 81600 72658 90662 32633 21096 16428 23014 0 82327 5622 88621 8274 9604 37894 2720 56521 99903 16967 17881 47883 95347 
78752 28370 65692 78512 75758 54506 34788 35463 85029 67655 43938 20360 83489 40942 51603 13591 82327 0 47785 32844 34292 52799 82750 34076 62444 38792 2424 20310 83091 83077 
39080 44496 21862 31560 41821 78742 68567 60459 11057 31154 52253 9067 74761 59816 87725 30778 5622 47785 0 36347 98403 93383 49489 11370 87419 63246 94917 12886 29032 54513 
86444 72943 24067 3708 5774 24834 84943 38402 15945 39505 24109 24251 71645 35054 22290 26526 88621 32844 36347 0 82293 57526 53488 49591 7445 52421 82196 92229 16472 90589 
72432 61990 59384 30289 43288 84102 77241 65213 44895 30443 57681 21017 86623 39812 56654 59271 8274 34292 98403 82293 0 79436 26040 7560 80420 31759 80160 80923 762 64670 
29292 78683 5607 48496 19665 2788 39311 70811 35090 67953 93155 49943 99213 5910 60900 26247 9604 52799 93383 57526 79436 0 28463 77678 63308 28607 31460 1078 70243 74025 
39691 35019 91622 78410 9325 94064 95389 59460 65532 70396 71561 3640 6796 47990 91647 9254 37894 82750 49489 53488 26040 28463 0 1730 83278 45756 83711 18515 29595 5627 
67077 40816 19641 6444 17507 54877 63926 84956 16054 71173 47346 98866 75137 59309 24303 15616 2720 34076 11370 49591 7560 77678 1730 0 16314 18731 52266 9100 62933 4854 
7165 89948 30189 67770 71001 59502 60075 48961 63895 70684 42478 3178 96160 31648 39827 68669 56521 62444 87419 7445 80420 63308 83278 16314 0 11062 23607 1095 29618 91328 
96951 14871 89370 88864 56745 60037 9865 37461 27209 94821 17987 23322 36882 47149 77429 72723 99903 38792 63246 52421 31759 28607 45756 18731 11062 0 53896 89839 19497 25749 
99478 58469 7007 16123 10030 18841 82345 61671 53639 58491 37749 30030 98083 64102 30664 41146 16967 2424 94917 82196 80160 31460 83711 52266 23607 53896 0 87669 88960 30779 
38012 61152 19052 8870 32712 74011 40950 58680 55293 5176 42872 40691 52759 22112 50083 12679 17881 20310 12886 92229 80923 1078 18515 9100 1095 89839 87669 0 24484 86792 
78564 16131 74509 57913 89402 94439 10826 52838 27941 20871 53981 3107 85016 52665 12651 84871 47883 83091 29032 16472 762 70243 29595 62933 29618 19497 88960 24484 0 56275 
62351 47530 32814 27901 73219 81591 52216 27106 48624 43811 7246 48889 28821 55483 9928 11874 95347 83077 54513 90589 64670 74025 5627 4854 91328 25749 30779 86792 56275 0 
