100 2907 40
68 71 821262 18
2 18 686361 18
21 79 36492 16
22 85 423034 20
61 90 195193 15
28 88 927674 3
30 92 530824 39
15 36 61805 13
7 26 147351 29
22 31 209492 39
29 80 588852 32
25 68 201968 37
34 48 687629 3
72 77 270039 21
76 79 852840 29
46 47 373841 36
58 66 143290 7
65 94 946333 37
78 87 412331 19
59 87 868881 12
11 53 437111 23
27 95 38662 22
60 91 535401 34
75 94 129153 27
73 94 636840 17
22 86 922002 26
8 95 684324 22
39 86 490169 33
52 80 2387 27
10 27 252572 38
80 81 322481 8
82 94 861758 15
58 76 992950 14
12 79 459815 9
21 54 823223 29
19 25 825529 28
21 62 206975 21
16 18 182671 31
1 85 917284 17
51 54 109368 7
39 82 545802 22
3 87 760590 4
14 50 170961 21
48 93 435079 32
26 70 325129 33
68 77 745936 19
36 85 324603 9
34 52 99144 31
17 67 626848 15
47 61 172876 19
53 87 793366 6
54 82 862246 2
11 94 719663 38
81 95 268362 27
54 98 964586 13
6 95 566334 11
31 86 643970 3
25 44 502968 13
23 58 834013 30
27 57 503764 15
7 41 109590 37
52 79 705322 4
35 81 64351 35
26 51 867156 10
33 65 661152 4
21 70 6989 21
4 36 175965 21
32 65 827105 36
15 51 70999 31
58 85 25789 20
63 88 355025 40
6 90 55192 19
11 96 683558 18
65 81 850864 5
50 88 104952 4
65 86 433087 13
41 90 88605 24
4 22 220438 38
30 31 528618 24
30 65 10285 32
18 79 563225 27
87 92 656151 24
38 95 147188 30
1 64 801923 2
13 94 65244 32
25 82 675422 35
77 100 956555 36
4 87 444583 34
55 70 300958 11
69 100 310144 11
42 43 9101 20
35 74 641005 5
86 94 629995 3
2 58 622080 24
3 88 679026 23
22 87 573357 40
12 90 353935 5
56 88 792194 29
16 55 694267 28
10 43 899959 7
18 63 993628 28
47 54 35047 7
32 95 958008 31
60 73 49649 5
16 52 840794 20
9 62 116212 1
2 87 509256 1
54 59 101137 10
11 30 292145 6
67 90 402647 25
7 87 926540 31
82 92 211640 13
20 48 360943 29
40 85 535513 9
5 47 81592 16
5 65 708767 23
4 37 264074 25
6 65 129470 13
19 53 773136 34
18 47 963188 8
29 81 578983 35
25 49 245863 19
22 57 173385 27
76 89 417339 11
27 69 120030 9
45 90 197754 16
81 90 366035 11
79 94 855487 13
13 87 227029 36
18 23 780360 37
31 44 618466 12
6 37 590874 35
12 57 688311 27
53 81 274456 8
66 67 45686 12
68 90 448970 31
14 57 538418 30
6 41 962794 20
2 57 683707 37
34 88 798486 28
5 87 271017 32
30 54 933336 7
2 75 657193 1
29 53 701910 35
54 69 761567 20
7 94 173872 33
73 76 52471 36
16 92 899473 21
10 44 73184 20
15 80 974066 38
25 91 376635 21
48 87 81166 26
36 46 780547 17
27 33 640446 31
24 48 450291 30
12 88 321702 21
48 58 38419 10
66 69 674110 7
9 45 668708 30
29 52 286846 9
5 48 724770 40
21 88 189369 38
44 54 77938 20
10 24 520820 27
34 79 431716 36
32 55 329295 31
17 58 32934 22
18 97 948945 15
64 97 131644 19
76 78 959549 40
38 64 152324 1
3 9 837562 9
87 98 727779 23
11 22 465724 37
69 96 127412 3
7 82 392181 5
54 61 920118 31
26 31 213107 32
16 64 415114 25
70 78 258554 27
30 37 61346 22
21 94 903245 31
40 69 485456 15
19 52 588431 33
52 82 890770 4
50 89 103115 3
53 86 999809 35
88 96 980511 16
8 29 594513 11
89 99 349716 10
14 67 44939 37
37 54 61938 36
32 79 902402 25
24 73 997200 24
9 92 514115 5
65 92 259891 32
33 62 634662 40
57 73 635500 30
6 45 980892 23
26 87 993490 23
37 65 307247 10
19 73 656496 8
6 84 663538 18
17 48 684198 9
34 59 79983 2
52 91 444260 33
33 47 878504 20
33 63 788904 34
52 90 29337 20
76 77 12423 11
16 68 565886 24
8 49 151868 1
13 48 645593 31
10 35 114447 10
6 78 360374 28
22 46 119708 22
5 29 229726 19
24 54 257764 40
24 78 649289 7
36 47 220106 13
77 93 403214 35
20 39 379823 26
14 88 621174 4
34 37 562803 4
22 62 872678 23
30 50 609193 23
4 77 807393 25
21 37 999554 17
14 77 848960 10
1 12 768001 26
56 65 725602 28
20 66 295470 4
28 81 176153 34
5 25 713848 34
65 67 792375 20
45 81 500763 16
47 83 818166 29
32 66 847342 29
14 44 503338 34
10 61 475606 29
47 59 829875 32
54 66 648597 10
57 96 159806 1
18 24 563011 13
4 45 692768 16
5 32 558964 28
14 81 987419 24
60 100 648868 15
7 79 710790 14
90 98 918391 25
8 67 779430 38
16 54 4110 33
58 90 750493 39
35 86 798178 37
47 70 838408 18
26 94 136875 11
74 78 677533 19
34 36 838529 27
17 65 260478 7
4 85 789403 24
15 82 560697 19
20 31 435108 16
60 87 848953 22
25 57 470754 3
31 97 274168 24
79 87 550377 29
59 99 789151 11
9 79 983129 26
20 26 652382 11
5 97 693249 40
43 79 277060 17
22 77 879424 26
13 15 611919 40
5 52 860187 40
55 78 994468 7
30 33 864632 23
7 62 871904 1
8 33 222417 31
61 95 674933 22
27 47 943920 20
16 63 761279 26
25 46 968758 30
7 80 323404 7
8 48 634774 10
31 54 271367 31
42 65 479608 15
34 69 493449 25
10 78 121002 8
35 36 220400 26
2 86 67996 27
19 54 351493 31
30 43 881206 18
80 82 521664 1
47 52 309227 11
5 92 352538 14
8 22 296226 40
21 29 409520 28
11 33 239120 23
38 92 489147 28
13 77 997783 13
6 21 56913 2
53 62 467234 32
28 33 523771 14
8 68 961903 12
24 33 691340 22
82 88 559044 16
18 87 84387 26
63 80 301219 29
2 38 706954 19
71 79 36981 12
73 84 692549 26
1 79 56413 9
11 62 102429 38
20 73 984149 18
17 91 99983 18
2 43 587 19
48 57 986702 5
48 100 173841 2
36 87 885882 35
46 97 227202 27
16 22 459325 16
31 37 416397 19
3 91 936294 29
16 82 630192 17
83 91 834593 23
37 87 551640 7
9 77 455547 12
5 33 135448 26
69 99 108543 14
63 95 404220 27
36 67 871464 16
58 59 844670 16
25 37 104521 40
25 81 660647 18
72 86 324522 36
15 59 973123 20
27 29 705786 40
21 31 788372 40
49 65 245101 9
54 78 429210 14
37 89 90131 9
96 98 542295 13
14 94 167659 29
27 92 828145 27
11 56 515779 36
51 73 716275 19
56 79 236648 32
31 89 579967 2
10 97 249012 5
82 86 24310 14
48 97 233990 19
42 97 429571 5
10 77 794615 28
24 90 36634 28
36 63 288058 22
77 82 884497 10
8 37 502706 12
2 100 945721 16
23 53 450037 2
35 68 935909 36
7 92 752206 10
12 19 864149 6
7 61 47297 20
58 94 553228 7
44 52 652644 39
7 53 703148 33
34 56 444264 11
43 90 68931 16
54 57 943573 8
16 45 122790 29
4 63 430575 33
36 71 67580 13
38 45 517059 8
31 46 747857 38
3 29 925646 8
1 21 513053 20
29 57 13734 6
5 58 98576 9
22 51 548010 36
67 88 566676 31
32 58 279675 23
4 57 335149 4
1 22 915833 20
34 87 263304 26
13 47 5442 24
68 89 591296 35
27 66 629589 28
24 59 650373 25
27 55 112854 28
81 92 594514 14
51 69 777257 37
34 78 811619 19
15 35 889355 9
58 79 86007 3
2 70 180012 19
33 46 427730 29
83 84 518824 26
20 87 636313 2
48 98 967706 34
52 61 25777 8
38 65 25994 29
13 29 787562 19
17 64 842126 40
44 85 440245 15
29 51 262738 22
15 45 944569 33
13 43 263909 24
5 12 875906 37
42 57 811724 7
10 91 592853 40
42 84 279164 27
35 48 438070 5
19 24 670428 8
16 24 852784 32
32 81 539711 40
63 65 559479 1
21 92 758773 38
72 88 856708 37
7 85 405371 8
33 90 828192 3
38 98 267982 22
74 86 626056 29
8 52 871757 34
36 49 708036 3
4 71 411058 22
54 72 967739 1
55 64 42707 11
52 86 221428 28
20 52 360597 1
18 70 778121 39
62 79 598254 6
31 61 1858 38
38 60 747755 37
12 22 346162 15
7 42 521279 40
27 74 234003 25
20 24 972957 14
39 43 271085 10
21 100 534512 20
20 43 985432 23
13 21 268009 35
5 82 409295 18
1 54 998302 22
37 53 450022 34
13 57 602077 27
45 50 187969 16
46 95 530876 7
68 93 646936 10
9 43 539940 38
49 54 852442 24
94 95 988940 14
30 72 96415 23
52 87 66328 9
17 81 65831 2
68 94 678339 19
65 80 990576 29
8 79 994686 5
22 43 210416 29
22 39 146834 33
56 58 609793 27
16 70 608769 28
87 94 300 26
44 47 652906 38
55 90 300078 9
33 49 509602 39
12 43 182339 8
34 58 715229 12
1 94 16424 33
27 42 277992 36
14 31 737653 38
13 35 696342 25
80 90 428497 2
13 23 86954 35
48 94 837099 19
41 64 977080 33
64 66 268991 31
51 52 689538 40
25 52 323461 23
2 29 711490 34
54 77 425537 40
16 42 740681 28
73 81 693411 8
5 19 417465 7
45 55 289027 2
48 79 758029 16
82 97 925545 13
34 86 994532 4
23 77 431079 17
14 70 123026 23
36 55 236491 7
10 49 347966 16
40 78 124856 4
8 13 432632 12
29 43 870015 33
7 59 215368 14
4 42 166532 36
30 63 707934 20
7 93 113839 37
44 73 245958 22
31 45 597054 17
33 41 906454 38
5 74 609551 13
57 79 347071 13
26 39 220388 18
95 100 853304 11
26 62 894552 10
1 11 596766 29
51 68 955982 37
53 68 538573 14
5 63 888049 27
19 80 733711 5
41 92 582464 26
4 97 210471 3
15 43 62583 5
51 59 498151 37
6 85 495330 13
72 94 81487 9
38 97 592273 1
25 61 52793 17
42 77 953236 14
10 82 409052 2
25 36 808358 40
86 95 910697 24
79 97 806214 17
34 65 670350 1
10 68 401978 26
15 19 292229 20
59 62 630739 30
97 99 399078 28
53 100 821221 28
44 66 534672 26
71 78 701450 9
28 94 664950 23
37 85 177087 31
75 86 617978 20
40 63 829831 39
6 32 836145 1
83 87 677791 5
28 85 384075 4
5 46 436001 23
57 85 467184 17
15 29 400760 21
36 54 296397 31
7 50 285447 21
11 13 657732 4
90 100 212912 18
34 63 187058 37
11 84 814549 38
22 81 353972 24
28 78 24700 26
52 53 301665 9
8 74 347623 18
40 70 49391 3
21 49 247587 8
56 66 671030 33
36 42 586289 32
24 63 800156 31
74 84 693269 38
83 85 401326 7
2 59 591058 8
6 14 521302 17
46 68 261442 30
75 95 677658 32
31 90 749542 35
23 85 871077 16
52 54 250109 29
39 63 872124 30
12 52 175307 10
28 77 262219 8
25 59 234925 10
19 22 758301 23
19 46 194984 16
25 42 603368 39
36 86 440859 14
75 79 868003 36
49 96 498473 24
53 57 719615 34
27 50 180617 4
9 46 933662 4
4 78 127425 7
45 73 405826 10
49 92 155630 8
12 29 875683 29
71 94 454151 2
8 55 698077 6
58 69 340464 38
62 97 575901 24
59 94 487089 9
36 43 31352 27
1 92 102632 23
91 97 780115 34
17 85 208593 19
4 43 91373 26
15 93 679221 25
17 54 274592 31
55 95 605345 37
39 77 409761 10
22 47 490489 33
8 59 335520 12
52 96 155741 22
33 66 651053 37
49 80 949313 21
3 68 961944 1
6 10 193503 20
45 59 92420 21
15 46 184702 39
94 96 874407 16
74 91 685243 4
44 46 396798 12
18 96 473213 4
26 47 747034 28
3 54 620251 32
51 67 244392 7
33 57 274178 31
24 51 404164 26
36 72 339704 30
30 96 958258 14
24 64 614907 12
42 45 631735 15
11 59 766763 9
31 52 501937 34
80 91 800459 27
42 91 749361 14
49 55 348039 12
12 81 666531 31
32 54 405698 17
71 91 339485 13
51 94 469412 16
13 59 454698 29
69 94 294564 15
39 57 203068 29
20 91 689257 23
13 19 583930 5
38 74 37924 25
1 71 150115 24
26 79 770135 11
29 47 773772 4
83 94 976492 13
59 92 922578 17
6 86 94663 28
29 61 737958 27
63 70 545709 17
19 39 937620 1
33 85 934292 30
49 94 945688 21
65 95 165698 7
62 66 819052 36
21 95 388677 34
75 87 85130 28
6 87 100917 31
20 34 249258 35
15 88 52427 30
26 96 700727 31
13 26 178939 3
35 58 279873 32
48 96 836931 39
75 78 825526 34
27 73 751310 3
35 82 650682 31
24 58 913792 16
16 31 608102 34
93 94 752844 20
16 33 738748 1
28 67 554367 23
51 88 42018 19
15 65 279406 28
11 36 789368 35
12 33 299300 16
44 77 837220 35
53 76 156049 25
25 48 179560 12
40 88 391664 4
9 86 980429 7
25 74 555903 12
11 86 726614 28
2 60 521711 5
40 54 823624 15
30 87 448812 8
45 57 651245 6
45 70 878361 39
29 64 926991 29
80 86 112074 3
18 30 89149 22
10 92 455127 26
22 94 816790 3
8 85 976181 23
13 33 136056 3
48 89 724850 38
22 25 411461 29
66 86 683465 11
18 52 626680 15
17 53 342348 32
43 67 190775 37
2 46 27996 11
40 42 524600 33
40 86 189623 24
60 79 201947 31
13 52 654668 5
6 31 742272 40
42 92 566392 4
24 65 181427 19
9 10 892334 24
39 49 85711 10
94 100 152576 15
27 59 645564 18
9 24 549437 30
6 75 991978 26
27 90 923692 15
21 42 424086 28
14 18 497105 14
48 85 693808 1
46 99 748297 7
58 61 369700 25
8 46 941778 8
16 61 75699 10
31 33 750987 38
5 66 278639 28
53 64 356917 24
9 61 800882 21
58 92 500698 28
19 36 706863 7
81 87 587100 7
7 63 902955 27
37 96 43002 5
68 72 476593 31
1 47 846964 1
42 46 948924 23
66 92 46869 26
53 90 919238 28
9 99 392706 31
32 62 431094 17
29 77 237272 21
2 45 405670 20
78 88 230142 30
38 78 670210 14
54 87 596158 38
32 82 695705 28
28 90 463072 8
40 83 383451 5
69 86 844775 18
5 22 156187 10
70 85 92121 23
44 57 659997 29
79 96 775192 38
43 71 478907 17
43 97 894631 33
48 90 673464 30
12 69 467443 27
63 97 446083 2
12 84 595957 13
36 94 933805 12
11 88 879979 4
2 81 37465 37
9 78 570895 11
6 97 285669 25
39 73 710240 13
59 96 554550 39
3 95 449032 17
35 97 975330 20
8 11 735821 3
22 65 46439 23
33 78 740943 8
23 36 46168 23
3 63 776797 34
21 69 377433 40
60 98 955173 9
53 58 310390 24
2 82 469150 38
34 43 51038 5
61 74 63972 28
37 81 608352 6
11 45 614249 33
72 84 530080 16
42 62 573272 17
48 53 612045 4
7 88 880726 8
79 82 840844 14
18 77 398584 3
17 30 775574 27
38 42 690176 40
36 53 307287 39
25 94 348347 1
38 81 708989 33
61 63 725899 8
30 74 473328 20
3 69 466975 29
85 88 876278 32
16 30 750004 35
9 98 540688 26
22 54 983256 33
42 68 635620 12
25 88 525263 29
70 92 721430 22
91 94 980065 36
85 92 959625 39
80 92 785570 39
52 58 237549 34
30 82 82344 6
38 69 921437 3
27 88 444625 10
54 67 864686 29
13 88 123967 9
56 87 375978 23
32 37 324828 18
20 80 583834 39
86 100 209480 3
26 53 167120 6
11 29 132918 29
53 66 701883 1
65 82 824647 34
82 95 630200 23
5 60 835352 5
46 84 160658 36
57 70 484183 40
67 82 146454 31
74 90 705752 38
27 81 500922 21
54 56 958639 40
85 87 870997 1
10 29 256597 2
9 37 50324 39
12 59 553990 22
35 61 844534 25
16 77 110830 14
23 65 235986 28
2 97 780833 4
3 51 478964 28
35 90 687140 20
1 13 755484 5
17 90 997776 36
26 27 67278 38
73 85 241701 3
6 54 929225 37
42 87 844704 4
73 82 177291 19
10 18 982141 13
32 42 848674 4
16 62 64324 30
17 70 594616 3
7 48 566912 1
17 82 346380 17
9 11 164112 27
33 59 487300 3
40 74 874407 19
34 70 994957 12
19 86 860345 17
1 86 80721 13
40 77 150842 37
3 18 78140 1
36 50 556419 28
51 57 179611 26
65 91 411841 1
12 26 367468 2
35 63 120000 23
72 85 700723 23
62 89 22498 28
18 53 608997 26
62 82 184199 16
68 82 436780 32
59 100 914346 20
37 46 917836 1
26 55 954413 18
44 92 874192 36
44 82 212831 25
15 87 981829 20
5 69 951031 32
9 59 382921 38
41 82 661695 24
6 98 222142 6
43 49 750023 24
7 22 284341 27
69 70 966083 35
5 53 987412 24
2 33 671502 11
23 43 587735 39
26 65 485426 1
36 77 370908 26
77 89 212001 14
16 46 105066 20
36 79 12223 19
50 54 464328 33
73 77 24223 8
48 61 229647 31
25 90 462448 29
14 90 480002 23
29 31 114917 29
81 94 300531 8
25 79 622365 6
62 91 305603 27
11 82 435033 23
12 18 830649 12
47 69 682327 40
28 54 588071 27
59 90 933120 26
34 53 890860 8
82 84 147459 27
7 13 729836 23
53 96 342780 1
27 58 385627 31
24 29 194885 32
47 77 656270 18
32 98 785851 16
45 94 663997 22
25 43 221816 9
15 37 332087 25
67 76 141170 37
66 70 264591 36
10 88 918430 28
83 100 697908 31
66 96 229012 24
36 37 781951 3
25 71 859438 37
33 88 837422 1
5 20 152545 37
21 35 700621 25
12 67 980493 14
18 65 270979 25
53 95 537003 10
40 49 960446 3
30 90 135817 38
38 59 525518 38
12 91 810630 4
67 83 223975 1
2 89 650407 30
62 63 815757 13
81 100 625793 39
24 87 325680 19
27 61 185712 23
54 96 917391 30
41 63 727879 34
26 71 361475 15
68 85 852570 10
4 10 393505 14
54 65 975650 8
56 57 948295 40
1 37 886974 35
37 86 622836 13
28 61 618255 35
40 46 673317 34
20 59 239656 38
87 91 917678 26
17 45 551108 7
10 53 752934 13
35 64 393873 11
2 79 828789 1
14 46 42727 33
74 85 195504 34
7 24 117028 31
28 31 115805 29
7 57 744650 3
37 45 899076 25
59 82 470417 24
41 89 790916 9
54 76 519067 30
24 55 535590 8
2 10 88379 6
37 82 18279 4
37 57 404169 8
10 71 66826 23
66 74 584068 8
19 77 881223 35
10 84 643312 34
59 61 372445 38
23 48 693067 7
7 36 390636 16
65 87 217693 32
64 82 467813 31
3 85 897894 21
17 31 795522 22
27 97 2863 34
22 69 548549 5
46 63 321135 9
14 43 361000 37
32 77 198054 11
71 90 807226 18
28 91 852275 24
30 85 461572 18
55 73 75673 10
7 11 524768 34
1 23 917571 28
43 52 358175 22
25 70 462447 38
51 91 854272 1
56 76 280305 39
37 39 744118 40
67 94 468812 21
38 61 380200 31
36 95 107761 4
83 95 777068 26
1 48 567607 19
85 86 850838 40
89 97 807696 5
5 57 400180 34
16 21 356004 22
28 83 476249 35
42 75 36101 35
13 92 110815 26
20 85 425208 18
31 42 655833 19
58 70 805142 13
55 71 621684 40
5 10 735356 24
25 100 804301 25
50 58 334397 17
75 85 931855 1
4 92 107457 30
31 78 986881 33
55 82 420072 26
15 92 967970 4
2 31 37867 10
39 67 620386 21
9 52 130095 19
15 25 448325 27
13 70 93092 38
15 94 984787 5
44 50 232335 7
10 42 834056 18
33 64 807660 11
29 33 235956 6
19 57 263233 39
52 94 681115 13
19 31 404969 11
50 81 638750 8
50 62 800093 14
29 72 899811 7
58 82 407674 13
56 92 365637 26
29 92 444651 28
14 55 209633 38
31 87 986781 35
8 44 549114 6
39 87 64416 40
17 63 57474 16
15 42 28712 22
35 78 73008 38
60 69 437829 4
54 62 222857 24
22 36 546910 40
30 94 219786 15
42 70 378092 32
41 52 90498 18
46 59 2439 11
9 90 965654 34
5 35 1784 25
24 94 971918 20
34 81 560690 11
42 53 451813 24
33 53 662638 28
4 39 152609 7
24 62 887369 10
68 78 735954 40
18 85 439056 29
3 12 794042 4
21 68 275109 22
53 77 175594 6
52 83 555663 37
31 99 248426 14
2 74 463565 16
45 82 698660 20
66 94 622399 18
44 68 483333 9
39 90 242293 38
62 77 982807 10
88 90 938138 4
25 73 15581 13
67 87 747925 37
20 57 579145 38
82 91 916367 15
77 96 681083 10
27 75 617782 35
22 26 764499 35
7 90 360243 21
60 96 853936 12
86 92 49888 11
44 94 261666 7
29 36 13860 15
17 22 218205 23
35 94 231706 27
76 84 568550 33
37 43 519871 35
25 51 810806 18
23 79 297169 22
17 43 579560 5
80 94 844253 9
14 59 333029 9
57 58 741191 22
8 25 730918 19
7 71 961948 17
3 4 319320 28
25 85 479012 34
62 83 753260 13
13 71 124456 14
67 69 42047 15
67 72 686748 14
21 59 915303 37
4 29 201970 37
3 96 932356 34
35 77 134719 10
56 62 343363 38
30 95 638607 28
15 49 864451 2
33 36 374170 6
70 95 844745 37
70 100 581443 17
90 94 535623 22
50 67 826570 16
37 59 721048 5
62 81 89656 17
20 70 107433 27
82 98 333693 9
18 69 304452 23
5 37 491994 23
55 79 729765 10
34 39 843826 3
13 42 898474 13
5 18 449116 2
23 63 292474 2
60 76 378200 17
63 69 598632 9
29 67 784825 5
67 73 332404 1
48 70 481708 1
27 37 524226 1
61 100 287527 6
72 81 600533 17
8 89 724262 35
28 51 765083 13
38 62 7754 26
63 92 629193 3
46 61 680913 38
11 91 162324 26
25 31 957934 33
22 95 825375 3
3 65 747221 19
15 79 934712 20
9 84 895370 10
41 42 322738 17
16 79 89078 8
6 58 592926 1
30 76 248814 40
13 69 728109 27
78 80 9552 29
81 82 655469 37
30 73 864075 31
38 48 940338 10
6 18 578892 31
17 23 831049 3
73 92 663797 36
31 53 621371 31
14 42 40911 11
41 79 827425 15
49 77 759302 16
4 72 695635 5
57 64 708489 33
29 86 476822 36
4 62 18329 22
19 69 833866 3
50 82 281674 8
6 51 920660 16
11 90 882929 31
3 82 624878 7
4 90 168743 4
17 94 639347 2
41 47 908512 36
40 96 397107 16
20 95 769082 1
32 50 557928 30
69 97 639299 11
33 94 1946 21
14 47 500931 38
54 97 358961 27
46 62 503113 21
19 48 337259 17
38 82 234025 22
53 74 242822 1
51 55 731122 17
31 50 307808 5
35 43 156748 2
32 94 70655 1
41 76 226747 38
14 85 523983 35
58 87 752453 21
18 59 376211 22
20 25 331729 12
10 58 809361 3
46 85 549382 25
61 65 931851 29
1 57 5609 9
39 88 138189 40
47 72 513709 24
31 76 268091 7
24 70 788416 4
39 92 326411 9
71 82 53407 33
7 30 575325 19
46 82 839321 5
22 79 531930 14
11 68 17378 15
33 86 480587 33
30 81 923857 20
39 84 809447 3
22 37 731457 37
13 82 381008 17
25 62 863903 31
68 74 262671 22
1 24 351893 25
13 54 302506 23
24 61 539281 32
55 81 934080 18
69 78 635675 2
15 74 529705 23
48 54 542275 19
50 63 620990 6
33 77 526882 17
4 68 579043 24
42 94 40310 2
68 92 640199 36
49 52 850463 20
34 49 552179 15
65 76 756746 13
75 82 588582 28
21 90 188968 7
39 76 748701 27
24 97 693398 6
3 5 916731 38
1 63 21138 16
31 49 673707 39
3 57 518846 9
16 69 186243 25
84 90 739385 8
74 97 891302 2
83 96 549411 3
15 44 344552 23
7 51 676355 21
64 85 101933 4
35 37 32698 10
40 87 643662 32
76 94 391832 15
57 92 369990 34
16 53 742288 36
81 88 471012 8
68 70 175591 37
37 70 494628 19
18 94 553815 6
26 30 773720 4
29 85 194224 35
17 18 821838 35
19 42 360577 8
79 92 206517 1
5 80 824179 26
24 85 94640 37
6 92 299881 28
77 81 770134 38
23 50 202937 14
10 51 182293 7
32 91 238390 11
48 77 285442 27
26 97 993845 10
31 77 84952 35
20 92 832716 36
8 65 714118 40
27 49 421516 7
12 32 750046 21
43 82 813680 33
54 58 619814 21
67 95 210901 18
14 30 752459 35
43 80 114341 13
10 48 68136 20
46 52 25612 16
64 73 354958 32
3 59 561011 15
11 67 617948 13
68 97 924718 3
7 86 889197 34
10 100 546714 7
57 95 11380 3
19 37 782351 22
41 46 636827 4
35 70 211931 14
78 92 118994 6
45 85 91181 33
59 81 287143 37
7 18 192221 23
76 85 722549 35
16 94 105082 31
34 57 23670 6
65 71 389772 40
51 99 332969 37
13 65 109622 23
17 41 15843 20
48 71 70800 27
45 95 752277 34
63 79 717461 2
15 63 256186 30
34 62 56765 37
92 97 315853 27
18 33 45416 14
14 39 155367 29
84 92 62176 28
16 78 448749 34
76 87 207840 38
33 96 903787 24
47 76 879342 3
5 76 562896 11
77 78 456035 19
21 78 977802 29
36 82 258853 32
9 29 495499 40
63 91 489973 15
45 58 709211 6
8 42 688872 38
16 83 957292 39
39 59 589836 16
3 79 467551 22
41 58 267746 17
18 38 160645 28
23 30 689223 31
69 93 334814 9
80 89 781008 3
49 84 553584 16
84 88 503439 7
84 87 883947 15
51 97 496525 32
64 93 815090 26
11 95 500225 38
26 85 854086 12
43 54 664360 11
75 90 248009 7
17 69 356118 26
26 66 228818 24
46 57 405676 23
22 91 832288 10
48 82 377114 34
46 79 394238 17
39 64 181274 36
33 91 872758 28
16 67 126145 27
18 48 839914 7
7 64 846734 25
7 33 770931 22
23 94 214871 27
14 82 963282 8
27 52 450283 29
16 95 681270 1
41 94 671689 10
50 97 900880 3
24 79 212235 2
54 70 525563 19
48 81 900734 7
57 90 555996 35
10 63 571311 3
60 78 944482 26
24 67 539207 29
18 22 681418 6
52 70 625220 29
10 81 311962 19
88 100 628924 28
3 77 752288 26
37 78 114432 21
96 99 45712 6
81 99 890475 13
7 29 161235 40
1 30 228159 14
17 29 68758 34
46 92 976171 4
31 94 419756 35
9 30 857729 30
14 95 741625 4
56 96 968619 17
9 48 315953 21
80 85 432721 28
18 60 946807 2
61 70 877587 31
17 88 463402 23
49 85 209567 19
54 94 112652 37
69 81 4134 5
10 57 252364 35
17 35 744214 40
24 44 604616 18
20 33 626744 7
2 85 365591 39
51 81 48666 39
70 97 199373 32
4 26 220635 20
18 92 157791 21
34 77 805783 29
20 30 36199 16
12 94 950637 18
26 36 698132 31
78 82 639627 17
96 97 773860 40
21 66 736105 32
57 87 909341 2
76 99 728874 34
66 68 858976 4
12 45 20227 27
63 94 368116 11
35 52 726914 33
4 13 818401 26
52 57 944593 34
88 95 255386 18
69 72 287641 10
20 32 577386 28
51 64 577371 40
35 84 171124 26
46 90 727612 29
56 61 736194 15
23 78 28489 35
7 52 242094 21
15 18 295463 17
34 46 185946 21
5 89 184183 11
44 79 564769 37
19 92 919262 8
89 94 650668 11
17 95 535020 28
49 86 818545 39
2 61 768942 3
56 86 444659 10
9 81 29906 21
47 82 565016 3
18 62 384311 15
75 97 911984 25
58 63 726230 6
52 97 299737 6
10 64 392117 14
5 71 623222 12
20 60 16755 29
32 45 294129 28
9 57 991032 27
5 90 629514 32
61 97 774374 25
4 54 303232 21
87 90 782204 6
72 97 686514 27
1 35 789966 14
64 69 702674 40
5 30 875279 17
58 67 357952 8
32 97 357646 24
15 77 762450 30
21 82 383436 9
86 91 717858 28
57 74 70856 23
30 48 316667 15
66 78 882884 21
6 42 586906 13
70 82 558186 20
73 100 665029 34
6 22 320019 15
38 90 728115 27
52 62 305599 26
58 62 595350 39
24 60 745752 7
84 86 724042 15
26 92 248784 8
48 63 945275 32
38 57 292188 18
81 85 887288 38
42 81 36405 29
55 86 921022 17
8 51 621605 2
53 92 890086 37
87 88 296168 21
62 76 375339 13
11 42 289970 9
22 30 385782 3
50 92 552037 15
60 84 203382 22
13 79 824781 37
13 61 645229 37
62 64 369156 13
14 22 13997 29
51 92 101958 25
73 88 246591 4
31 79 587983 13
30 61 771208 22
27 63 580441 4
60 90 100131 25
55 58 406638 32
78 95 36544 25
6 7 564141 28
28 97 747726 34
12 92 531429 34
46 73 125259 9
59 77 729315 6
15 23 987315 23
83 92 720395 40
21 65 574520 17
17 97 159697 3
39 47 839297 3
1 55 89580 15
1 82 367180 29
19 91 999275 22
7 54 916025 6
47 97 21657 2
21 26 136678 35
58 100 223219 15
47 58 493809 37
13 83 473209 27
37 52 71654 7
29 50 793833 22
26 69 274985 31
10 22 31622 19
19 79 524835 31
20 42 611934 27
4 5 354328 15
37 62 802143 32
15 20 459190 33
61 89 647472 18
49 82 156669 37
33 79 259593 15
20 36 806206 20
1 29 980172 18
72 92 533451 24
74 94 799918 1
22 74 179794 36
14 92 934144 36
26 63 608672 1
13 41 644921 10
41 95 199645 40
5 70 25704 25
3 30 191382 16
23 70 547658 16
30 35 624984 28
13 85 378089 37
6 82 514616 17
45 87 348583 14
49 63 693385 10
21 61 526870 39
8 57 353034 16
16 81 388475 40
56 71 217072 28
8 63 310026 10
73 97 659881 21
55 87 300250 4
41 55 168935 13
40 55 863449 11
45 91 138145 28
65 88 143761 30
56 59 599394 20
64 70 99799 32
12 64 755289 23
46 64 104815 28
27 77 528010 24
27 51 277934 6
38 93 742349 2
7 78 876008 29
73 86 344225 11
20 94 390426 10
21 91 460566 6
84 85 483382 15
23 54 579008 36
1 62 166883 32
59 66 569427 20
32 70 15439 29
2 83 142652 36
9 18 328126 35
20 29 787203 27
10 85 172346 11
49 51 230760 14
17 26 321720 40
6 93 1331 14
18 58 251068 25
5 94 176242 17
22 70 442330 24
1 61 464180 23
79 89 815699 26
24 42 540181 35
48 65 229698 22
11 25 150323 15
20 74 378097 10
71 80 424581 35
14 63 926536 17
17 62 802584 9
7 81 49134 1
9 36 676724 21
64 99 382717 25
41 70 940868 28
35 54 446416 34
67 96 3102 9
13 90 768302 2
4 31 62910 10
58 65 669382 32
6 36 751749 33
19 90 252730 31
27 67 218080 24
13 91 757741 21
42 66 717165 29
15 61 672827 12
41 96 805399 35
81 84 701094 23
50 70 542667 16
25 53 202094 8
2 94 357324 20
74 82 954625 8
13 97 20060 39
71 97 697815 25
67 85 8797 28
20 77 863617 17
9 85 349341 33
12 61 903960 29
42 69 531244 38
19 29 779575 35
17 19 707352 33
11 70 4358 9
40 62 337408 35
17 52 389139 36
53 65 246422 31
10 13 465910 24
37 91 194236 12
36 58 210905 27
5 16 858392 37
51 53 280655 22
15 85 656696 34
17 83 924667 37
4 33 761291 6
40 94 737967 7
14 25 537668 39
19 94 932639 11
2 96 359751 35
20 41 36243 29
22 23 589711 16
11 69 728857 35
19 61 154090 37
29 82 20729 40
79 84 893338 13
27 30 87524 24
5 43 613760 29
61 73 192883 21
55 88 572776 31
66 87 17296 7
4 61 801687 35
29 78 452743 12
22 92 424733 17
59 74 346145 14
10 79 917988 5
76 96 522331 22
65 66 637053 35
47 79 934314 21
20 64 548264 37
4 23 616866 17
22 82 259836 4
17 86 718821 14
84 97 460077 8
23 61 80136 33
48 68 206062 31
38 83 664252 16
57 77 9178 32
32 57 381024 39
30 86 267316 20
4 81 496464 23
55 62 881192 20
16 73 544613 3
46 94 643397 14
84 100 149952 15
3 89 509524 4
45 64 527810 15
9 33 471204 7
41 85 84395 1
83 90 158554 9
93 97 75129 34
8 30 485312 29
82 90 473978 22
31 69 465516 31
7 58 996877 27
6 61 316403 3
42 80 988244 18
70 77 620312 4
38 77 372138 40
25 58 920896 33
13 36 177805 5
17 84 490333 7
20 67 427354 5
15 24 4827 20
57 81 117436 19
38 43 367501 23
43 58 364036 32
95 96 70226 36
30 79 142026 27
49 62 42081 2
60 81 611358 21
77 92 153532 16
4 38 596735 1
35 59 123316 32
33 89 32159 23
24 68 391513 13
47 63 920984 27
30 70 457171 36
60 82 365266 36
50 64 823804 1
10 59 971657 10
72 95 581809 31
92 95 99517 24
2 77 489323 6
79 90 604370 28
3 52 882246 36
37 98 256267 26
30 59 740184 26
3 22 204044 26
56 81 831300 22
18 45 715319 7
2 48 355950 5
45 74 525280 29
22 24 530957 17
83 86 322968 20
45 51 836541 11
24 86 195747 32
29 73 191626 23
18 57 341797 10
76 90 807317 1
23 37 593848 1
53 67 913007 20
90 95 610763 20
47 96 706770 7
37 42 246377 37
16 35 437304 36
49 73 45552 25
39 78 96275 38
16 48 82657 31
18 54 404901 25
28 95 800855 4
69 82 923261 23
89 95 155851 11
61 81 566713 15
48 62 216924 27
59 67 577010 35
15 81 308026 36
18 55 440996 28
2 88 573174 16
32 33 588590 19
29 63 230526 20
51 95 357193 35
39 54 180426 13
40 43 584302 22
18 61 481152 18
57 100 257657 14
25 63 379968 19
29 58 453795 13
5 68 107602 24
58 72 163904 30
68 81 17014 7
17 68 992332 6
46 56 694436 22
10 26 46599 30
26 54 399985 31
19 32 667586 11
44 70 968144 16
34 42 436063 5
67 68 754684 29
28 57 737356 13
67 97 979207 16
18 25 999202 10
9 94 490057 3
7 77 242176 23
62 67 521728 21
32 59 338464 34
46 77 344380 11
53 79 285507 5
38 88 89064 36
26 81 41962 6
22 53 218529 17
51 89 848915 6
43 70 144374 36
22 63 901712 26
41 54 771835 24
10 86 299622 4
43 88 980482 39
34 82 671066 19
43 63 661751 9
1 53 401634 29
39 48 865771 28
43 81 509014 26
54 88 798371 12
16 90 520779 14
26 49 102225 26
12 58 850321 15
66 91 738158 36
4 70 776201 11
23 92 869530 21
43 57 949808 10
57 94 678748 7
57 97 356496 39
28 37 625616 19
15 97 425000 9
4 11 974014 12
41 61 156836 12
60 70 612586 29
15 41 15442 8
25 86 228983 21
25 67 646259 26
12 70 861938 19
47 87 924924 34
51 85 235787 35
47 50 612725 37
7 55 688371 34
35 72 60149 39
26 82 138540 20
16 57 139591 6
36 88 582596 27
3 97 316015 17
40 67 212708 9
26 59 711110 19
7 31 650129 31
60 62 676297 37
23 100 865770 24
37 79 150386 27
10 31 777332 6
39 71 17192 1
24 83 877091 1
39 58 711988 7
8 58 278999 16
29 54 336301 2
32 43 823013 12
17 42 145151 2
50 76 417830 8
10 30 926286 25
41 43 858065 7
20 79 485961 33
18 78 542842 25
22 50 368167 21
23 59 949936 10
1 81 26919 19
4 86 36705 17
30 62 705245 10
61 98 312390 32
11 81 412929 6
34 92 318537 35
9 51 988498 9
16 51 116205 33
29 37 210188 21
40 97 292657 15
22 72 731580 28
32 100 607446 25
19 41 25131 34
16 80 919185 39
30 42 565040 17
24 88 591810 2
30 53 891514 39
1 31 251701 8
19 88 493113 35
74 81 250102 24
3 42 678576 10
73 79 125607 39
24 84 389052 3
19 63 139959 39
20 50 488375 8
14 58 482313 8
33 52 406650 20
56 67 61895 21
52 84 473266 21
28 69 324971 9
81 98 988757 12
1 18 20524 32
27 94 511731 4
5 81 161208 13
33 95 746229 12
5 42 591751 17
19 81 448144 24
22 48 659564 26
59 63 306901 29
6 33 802166 2
2 76 895260 40
89 92 907379 3
77 90 266397 9
24 57 342928 32
13 78 463581 23
52 63 171688 28
46 69 617364 10
57 63 713441 5
14 36 583902 10
47 75 541110 10
42 88 52479 26
30 47 946232 26
51 58 713535 7
31 48 88146 32
12 35 233401 38
7 99 635515 4
57 66 46815 4
22 75 456742 29
3 70 429143 9
59 65 59527 14
42 58 979746 5
60 97 420 30
42 73 443385 9
70 72 675823 22
9 97 397996 39
11 24 928215 22
8 64 233637 4
60 85 385131 40
13 37 557937 2
11 61 822348 33
5 49 404721 15
72 90 310091 6
36 91 111775 12
58 77 809136 13
5 50 600259 10
12 39 683034 6
21 63 363861 24
54 74 779774 5
49 72 455573 31
86 97 706465 34
9 70 872187 23
87 97 430053 8
57 65 595827 24
44 48 463526 11
31 63 456472 34
25 95 9920 4
89 90 718680 33
8 50 612753 8
55 94 190117 9
44 58 928933 4
3 45 196539 23
61 94 842911 19
74 100 393447 29
18 83 513131 31
91 96 543950 6
5 51 99544 38
35 98 861510 21
39 50 236201 4
44 67 524629 16
15 70 920766 36
38 54 861931 24
85 90 596011 39
46 74 490911 28
50 83 600067 19
27 79 499866 11
41 57 769876 15
55 63 70610 12
40 76 162481 8
44 100 668483 36
30 71 855733 25
63 71 797968 22
29 97 942260 1
15 72 474398 26
6 57 359082 9
56 78 618056 19
59 78 207485 40
28 58 287563 6
18 43 256565 23
44 59 327478 2
11 44 112375 16
40 81 373577 31
78 94 292820 17
37 64 383529 37
4 58 774307 33
7 91 459228 1
19 50 194044 37
3 67 180209 25
11 18 480667 5
35 42 102705 39
26 50 999767 27
23 33 930807 6
36 59 567828 33
10 52 78478 8
62 87 905917 19
84 95 86530 9
8 69 554974 21
46 93 361726 12
92 94 23955 40
27 36 130294 17
36 73 216879 19
21 46 745757 17
5 14 552626 39
23 97 251680 3
53 61 366127 23
1 49 590025 20
6 81 242028 25
21 81 875931 12
15 30 212342 12
40 82 649302 40
13 81 668200 9
2 36 614558 33
75 91 764775 8
33 92 612323 22
4 6 673138 14
11 57 140364 17
13 46 827243 26
23 89 676265 5
46 81 787308 27
42 63 258770 3
26 76 847119 27
31 65 707845 32
7 65 891419 17
70 79 967931 9
37 94 304701 30
11 65 228961 12
18 36 395941 35
29 69 711079 4
34 89 527887 7
75 77 788499 6
50 65 567563 35
4 47 287914 21
51 70 225904 18
39 61 629921 40
53 59 20773 14
40 58 928276 40
1 100 192672 15
5 8 377262 38
61 86 488089 24
11 100 696683 37
12 83 57490 14
20 68 468043 34
51 87 918333 24
45 92 744001 21
2 54 520751 35
29 48 723321 31
77 85 749211 34
52 81 546356 22
17 77 270831 38
51 62 965127 30
47 80 754949 14
28 68 505421 1
25 69 492925 34
33 82 965234 34
40 60 850998 20
55 97 475757 36
64 94 989077 22
8 45 255567 20
39 79 741691 33
73 83 256391 9
32 74 25754 18
24 47 894500 31
65 77 491960 36
11 46 424857 6
21 22 504830 40
23 87 672843 9
31 81 596427 4
38 76 171763 20
13 68 731237 28
21 57 970854 21
29 55 948798 9
51 84 909180 30
18 82 102165 3
1 2 747849 11
8 82 984652 22
31 36 3371 34
34 61 54001 11
72 91 34628 7
77 94 484182 36
22 42 273582 40
9 88 826423 3
1 5 870663 25
41 59 444432 1
63 93 542339 8
77 83 410137 7
23 35 224040 30
22 68 740482 2
6 76 249275 3
41 99 623143 2
43 92 573558 26
5 61 615170 12
69 74 326778 17
49 59 67359 37
42 79 219402 6
46 75 356542 29
67 86 542609 9
66 90 344827 36
35 50 452491 1
14 100 562037 10
16 65 966196 37
19 35 902157 26
1 70 350709 12
68 79 429707 5
26 58 351712 7
40 95 185003 12
28 48 126626 15
48 78 162347 13
66 100 581557 32
6 59 689630 23
24 43 496440 21
12 55 75062 25
36 97 473282 27
25 30 630087 19
33 70 758873 5
39 99 937212 36
21 51 131393 38
38 85 266566 5
57 82 759629 22
51 65 363573 16
8 47 210016 18
58 80 568626 29
47 65 106489 23
64 79 169793 4
10 65 971757 23
9 73 140796 13
2 35 11371 40
20 46 519824 40
52 92 73609 21
40 92 949779 35
31 55 12506 28
60 80 691945 7
3 53 894814 9
23 86 497044 16
55 92 19252 28
78 83 631044 18
21 85 706900 16
12 82 493034 18
8 90 232561 15
8 23 807399 16
71 92 457731 23
5 85 393385 21
55 61 459161 37
64 90 202664 5
53 82 408496 21
71 93 542931 31
4 100 975030 37
74 92 636359 15
76 97 59200 18
59 64 266458 33
87 100 731896 15
69 77 814958 19
29 62 12129 19
12 62 673689 38
12 53 111863 15
1 33 906858 16
86 88 517367 11
61 62 358564 16
38 79 803212 36
50 79 32448 12
20 90 647310 30
15 100 585583 29
26 61 592374 39
79 81 993506 20
1 3 51574 39
20 53 565576 21
9 82 142581 35
11 58 894703 16
54 86 992485 13
66 82 129671 39
52 77 453933 7
3 62 132053 38
21 58 782683 14
38 50 232260 6
34 64 239211 10
82 93 275409 18
9 25 334639 27
14 51 338164 18
37 55 715003 37
52 85 624579 30
45 48 311173 10
41 50 513661 37
30 45 763045 29
34 71 745965 23
46 71 226361 15
30 89 720796 3
15 66 953387 21
67 92 672803 31
65 97 23348 25
1 76 358117 7
69 85 603608 26
35 69 487692 36
24 35 69523 3
55 59 804582 11
2 67 954857 12
8 92 313040 9
11 43 648740 12
46 65 291173 39
24 92 733080 37
16 96 103941 15
48 52 794286 25
29 70 532704 4
2 63 760544 27
52 98 851378 33
13 62 893789 18
31 70 649957 28
9 23 587757 22
48 86 568816 8
45 69 78293 7
28 92 248342 38
21 87 34181 29
9 22 61171 20
50 66 21602 15
44 45 836306 12
42 48 215 20
75 96 565190 27
1 95 917296 11
28 62 83667 10
6 96 295519 28
35 91 148735 39
19 33 444858 36
38 70 772096 16
62 85 692941 23
44 49 354661 24
38 49 129575 9
44 63 283618 12
39 94 702407 31
49 58 228803 15
72 73 469366 9
4 12 619678 33
34 73 32734 20
77 80 964910 16
9 58 799424 17
32 36 921620 10
18 46 590704 21
21 89 786285 9
19 68 517888 28
5 91 228167 33
11 35 841953 8
33 74 149005 18
37 58 177151 31
43 85 384081 21
42 47 901287 21
1 96 232315 1
38 94 963819 30
7 73 512155 4
11 85 393491 30
5 31 23922 3
55 67 92634 16
51 63 604206 28
45 53 239815 36
28 82 376083 25
17 51 897058 38
15 64 925369 9
26 42 671387 14
63 100 925185 7
56 82 389389 40
16 58 858870 30
67 77 410617 18
16 66 832873 34
31 35 601415 33
36 38 89683 26
4 30 52166 4
20 65 956206 3
7 44 947316 6
63 75 323109 32
80 97 228334 38
53 69 702052 19
14 54 192969 16
3 74 616384 20
3 36 709859 17
45 65 407218 10
74 87 304503 11
14 15 434558 6
23 46 945305 13
20 61 749397 11
73 78 872194 12
1 69 535794 31
28 59 294810 13
51 77 912024 6
47 78 789141 34
89 91 580398 13
41 65 449127 22
14 23 169848 22
72 79 403645 38
34 66 338930 39
10 14 201126 30
56 77 905985 38
3 81 308658 5
28 45 600833 30
78 97 303623 25
62 86 478384 4
20 54 931507 38
7 34 584441 38
46 80 947511 3
65 79 257903 36
23 68 655020 23
8 87 169789 39
15 31 957900 13
43 51 940433 28
5 62 215388 11
63 89 712443 24
5 86 830853 21
31 57 790628 2
57 67 750035 21
18 29 327710 24
63 87 651131 31
40 65 127175 10
27 91 638331 32
42 71 546128 15
2 37 541468 2
3 58 787988 3
62 69 941973 37
67 84 569646 37
19 55 592716 28
56 70 654939 13
14 52 139974 31
60 67 291448 16
28 65 129444 21
31 82 188754 37
9 72 822223 30
45 54 37704 16
85 94 416898 15
65 90 496492 36
6 69 334719 20
15 57 975305 1
36 57 948768 37
8 28 188320 36
34 93 791939 6
15 33 832495 19
7 35 738241 21
46 48 517679 25
68 86 460129 15
3 94 236010 31
9 42 221013 3
48 92 314182 3
11 79 822683 22
61 87 848452 30
48 59 715767 22
56 97 131969 23
24 91 869018 15
66 89 254027 6
3 47 48842 27
2 90 441428 8
3 13 235056 32
10 11 142113 20
42 52 270075 31
29 30 528650 31
16 85 547225 12
18 88 644753 38
13 49 248190 29
34 94 275765 21
17 92 285095 36
26 46 173758 14
47 85 724816 23
12 13 86545 13
10 17 705822 8
50 61 758845 24
21 71 943539 22
65 69 264431 34
23 31 38694 19
10 94 504731 32
32 44 494488 34
43 55 526007 26
33 58 278382 38
27 31 354311 28
47 95 683997 15
19 58 93781 29
37 90 176988 22
90 92 211340 5
1 90 677033 20
7 45 234310 4
53 88 471602 39
18 42 305677 36
43 76 781676 34
65 100 941161 12
4 94 789011 28
46 76 197413 35
22 49 172175 25
40 45 926906 13
35 57 594128 36
3 90 718708 11
5 79 830931 14
17 57 554597 1
57 61 432256 9
71 95 281130 24
63 90 132405 1
70 84 604444 4
58 81 982410 18
70 93 328511 30
40 91 351772 12
74 79 338023 31
23 73 975235 8
75 92 960067 23
60 63 597769 18
30 88 195946 26
12 87 867007 5
5 44 189709 1
15 26 223608 31
33 61 408846 13
14 97 267463 25
51 86 971519 9
38 52 839000 32
45 61 607342 8
21 86 731161 27
45 96 381806 27
16 59 281671 11
43 59 768151 4
23 82 405386 31
4 15 450709 3
47 90 189303 22
66 81 478026 6
3 7 939141 12
17 46 525808 10
64 78 57341 26
65 70 221399 8
64 98 885496 27
64 95 480841 38
94 97 150766 19
34 90 286133 35
8 31 397429 4
31 43 243147 25
62 92 349261 19
28 70 210926 23
29 59 313399 26
35 46 131898 35
59 85 669730 14
25 97 568614 10
15 48 447767 40
22 58 701185 18
9 87 456434 24
57 86 537929 39
25 29 389420 29
8 35 770075 8
76 92 431415 39
35 100 344167 16
42 86 719904 38
31 84 500680 23
74 76 949215 22
42 85 442943 13
4 69 224427 32
7 46 536408 21
28 53 182363 23
83 97 57878 16
63 81 351393 11
45 76 839312 21
13 30 732505 16
74 95 936628 32
74 88 25483 19
40 57 197241 4
95 97 705780 11
21 33 847769 12
3 92 467460 6
66 97 14320 7
99 100 756007 3
35 96 484178 36
5 96 395493 38
8 86 439260 32
4 79 377004 33
41 78 395293 19
31 85 51732 9
24 36 837126 8
11 63 58827 15
9 67 208303 2
24 82 641614 7
20 88 200132 33
2 22 271216 27
34 54 239462 31
71 96 495628 29
4 88 749478 4
35 66 168695 18
65 83 771854 13
9 63 171507 31
32 85 892342 5
20 63 92664 2
50 57 979072 40
28 30 711820 18
31 47 193528 20
39 62 213695 33
20 81 370993 30
51 90 672742 14
9 54 273343 35
4 65 651216 40
58 86 68981 38
32 61 549374 18
49 95 671082 14
22 88 62815 3
25 38 450185 28
19 59 984504 37
91 92 614509 2
32 46 242523 20
86 87 148124 22
59 72 992651 38
22 44 792830 32
25 92 638128 7
20 22 291641 10
44 71 89331 2
2 5 793922 23
32 64 879094 34
45 86 272425 3
87 95 577369 11
49 81 468636 26
22 67 523844 39
33 48 147326 7
39 96 291310 21
21 30 626680 24
15 58 840745 1
15 91 601572 16
20 35 305226 34
83 88 714363 23
9 31 779517 26
34 85 117529 21
41 91 452752 30
35 45 964902 38
47 57 233075 16
50 94 354246 17
23 62 846887 37
64 74 141030 40
49 69 867120 17
14 33 423697 26
61 78 246212 2
12 14 740075 6
37 69 713746 34
85 91 43094 21
66 77 414220 9
8 71 361007 37
46 49 318498 2
32 67 131552 17
45 97 66427 21
3 31 921862 12
64 77 862935 29
15 90 545335 18
61 77 312103 3
34 97 941464 5
16 91 237340 3
70 74 830760 15
78 86 50256 18
6 88 891947 21
36 92 366808 30
23 29 838044 37
40 61 715274 36
10 54 327831 12
6 47 20685 7
31 64 84831 32
21 48 367718 7
20 51 625247 7
67 81 633964 17
84 94 25830 19
17 33 331475 11
13 22 18859 31
36 62 439638 7
28 29 328112 16
32 92 796105 26
61 67 493196 15
6 13 413434 12
58 98 326217 11
73 91 355688 9
28 84 976228 10
18 81 100705 38
44 61 847993 23
59 70 855756 23
46 67 217564 12
7 100 713977 29
16 49 597149 26
29 65 787068 12
69 92 542731 10
90 97 648447 4
27 87 345163 39
43 91 425012 35
31 67 101479 31
22 78 267296 17
41 81 660286 3
48 69 407452 26
61 85 434926 25
15 76 650271 4
27 86 508111 21
19 23 231427 22
14 29 700276 2
8 18 391781 5
2 26 941869 35
26 88 991963 7
28 43 521535 1
53 97 148681 15
56 83 53148 31
47 48 970947 5
54 81 172034 9
12 63 297244 33
96 100 149544 25
22 90 842175 25
43 87 657379 23
18 26 660403 1
47 81 30299 24
14 24 554584 18
39 53 851879 5
46 58 331713 21
52 59 659136 39
25 50 470152 1
36 69 991738 2
32 63 500604 9
3 86 809542 3
85 97 729904 19
54 85 10598 3
34 51 539191 9
28 55 360034 13
69 95 256273 20
72 82 867350 18
13 89 590422 20
64 87 514245 40
45 46 337690 19
3 25 382287 23
42 76 34278 19
14 87 13518 23
30 97 768423 14
56 90 455999 9
42 59 474646 28
2 13 588989 19
7 97 66236 22
36 90 772352 34
29 42 71869 30
3 84 866556 37
25 77 571661 39
3 61 337559 20
33 42 484642 23
8 72 318458 21
87 96 464950 29
40 90 721139 15
86 89 330159 19
20 58 347887 18
51 79 948924 37
50 77 740084 18
6 48 544182 33
1 97 694501 34
48 83 708978 8
51 96 131788 3
47 64 840738 30
10 19 104118 13
49 57 332 6
20 97 78878 35
54 90 128319 16
1 42 977557 22
37 92 488539 40
10 33 902850 16
2 69 207512 1
63 78 137989 8
20 75 933279 28
27 62 810027 13
22 80 818780 21
17 50 853177 17
37 61 539786 11
67 89 557093 39
82 85 334124 36
49 66 804936 16
35 65 777390 16
88 92 672593 2
53 63 145475 9
53 55 185267 31
71 85 370265 31
60 92 466948 32
32 87 648867 22
11 87 530516 32
14 35 290014 25
51 82 109141 11
11 20 628468 17
8 70 517408 28
55 65 726448 39
3 64 497737 37
16 100 550390 40
44 78 449780 4
26 35 807944 32
55 69 410204 29
35 49 219380 39
47 92 832263 17
40 51 22035 14
17 100 881414 21
66 80 533949 34
18 19 852359 11
48 80 256241 29
72 76 635764 39
26 64 347051 8
53 54 244510 9
29 95 768672 12
49 90 8240 3
17 36 637297 23
68 84 693811 32
67 75 590370 11
12 97 502448 25
46 54 36755 33
12 51 280923 38
18 50 6208 30
67 70 675375 27
1 52 514743 38
38 58 387687 17
58 96 384427 21
33 37 615892 38
43 95 88085 4
7 70 437675 21
57 69 623231 10
65 85 598165 7
23 55 19377 33
71 74 777334 5
19 70 329287 12
78 90 890482 28
21 84 336193 6
47 53 166480 28
74 96 596357 38
2 92 370588 12
75 81 14709 12
1 58 875631 18
39 81 926862 5
32 71 285469 38
69 88 491955 9
26 57 530985 28
52 65 185031 16
82 87 152497 16
71 81 327824 24
14 65 983479 17
9 35 996560 20
10 72 846052 32
17 87 545293 30
22 64 32942 8
26 37 531936 2
23 98 152251 11
45 63 793044 22
32 90 42317 11
16 29 428260 1
33 71 257276 20
33 35 993665 19
30 57 409983 28
74 99 953241 38
44 81 461693 34
21 97 847401 13
24 75 438354 8
6 46 27702 3
8 75 244744 18
39 65 108611 1
39 52 781210 10
12 37 228067 31
20 82 825114 14
30 68 491052 32
19 30 661124 9
31 58 999224 16
25 96 591540 34
41 71 238686 8
56 68 969910 16
76 95 697338 17
61 88 269416 25
54 100 801869 12
26 90 561075 33
77 84 905348 27
10 90 524441 15
44 69 979015 16
14 48 661079 32
38 71 162412 4
31 39 438119 1
70 81 893684 22
45 47 901645 32
43 62 93358 14
11 77 473801 16
41 86 517375 28
85 95 792187 18
41 80 260211 16
13 58 21491 25
28 96 475199 11
2 66 487925 3
3 46 659503 20
62 90 47058 9
44 53 210053 33
18 31 544487 36
9 50 132856 20
46 70 765054 32
40 79 197167 15
5 95 396238 13
65 72 914124 23
16 23 932140 16
14 61 942442 16
66 79 249926 12
38 84 990322 16
52 78 57814 10
14 62 55513 22
23 81 928730 6
71 77 309590 34
32 48 992373 22
2 42 509543 28
88 91 499496 27
53 70 998052 38
48 73 608287 36
37 97 107209 35
31 92 832468 22
73 90 455153 40
24 77 616005 27
8 77 608954 34
45 79 457639 18
20 78 541481 3
63 64 857727 10
2 78 227414 4
15 73 558728 25
47 94 641499 36
38 63 108549 27
26 86 821743 14
62 70 257594 34
19 85 469254 11
15 62 842622 1
27 65 424185 22
6 63 108793 33
42 82 942469 22
39 42 83002 35
2 53 59494 28
53 85 680551 31
12 77 684544 25
47 55 708322 2
10 73 370157 22
40 47 209858 5
6 79 386378 32
80 84 854292 14
19 82 382009 8
17 24 922157 31
64 92 942244 9
19 62 72661 1
63 82 23093 1
11 78 200866 11
8 66 317994 4
34 74 163527 33
43 74 178692 3
6 70 294752 10
17 61 455101 14
12 46 84572 10
11 19 682633 35
4 20 507391 6
27 46 495730 13
49 100 307993 27
23 45 189700 30
61 92 308737 18
39 70 625062 9
22 29 360806 28
13 55 135697 33
15 22 323220 32
35 92 370788 10
13 67 538736 36
43 48 991708 5
16 40 494936 5
37 63 75842 1
77 97 931192 35
12 96 373461 11
33 54 933116 30
52 88 919434 26
76 86 454347 7
43 46 919582 23
29 94 551650 18
41 49 320802 4
5 21 39932 21
30 52 719266 4
19 97 258793 30
63 85 638432 8
79 85 468063 21
12 65 222587 28
5 88 826846 36
8 43 876128 2
28 46 693108 23
32 51 222854 10
3 48 565696 28
54 79 507721 7
80 96 93569 40
12 78 826518 40
17 37 323334 24
70 86 512705 10
32 88 412980 25
6 62 6426 2
3 37 760359 36
23 57 708865 12
12 85 999174 28
3 33 369940 13
34 35 305238 37
43 96 992946 2
6 43 803839 33
38 96 252544 28
77 79 804539 19
12 30 665619 31
17 47 58741 27
27 85 714819 25
83 89 889166 29
36 70 899632 28
41 97 164981 3
38 51 142077 9
34 84 221075 19
20 37 745994 39
14 74 906933 29
19 65 349481 35
43 77 466635 36
65 89 171069 13
65 78 641258 15
18 86 3388 25
20 69 199580 2
71 84 314012 31
10 70 294138 7
56 75 768783 3
30 36 11589 31
7 10 756480 31
15 86 132585 5
42 54 586237 28
12 31 700629 10
13 95 502580 19
41 87 782176 15
56 94 536400 37
12 86 779080 32
8 97 781491 37
64 75 216195 18
19 99 797853 36
24 30 862585 31
17 96 517555 6
16 32 102460 35
35 73 726889 22
43 73 546938 13
69 90 718973 13
49 70 315680 10
26 77 827216 24
81 91 940936 26
56 63 879638 27
56 73 333628 30
49 97 184897 15
30 58 552941 14
50 85 411583 27
47 98 880549 27
24 81 123609 9
7 37 370734 15
10 62 833425 38
28 42 667686 4
46 86 643346 33
78 81 676619 39
8 78 159047 9
13 64 558245 36
62 65 81972 21
3 76 929610 8
43 61 72616 17
29 45 255613 30
35 85 138573 31
27 48 151487 35
60 88 296909 20
43 86 618701 7
40 89 464944 25
10 21 909544 24
4 64 841117 38
51 78 584770 14
54 92 570945 21
61 64 51503 40
39 55 277779 4
0 101476 724259 199073 708999 648664 306197 86355 959759 534779 742504 888592 740320 895435 984340 897257 911036 906381 265584 497391 227599 804886 384686 861853 701135 270699 157135 120497 605453 179819 577623 597560 781390 898501 83127 309888 527109 980126 212651 797976 
101476 0 545924 265265 540313 415330 321248 77336 749864 982756 930890 945315 197101 803358 150308 460345 400717 147513 793218 922965 488940 792810 707830 456278 241989 54513 38769 514651 687092 193396 468428 891543 385250 734223 157133 766329 892551 939856 559716 233827 
724259 545924 0 875457 412167 297906 849495 810366 751304 597736 44795 375652 989496 362145 651755 36290 864093 186894 245240 1185 284406 136857 410711 157053 118945 242416 505149 901546 843575 106794 334822 806182 409007 469706 965183 876929 470756 470828 690228 133479 
199073 265265 875457 0 882158 956327 177668 82149 64374 556925 707921 265039 263172 602921 332094 405116 649661 484146 855423 973976 936439 804290 885433 579822 864566 516799 920080 239951 921814 163929 742069 667694 120749 955037 604042 684808 921760 366403 77593 469721 
708999 540313 412167 882158 0 961844 934840 290967 986356 692460 172837 802837 994843 760386 163308 408958 114544 751396 529510 624477 714783 922009 906074 17220 608431 107073 109899 26735 538719 244473 181599 779604 307172 56069 822125 742841 864832 344562 570230 181416 
648664 415330 297906 956327 961844 0 22932 27400 379288 256404 351040 53076 832266 934929 944951 35544 584070 233542 105922 302736 10146 731214 272201 416561 311243 242012 798921 874473 371490 429763 756026 43928 204648 44622 400348 683832 494572 608547 694885 153789 
306197 321248 849495 177668 934840 22932 0 320958 849138 794677 9439 338624 800603 856488 766973 557083 659850 735364 454252 293468 829528 594622 669902 698336 164341 874898 655769 557025 988919 496895 263989 383947 846401 445412 746254 503027 324415 217287 423535 696951 
86355 77336 810366 82149 290967 27400 320958 0 976359 930703 914581 106089 681918 679137 237000 914169 698601 621243 960723 538717 587651 452776 988183 800729 339849 993412 917074 393923 933228 504010 348168 627423 941649 960300 324655 224260 809954 479429 10887 726659 
959759 749864 751304 64374 986356 379288 849138 976359 0 980240 490293 360120 596627 977919 803826 900064 718702 364388 800208 166653 728177 670268 281137 32602 942507 601692 104993 124674 510105 325108 660500 749373 653694 135315 842834 875835 173147 779435 712372 378164 
534779 982756 597736 556925 692460 256404 794677 930703 980240 0 48266 679516 705980 683797 234584 508353 622275 124537 423194 389603 332828 885733 881868 738505 982866 274268 188521 260461 879018 209501 154252 726735 276272 655631 933286 944486 57933 996298 413598 24393 
742504 930890 44795 707921 172837 351040 9439 914581 490293 48266 0 489734 949337 998297 766231 658251 438538 623842 892062 670031 162993 325151 538358 593087 159694 513509 780115 262515 612727 869961 937572 247028 906761 647809 239992 956821 415258 870637 983976 834377 
888592 945315 375652 265039 802837 53076 338624 106089 360120 679516 489734 0 984710 28682 389497 604598 892122 592816 369480 308788 113751 566603 154787 692826 324107 868380 831627 43324 625357 675057 226282 362411 91666 776777 774912 787921 669108 438254 40803 15645 
740320 197101 989496 263172 994843 832266 800603 681918 596627 705980 949337 984710 0 150442 412440 383146 122124 750129 347107 961598 271858 493530 330910 977465 134089 440238 754437 378487 491172 444407 946000 522302 805677 416188 905462 756595 764242 71431 528276 682980 
895435 803358 362145 602921 760386 934929 856488 679137 977919 683797 998297 28682 150442 0 880016 409915 159080 254125 173332 420371 595072 319567 521987 573796 943523 12734 358371 20129 289035 112699 759742 69367 709726 707648 859190 918947 955640 654163 497028 288272 
984340 150308 651755 332094 163308 944951 766973 237000 803826 234584 766231 389497 412440 880016 0 12207 738523 777525 22758 536790 769268 57639 186701 599752 798258 993859 407756 936943 410258 243009 427484 925125 729331 872245 216608 474474 284920 958594 470491 904305 
897257 460345 36290 405116 408958 35544 557083 914169 900064 508353 658251 604598 383146 409915 12207 0 207333 531654 716963 580098 73721 52661 915549 729882 660268 905611 672035 116199 623671 732242 497051 659726 198668 805262 47697 212965 642633 368910 692328 267781 
911036 400717 864093 649661 114544 584070 659850 698601 718702 622275 438538 892122 122124 159080 738523 207333 0 438179 757459 320637 608333 303728 417762 748933 518679 492161 116882 239730 244272 864012 295794 357186 182021 417286 204626 185083 999165 100839 685151 659143 
906381 147513 186894 484146 751396 233542 735364 621243 364388 124537 623842 592816 750129 254125 777525 531654 438179 0 719571 774451 115314 297843 85527 770934 827361 428589 26461 150004 325501 256733 518275 320987 261232 519815 826211 698274 393774 125390 687193 652140 
265584 793218 245240 855423 529510 105922 454252 960723 800208 423194 892062 369480 347107 173332 22758 716963 757459 719571 0 633487 846492 134832 628482 675504 877720 493686 509750 675363 789721 989588 53360 669709 128407 680068 730018 911137 623731 751278 266335 174749 
497391 922965 1185 973976 624477 302736 293468 538717 166653 389603 670031 308788 961598 420371 536790 580098 320637 774451 633487 0 76381 622445 735514 837230 565623 592879 600205 679210 990766 520041 386882 534228 118811 189008 824676 520020 199100 839283 113830 264451 
227599 488940 284406 936439 714783 10146 829528 587651 728177 332828 162993 113751 271858 595072 769268 73721 608333 115314 846492 76381 0 542371 307715 440741 397804 269367 277874 347425 826795 810562 350849 470342 961151 251816 53717 645409 220236 704363 71191 23523 
804886 792810 136857 804290 922009 731214 594622 452776 670268 885733 325151 566603 493530 319567 57639 52661 303728 297843 134832 622445 542371 0 450382 217174 680019 931942 998064 460777 526855 855740 342042 782283 253113 220266 628912 432383 764703 360217 346775 928509 
384686 707830 410711 885433 906074 272201 669902 988183 281137 881868 538358 154787 330910 521987 186701 915549 417762 85527 628482 735514 307715 450382 0 153017 949275 105095 661755 23966 962561 666887 75683 732623 992042 259217 294321 190603 759179 260153 474058 21581 
861853 456278 157053 579822 17220 416561 698336 800729 32602 738505 593087 692826 977465 573796 599752 729882 748933 770934 675504 837230 440741 217174 153017 0 609552 861804 703074 888970 505050 688445 141824 295031 270435 466491 933544 779293 570216 512460 972391 487973 
701135 241989 118945 864566 608431 311243 164341 339849 942507 982866 159694 324107 134089 943523 798258 660268 518679 827361 877720 565623 397804 680019 949275 609552 0 54768 15010 104491 790281 99504 557178 698464 430548 972071 180483 801230 453540 845735 309678 274049 
270699 54513 242416 516799 107073 242012 874898 993412 601692 274268 513509 868380 440238 12734 993859 905611 492161 428589 493686 592879 269367 931942 105095 861804 54768 0 876495 935677 139118 228317 314014 941081 143381 939592 211673 39323 677743 939628 628516 836342 
157135 38769 505149 920080 109899 798921 655769 917074 104993 188521 780115 831627 754437 358371 407756 672035 116882 26461 509750 600205 277874 998064 661755 703074 15010 876495 0 843918 949907 980273 337459 978622 78426 897566 527562 516034 225995 112546 256118 446793 
120497 514651 901546 239951 26735 874473 557025 393923 124674 260461 262515 43324 378487 20129 936943 116199 239730 150004 675363 679210 347425 460777 23966 888970 104491 935677 843918 0 330451 338127 556298 486591 398674 799179 155092 853382 716988 387148 571115 558035 
605453 687092 843575 921814 538719 371490 988919 933228 510105 879018 612727 625357 491172 289035 410258 623671 244272 325501 789721 990766 826795 526855 962561 505050 790281 139118 949907 330451 0 378854 731021 879327 614210 134339 745316 461179 238525 388083 679363 380390 
179819 193396 106794 163929 244473 429763 496895 504010 325108 209501 869961 675057 444407 112699 243009 732242 864012 256733 989588 520041 810562 855740 666887 688445 99504 228317 980273 338127 378854 0 892027 699401 19833 212085 73848 526289 712325 78384 862146 53546 
577623 468428 334822 742069 181599 756026 263989 348168 660500 154252 937572 226282 946000 759742 427484 497051 295794 518275 53360 386882 350849 342042 75683 141824 557178 314014 337459 556298 731021 892027 0 781941 260118 612615 382687 579743 564180 690033 695710 154912 
597560 891543 806182 667694 779604 43928 383947 627423 749373 726735 247028 362411 522302 69367 925125 659726 357186 320987 669709 534228 470342 782283 732623 295031 698464 941081 978622 486591 879327 699401 781941 0 638160 676396 776784 802316 743762 588495 313263 185986 
781390 385250 409007 120749 307172 204648 846401 941649 653694 276272 906761 91666 805677 709726 729331 198668 182021 261232 128407 118811 961151 253113 992042 270435 430548 143381 78426 398674 614210 19833 260118 638160 0 505725 904500 742054 838262 769631 340710 385424 
898501 734223 469706 955037 56069 44622 445412 960300 135315 655631 647809 776777 416188 707648 872245 805262 417286 519815 680068 189008 251816 220266 259217 466491 972071 939592 897566 799179 134339 212085 612615 676396 505725 0 298083 500757 344646 470635 226924 357281 
83127 157133 965183 604042 822125 400348 746254 324655 842834 933286 239992 774912 905462 859190 216608 47697 204626 826211 730018 824676 53717 628912 294321 933544 180483 211673 527562 155092 745316 73848 382687 776784 904500 298083 0 258318 484965 712229 127575 22482 
309888 766329 876929 684808 742841 683832 503027 224260 875835 944486 956821 787921 756595 918947 474474 212965 185083 698274 911137 520020 645409 432383 190603 779293 801230 39323 516034 853382 461179 526289 579743 802316 742054 500757 258318 0 545822 53341 881952 42531 
527109 892551 470756 921760 864832 494572 324415 809954 173147 57933 415258 669108 764242 955640 284920 642633 999165 393774 623731 199100 220236 764703 759179 570216 453540 677743 225995 716988 238525 712325 564180 743762 838262 344646 484965 545822 0 153046 151245 741716 
980126 939856 470828 366403 344562 608547 217287 479429 779435 996298 870637 438254 71431 654163 958594 368910 100839 125390 751278 839283 704363 360217 260153 512460 845735 939628 112546 387148 388083 78384 690033 588495 769631 470635 712229 53341 153046 0 376533 837000 
212651 559716 690228 77593 570230 694885 423535 10887 712372 413598 983976 40803 528276 497028 470491 692328 685151 687193 266335 113830 71191 346775 474058 972391 309678 628516 256118 571115 679363 862146 695710 313263 340710 226924 127575 881952 151245 376533 0 396988 
797976 233827 133479 469721 181416 153789 696951 726659 378164 24393 834377 15645 682980 288272 904305 267781 659143 652140 174749 264451 23523 928509 21581 487973 274049 836342 446793 558035 380390 53546 154912 185986 385424 357281 22482 42531 741716 837000 396988 0 
