110 2860 70
53 109 7863725 22
41 100 7519338 26
18 64 4616839 24
10 22 3548862 3
48 77 6388730 62
4 59 1382748 23
12 25 1498039 14
56 105 2408683 46
54 110 8412418 39
18 85 6119578 17
53 100 8494781 24
54 107 1311144 34
35 49 1548570 70
13 99 8669994 60
99 107 1467739 2
43 64 9207667 27
11 79 8833281 43
39 56 578454 20
25 72 6003170 36
44 51 8376794 58
25 73 7389989 15
49 79 7446128 43
45 64 1541592 9
36 67 1717046 36
81 108 3106599 59
23 33 9421009 32
13 54 4982756 48
43 105 2248648 57
38 52 7970120 7
35 69 1754790 31
68 88 6830109 70
11 85 5940389 29
95 99 249526 25
27 103 9030458 6
28 76 6786997 49
79 96 2512173 17
25 47 5333264 44
67 73 6037677 49
3 8 3646184 24
23 87 7549632 12
40 92 8899847 13
55 103 1756582 46
7 62 5374742 15
30 58 4623090 53
52 54 7258595 39
42 80 1768190 26
99 104 1821785 52
45 69 9180248 57
25 30 9160644 48
79 103 9650711 32
21 30 8089420 38
6 36 439419 38
37 41 558402 2
94 109 8787922 39
35 104 527645 47
26 80 2273038 5
2 3 7061560 30
40 105 3923385 58
75 98 8987980 31
1 52 2348628 68
25 94 4618388 26
46 108 174013 7
5 26 1414591 21
8 39 6360261 23
50 62 3270743 4
33 53 9098353 65
99 101 4859269 9
16 50 7888741 43
20 59 8845351 11
17 99 4896460 10
6 98 1847130 50
30 85 3067675 4
64 71 9719759 16
38 98 8201780 40
4 36 9266191 29
55 110 2416794 65
5 63 678828 28
29 42 7083510 54
98 109 2141540 32
17 76 3069416 34
34 110 3875601 68
88 90 3419723 39
23 43 8977390 10
3 39 9720422 3
18 67 5567478 22
14 72 6562055 29
14 99 5016213 26
10 99 380725 20
6 51 9618014 7
70 85 5326341 28
50 64 8409669 64
62 87 6140193 36
26 55 1084260 18
59 102 7479257 50
81 103 4309241 29
45 56 6194879 65
81 89 7018961 34
69 98 6258949 12
53 79 6361965 61
70 87 7866728 35
12 40 3604545 58
31 82 1116031 20
88 99 3247495 24
41 108 6595446 31
14 74 502999 12
24 99 2767972 17
34 39 2681805 2
6 47 697562 10
41 69 6392793 21
15 38 2837464 3
13 102 1769876 38
9 80 1445285 34
11 40 7007559 28
31 39 2035909 26
14 30 5709722 41
33 66 1760225 6
13 71 4902654 62
53 85 980830 41
12 87 722303 49
11 93 7709743 8
39 81 2785024 20
32 59 5970619 64
65 109 3512660 15
43 71 7095225 12
66 98 1715402 52
4 5 2591225 42
48 99 1190903 36
3 66 4291839 5
46 105 2555922 18
12 105 6916320 22
31 109 9402595 48
64 98 8079986 34
10 61 8210462 55
23 99 3558232 22
13 55 3176711 57
10 82 9150790 25
38 84 6099463 16
31 58 733153 8
40 110 9417795 16
8 79 2130905 33
69 85 2976570 25
51 77 3674964 48
10 98 4455219 39
47 55 6470191 56
19 21 5437820 18
32 99 1984263 21
17 66 4702759 62
48 51 5302333 21
78 94 1910115 38
14 96 9947224 12
36 50 8196393 50
31 62 2355247 28
17 19 6613878 15
15 77 541653 31
30 55 3106590 6
21 92 6753088 55
1 36 3925466 60
16 80 2717806 37
38 87 3641931 24
62 73 8173684 28
40 94 3723360 23
17 30 1871844 42
27 49 5696495 39
32 110 1887017 33
14 83 455105 16
37 43 1768133 26
56 59 6082147 53
36 85 1951042 34
6 20 7079176 47
37 49 8467231 39
74 110 7730268 54
40 59 6174008 46
6 62 9463405 21
39 43 6603955 7
78 89 8808238 13
9 21 5789006 68
89 96 3515037 18
3 55 543253 25
76 102 7626792 32
62 105 2977348 57
22 71 6496119 42
2 5 8992181 66
29 52 577710 7
3 108 8120667 55
51 67 5334540 52
11 102 6488076 21
8 29 6465025 12
2 40 6070884 12
82 104 7135264 20
14 33 1343301 45
78 82 7949829 44
25 71 673953 60
90 103 9419213 8
5 15 1844635 16
52 98 3241661 4
21 51 7936932 19
26 110 4573930 37
64 82 2129000 43
27 98 194036 65
8 19 8381278 6
30 98 4050513 43
77 107 2740495 35
83 91 7212999 12
19 51 9802565 37
69 87 4824333 59
10 13 4140253 15
38 64 3276859 36
64 74 7268528 21
17 71 1903943 3
3 37 6185087 19
20 107 8613408 23
84 89 7755443 33
33 109 3416056 10
7 25 1258859 32
50 110 9043677 70
65 76 6284093 53
49 60 8092739 6
2 82 1928615 16
79 109 3013558 21
56 58 4074411 29
13 97 6849315 28
49 108 2606126 58
17 67 817015 19
74 99 193363 4
63 82 8306694 59
53 96 4288141 38
33 49 5517775 48
54 80 2364763 23
8 23 6346624 30
11 76 4745496 19
68 87 5490537 5
18 27 1169255 41
48 66 7092509 44
10 21 1929936 47
66 106 3318923 62
38 99 5082942 69
11 66 8499097 59
28 82 9477076 55
82 89 2464501 30
1 23 4782726 59
26 28 7740274 14
53 62 7204007 32
4 110 2892744 41
11 77 3686810 61
76 106 2713698 25
53 107 3410535 23
7 79 4785923 67
62 66 67417 62
61 92 37350 23
24 80 5579577 26
11 43 4009618 1
23 56 9270074 14
78 104 4986832 42
68 103 4560912 47
54 77 5750634 10
17 21 5612924 45
15 17 6103524 58
28 49 1156013 19
70 107 9992836 28
76 77 978239 49
71 76 2847142 40
40 107 9719606 22
73 79 9813492 50
4 17 5703889 18
9 40 798264 17
85 88 4019327 22
86 98 2431356 26
11 58 5897568 31
77 89 5179721 46
9 19 3275287 12
66 85 3271558 30
58 95 8818101 51
19 79 5820745 6
58 108 5733012 16
58 89 5032464 52
21 40 1069006 20
1 11 8270706 23
31 54 473850 19
67 110 9891967 19
23 53 2299493 60
5 44 9227609 2
43 82 3258908 47
36 106 9723038 55
51 63 5868729 47
2 36 6276818 66
48 59 2682780 30
5 56 3061892 34
13 72 2325335 21
18 109 3471355 68
59 88 3969881 34
11 65 401967 33
24 48 6601205 27
60 102 2172773 33
21 106 4730681 41
70 71 9174774 38
4 96 7494787 11
48 83 4143576 32
59 66 1305254 24
24 105 5800459 51
14 56 3864799 49
84 85 4635320 24
30 105 1454875 13
57 110 9416926 26
26 66 9859954 60
9 29 7337937 70
44 106 9903563 6
21 61 7908162 2
26 108 2266817 39
73 106 6526159 55
41 52 2145406 45
22 92 8798005 46
1 34 9198402 68
50 105 1440072 23
37 99 1619744 43
9 64 764778 59
26 56 9361419 2
40 43 8011939 58
24 25 2533741 57
1 42 3060040 7
57 72 6630588 43
16 79 3215336 70
56 80 7643000 30
20 85 9848338 61
47 103 5994374 60
22 51 8169429 3
31 35 1407364 28
28 53 9670382 34
51 98 1044759 12
84 96 5909882 28
13 107 9379163 25
106 108 9468069 4
70 98 3707813 17
2 9 1516877 58
71 87 3378974 3
45 59 5275607 32
73 77 9374618 54
21 76 5625240 39
26 99 3263124 61
33 40 5975643 60
21 49 4348268 35
8 94 8735214 8
56 69 8646849 42
43 91 1308782 3
37 42 3838776 70
10 24 6857073 62
71 98 6298094 25
35 85 5310576 55
22 59 8818463 42
6 64 9795043 38
11 29 3805173 68
34 89 7197275 5
37 85 7985568 8
24 37 7813541 32
89 99 6504518 39
31 63 1718105 25
1 85 7288896 5
53 99 2243570 12
86 105 9115155 35
10 70 485219 35
82 87 4934944 49
50 52 8871204 42
18 51 3939053 23
18 25 8369388 61
30 100 3958340 70
65 66 4339707 65
103 109 1952411 16
8 109 9117877 37
58 63 1372110 24
2 55 6215422 34
50 82 1934042 46
7 9 2970494 27
29 96 4402023 16
63 108 5413614 63
9 71 6709773 6
11 67 4082834 8
63 94 1526385 66
45 79 9382721 29
44 70 1184633 62
38 82 2151906 44
42 75 4253782 62
38 55 1985732 31
75 85 4310223 51
78 99 6252307 42
41 110 4878010 33
26 87 354104 1
27 72 7447436 43
39 87 9111454 37
5 36 3353658 11
21 80 9787854 23
34 71 5278065 66
58 104 5800350 5
35 110 1471770 69
91 103 3474722 51
80 110 8297720 16
91 93 2534388 46
36 109 5142190 4
24 69 669732 70
17 83 6068317 44
8 92 7068215 16
66 79 4590339 4
4 67 6462518 53
33 48 7910133 30
83 110 7275393 50
20 40 6845879 32
12 66 3730399 45
52 55 2859443 52
42 96 4748230 9
26 79 9096738 42
50 80 2603485 57
23 55 3604875 32
34 100 9160953 32
20 25 4430469 60
38 96 8497448 32
38 108 1037484 27
64 103 1732839 54
67 75 1584270 57
65 107 9872596 42
21 82 5038923 19
39 53 7553768 62
62 72 5981450 29
1 22 308943 6
21 107 866328 40
7 100 1809874 24
8 55 1946623 45
40 79 4663091 29
92 110 5352579 25
8 17 967321 21
42 76 8851941 31
50 102 5094536 37
22 64 6508613 59
11 16 8620922 58
56 66 5978462 26
50 109 3167278 16
16 90 4914340 52
16 24 8918257 29
41 50 315668 38
85 108 168198 36
3 38 5390603 25
60 87 1580101 1
5 19 6053091 15
14 98 9838853 11
12 41 2635934 58
11 41 5827136 49
11 107 8155888 62
38 44 1593043 24
87 108 4140669 9
48 89 2021963 16
26 50 2541754 69
60 99 4681922 47
4 6 1058202 25
10 102 4647296 69
6 9 7003341 12
75 77 1524385 27
4 81 5546117 39
29 41 7887840 64
3 82 2649961 37
27 31 592664 6
49 66 5253307 13
6 56 5206866 37
61 80 6383729 62
73 98 2093532 8
56 100 4990320 41
2 12 7564880 51
31 76 7932978 64
78 105 9396722 55
81 102 6313806 53
10 64 6680347 36
9 51 7552687 38
13 90 5590408 48
58 59 1982198 47
14 21 1016755 31
32 89 5267272 18
3 67 2021931 53
8 40 3018277 12
16 65 5522638 10
12 47 7394384 17
22 29 7201945 21
50 59 300894 58
48 57 4866900 28
67 102 8493210 42
54 58 9180410 4
33 74 9299047 5
19 106 8931090 40
15 63 9111912 12
5 92 5108807 33
24 49 9008370 36
57 84 3293893 16
47 106 2509831 28
28 66 6284182 50
23 80 3563471 43
13 83 2861844 8
13 69 9398676 10
60 72 2793729 39
55 56 9932963 60
1 61 3521539 36
68 109 6878586 22
27 92 7691112 63
54 66 2883159 50
47 53 5595803 36
4 80 1438809 59
4 56 4305246 61
11 63 8713902 47
75 107 4791140 5
85 92 6072424 64
17 89 9206645 12
57 62 1417307 4
42 92 8520276 28
44 102 448720 48
59 64 6471240 2
36 71 2700396 57
54 67 1111321 46
17 63 3667848 64
36 42 502184 15
50 53 6468484 43
22 85 4680789 57
78 86 2981359 34
7 109 7547533 1
87 102 2807154 54
2 20 7794339 45
68 77 1651823 45
3 73 1751916 56
27 82 605696 46
30 80 3374852 21
5 87 2780076 41
37 59 7575592 41
15 40 2036366 6
42 90 2004878 48
56 74 7303660 56
49 54 7306807 57
16 23 5264365 68
104 107 5773428 26
1 17 8510185 57
22 55 5879042 9
61 66 7575147 17
43 54 9520287 31
49 55 9361287 48
27 77 3560089 32
85 106 4359200 67
49 110 1867756 44
69 89 927823 49
88 103 2892993 68
13 21 2901501 61
9 59 419545 49
5 11 4769833 34
31 102 7506517 7
12 69 7594824 65
83 108 4440374 27
58 98 5069747 48
42 110 7922164 30
6 71 8654138 53
10 20 6097936 2
69 77 290788 18
63 78 4092712 31
57 75 1903128 55
39 61 7991806 15
64 89 4173733 56
39 96 9296082 53
29 30 6233864 23
36 99 9067332 49
32 41 7014322 5
13 101 5376383 47
97 108 3001235 54
11 56 7540597 7
95 110 1081580 65
7 59 4141931 10
7 33 1079929 40
62 98 1781136 66
25 87 1173716 40
6 25 6561945 53
74 80 5088837 52
18 88 8679847 65
84 99 1624788 58
78 79 6014287 7
57 78 6925207 67
93 107 4143273 43
24 85 2598378 57
3 58 4617051 36
4 100 4017181 17
7 104 3692396 45
94 98 1437738 11
55 89 8013821 56
30 71 2715073 8
19 33 4898154 57
21 44 3425824 3
68 101 7570829 15
3 87 2709824 6
19 32 8052024 51
41 76 6256513 64
4 53 6401590 68
13 29 8668587 58
3 54 3657903 60
38 102 7458185 41
96 107 2112202 31
11 98 127250 24
43 53 7828794 61
32 64 6081042 66
51 71 5203912 12
31 41 7402672 62
5 42 1864316 18
77 102 2872450 21
38 90 4026172 33
12 55 1668558 13
72 99 9295481 33
11 82 546613 44
18 39 6821421 66
37 108 8805045 10
11 104 6896951 45
91 110 9118221 50
18 94 8943858 43
12 39 1856520 40
57 61 527365 30
50 55 8269420 23
5 31 9785159 51
67 77 2417184 9
15 67 7494568 10
26 54 3103924 57
77 85 7365788 40
12 98 9472528 30
51 85 8704695 56
13 36 9146918 40
2 79 866516 53
6 59 1541146 7
45 78 5363455 57
52 100 8978090 30
11 36 4362418 60
103 108 5329355 14
15 69 23334 37
1 110 3994427 21
35 103 6043928 52
32 107 8710799 61
7 85 5526143 58
56 103 2040243 61
43 66 6570503 28
54 73 8491838 41
12 77 7994711 67
12 50 2089829 1
18 89 9715569 63
102 108 917691 27
18 21 695561 67
22 27 4311705 48
62 94 6870892 60
5 77 9541215 51
75 80 6161639 26
39 47 3066895 38
62 96 1033368 8
60 93 2344528 12
28 99 5855774 27
53 67 1488809 20
12 27 1602759 6
19 25 4273803 11
3 47 2651053 43
1 50 2919064 38
79 81 184862 54
39 54 3508146 14
21 31 3583589 26
52 96 9460076 40
26 64 8678886 64
27 69 9244561 34
32 44 1485846 19
94 102 3358775 5
63 77 8985015 45
103 110 1900571 17
70 103 8869646 56
60 81 3524972 33
20 91 1870399 33
2 7 9368888 49
93 110 8202949 51
1 27 7745753 31
10 108 3210844 37
75 91 5406643 24
3 27 451357 51
40 63 2579605 5
95 96 6759833 64
47 52 8235437 9
1 79 2206198 58
40 103 1611082 16
62 85 495223 17
37 87 2961387 49
50 98 8099441 41
56 97 5371144 44
3 36 9655977 29
6 87 3209187 49
68 106 8267960 35
41 51 7701163 23
47 87 8244666 36
17 59 7964630 54
2 80 5818009 30
44 53 7429550 2
5 89 3462158 18
66 100 9761272 2
13 77 9279484 14
3 76 4772404 51
76 96 2783995 46
36 57 6919621 44
31 66 5479154 42
28 36 2113095 64
32 51 1063163 36
11 103 9516517 39
5 102 1398472 47
59 73 6006103 69
48 61 2888994 23
35 62 711739 9
52 99 2585559 5
96 102 8641306 54
24 28 5884240 43
35 73 7639380 16
63 107 9310669 2
2 107 5943665 23
24 59 9008075 32
27 85 2424257 46
8 42 9234400 16
82 110 3297337 48
2 51 4165727 58
10 71 7788806 50
9 101 3962503 47
85 102 8444285 56
16 100 751986 8
17 28 6714489 9
66 72 2617753 5
43 52 6492842 4
18 71 9106740 18
53 86 4344957 68
36 87 8081733 13
54 59 8228390 37
39 105 878414 66
21 22 927520 55
13 94 8480892 64
3 69 9281334 63
38 42 1873674 56
46 77 1397943 45
5 32 3854813 5
40 106 7722137 26
83 98 9630448 9
18 100 7787601 30
56 107 5357317 29
58 106 7512464 55
77 110 6331135 9
27 45 2898913 4
39 104 951477 50
5 108 6937861 23
53 87 4171715 48
1 10 4172295 13
1 73 5927448 31
80 105 8992535 22
68 85 2892265 14
46 71 6287985 53
16 40 6174845 22
35 75 2046892 65
1 96 7308078 40
5 24 9676445 66
52 56 4292242 37
23 108 2542504 55
65 100 40046 38
98 106 7172623 49
26 75 2384722 66
85 103 4279933 63
18 56 8982031 7
91 92 3210813 50
28 85 7307974 60
35 109 3001120 12
96 105 7023164 48
76 108 2590380 45
75 103 4530685 61
60 108 9875962 50
19 30 4287428 69
59 71 4648622 53
21 55 670372 30
65 98 6469645 63
44 96 6392675 64
11 26 4002613 51
10 110 8164061 18
76 105 1219588 13
88 89 9695409 32
1 48 9098101 35
100 105 4627192 58
83 104 6351499 24
85 87 9571889 52
29 97 8692684 59
72 107 2065243 67
45 108 8567809 38
6 13 6844443 19
61 64 9785056 31
30 77 7425459 51
14 64 2443783 8
69 75 1471391 43
56 110 4402275 67
13 42 5376876 67
61 98 8382680 6
3 9 2440664 31
21 54 519360 28
2 38 6766650 25
61 110 7864296 49
8 71 3494511 60
10 43 8890333 62
41 62 176215 70
46 57 1985924 64
97 103 5342671 55
44 100 2008713 7
77 109 9131851 46
49 71 6041687 21
51 110 372216 25
1 98 1547763 65
5 51 7858733 30
28 107 9300846 10
83 107 8398893 30
70 109 286305 45
21 98 4717425 63
18 30 2350188 41
8 87 7966209 39
90 109 5478124 65
23 47 3362872 39
15 24 5566705 42
103 107 9962860 7
7 17 167646 56
8 110 9471851 25
77 99 9051284 36
44 61 9923718 24
13 80 8807654 2
55 85 3129577 26
44 98 2044316 15
58 85 6809797 64
4 66 9793586 24
15 42 253212 23
7 56 7969282 14
3 71 7346474 27
28 89 5886761 32
5 9 8487245 42
9 79 9366283 43
1 83 8179327 53
13 79 6834023 29
22 47 8651388 32
24 66 6867388 20
33 50 8904037 9
7 40 235087 1
20 21 9049300 39
67 70 9171476 49
81 105 2810786 23
5 66 531673 64
68 89 9870100 5
25 104 169003 65
20 51 3378274 9
14 22 5108103 35
6 55 747712 17
55 98 2734575 60
15 98 6485595 5
65 87 6692380 56
3 110 7377552 28
22 79 2417304 8
39 50 6555880 16
58 69 9497131 62
13 109 925203 62
68 100 4602698 16
16 87 8802525 70
67 87 374730 19
56 93 2505631 30
26 59 1708899 22
36 110 9627540 51
16 31 1293435 49
91 107 2634065 27
14 58 9537615 61
18 66 6282973 31
37 53 1615357 50
17 61 1877035 58
13 47 6836714 17
51 104 3084984 26
8 10 9000818 37
24 64 9777654 16
61 77 9941990 42
22 88 5220617 20
5 37 5736715 46
53 104 5683911 25
40 42 7277504 26
17 52 8894809 7
45 90 8482969 47
6 79 6554669 13
53 108 7433422 7
19 58 9349850 2
30 59 3309155 56
74 82 7446268 24
3 22 6979235 43
1 28 9355139 65
11 72 1769734 12
24 82 893734 47
9 54 5820825 68
7 87 6627457 38
45 104 3990924 7
6 42 739515 33
2 102 2477136 53
49 59 975076 15
61 94 9896418 43
73 108 4085063 48
17 102 4999773 30
30 63 6384125 54
12 24 8511243 63
9 103 8990696 19
37 51 9093234 16
9 41 338307 19
5 39 5437244 26
7 51 2590616 50
80 87 6798700 49
15 70 6999922 45
44 72 8486400 31
70 110 9691709 2
14 40 5404960 36
19 41 7673989 49
25 36 5262538 55
12 99 3147388 61
33 103 8308160 13
104 110 3368299 13
9 70 8594234 49
16 82 9551025 29
39 89 1247301 28
59 85 9296732 69
17 108 495168 26
3 103 1245328 56
50 79 8618725 25
7 48 4171586 31
37 103 4278732 42
69 79 6920572 50
22 30 9235439 43
20 79 5351229 15
12 75 2811994 28
94 105 4326669 70
28 54 4034313 17
50 71 924543 8
19 64 8613449 47
54 98 1837050 51
41 63 6649792 35
6 72 732478 26
17 29 1072599 28
15 34 6368681 42
21 110 4737625 5
6 44 810675 31
26 98 6841669 53
3 98 365008 34
34 66 8667664 5
9 10 8067107 2
45 75 7273208 10
60 69 3325562 35
92 108 7466707 37
1 87 397407 29
79 104 72361 65
61 87 6544485 58
32 67 4945046 65
11 44 3704781 36
88 98 2810263 8
9 73 652975 64
33 100 5794357 10
33 42 4307348 46
37 110 9919426 64
31 53 3139660 13
100 110 5835991 24
87 106 4007959 27
30 36 9185584 61
16 22 8525369 62
91 108 3236129 63
45 99 5144291 15
18 50 8335985 29
32 63 2633211 5
10 48 5656654 60
57 99 6609074 52
74 98 6513632 42
4 42 653306 66
52 73 2021540 5
34 42 1707356 59
85 104 82408 46
74 95 7416778 8
1 25 2418724 23
14 86 5087482 31
31 83 768077 1
13 87 8383096 25
25 98 5670910 49
74 89 7272633 11
23 74 8480770 49
68 73 5061143 35
68 107 4666923 10
46 96 6477280 67
91 96 7323024 6
2 17 9843892 22
4 30 9119849 37
19 40 2917892 32
31 85 4140594 17
17 98 5128968 37
32 36 4444141 35
103 104 9593563 2
39 70 6469224 51
28 79 9142645 7
83 102 4157679 24
59 80 8115716 11
46 110 202667 29
33 72 5909598 38
90 110 8541244 50
7 43 5541459 4
28 80 7478480 54
32 96 3977969 42
38 92 3349712 16
4 31 860399 44
20 31 5182184 54
21 72 2569578 69
49 99 9733906 9
19 72 9295930 1
17 56 2702067 15
66 96 5505032 55
4 51 9946505 47
53 64 4218597 29
9 47 7932260 60
90 92 4915782 25
65 96 1433500 39
12 37 2193774 1
57 103 5807374 24
36 56 6946200 31
31 79 4761590 58
4 47 4445951 26
65 80 8770295 42
45 106 3123462 60
80 106 2704491 62
18 98 5012951 20
18 72 7090320 6
92 101 1547108 7
20 52 1790847 66
21 24 4253806 5
43 99 891517 64
67 105 183898 33
12 89 7738196 59
8 47 8481286 28
44 95 5776031 22
76 98 1199104 69
60 64 6036266 28
1 81 2975042 53
20 36 483873 50
1 44 8208784 61
59 87 111592 54
22 104 9354041 25
60 106 2248398 50
55 83 1016623 55
15 47 2881902 34
9 11 1007000 40
24 34 3564919 20
41 42 2119459 13
5 79 89433 23
19 104 5261180 57
37 58 9962624 1
24 71 3234082 10
29 31 6101308 46
6 41 7504952 58
51 72 2617148 60
18 43 8842680 12
17 36 1844543 55
15 55 2914056 50
15 92 988959 54
65 69 8160507 30
99 110 5405614 1
2 19 3540176 66
33 41 1787547 36
2 6 7280320 60
19 63 1000029 40
23 26 8698516 3
19 36 5117546 9
25 40 4777442 39
17 80 4068056 39
10 109 6480580 42
31 49 184850 55
24 83 7279260 22
82 92 1286502 51
49 84 273407 54
42 91 932963 28
47 54 672651 24
34 40 4967153 15
60 103 7450787 45
65 104 5185225 50
11 91 938256 24
15 79 3368445 16
23 54 3505434 32
90 99 5767629 30
25 79 3516521 49
42 106 7876350 51
52 64 8256083 36
38 51 3668709 42
29 38 2497211 6
2 59 8198327 3
3 28 7092237 46
30 92 2912158 3
81 100 3691800 18
91 98 8447452 62
7 69 3941199 28
24 30 2307569 46
96 106 2632730 70
21 43 6505523 66
64 79 75698 37
33 77 7844923 36
17 87 2580601 51
23 27 4316134 14
10 42 3912450 61
20 63 9297092 58
31 98 4594304 18
8 41 3844256 38
66 102 5466520 14
34 47 8979556 38
48 53 2758034 41
91 99 879029 42
7 50 2521841 41
59 109 4841607 64
61 76 4178874 61
5 47 3041568 58
52 81 3626544 36
89 102 6882050 11
31 50 7436820 14
51 53 4444989 38
17 105 8361969 53
29 50 9506661 36
82 100 7987754 49
60 63 6201437 14
35 77 7834700 15
68 79 8219330 19
63 99 8562917 50
18 49 2453007 10
95 106 2598890 15
94 108 116897 30
53 89 3304507 34
16 59 7098927 23
54 63 6828220 27
42 89 2164155 26
2 32 9307149 35
11 59 6785055 35
56 65 6247293 59
57 71 2539869 7
89 105 4433566 39
31 75 6016434 37
97 106 3310754 56
21 41 8770417 41
16 20 248589 46
15 108 7521945 4
102 110 7263117 32
65 108 7811808 68
1 51 4493084 58
78 108 981046 65
76 103 7094581 67
18 73 7478752 17
23 44 5716748 8
4 37 338847 63
26 30 5070964 39
21 52 3478646 29
79 84 7527772 41
61 93 5583824 43
23 63 3544910 38
31 71 6980265 33
65 79 8627084 13
31 64 3694470 29
17 104 1276956 33
86 109 5901349 11
77 87 6286362 7
58 66 4232655 22
3 89 3241081 2
39 108 8209441 38
39 65 167019 45
66 99 5183927 59
52 63 2031352 9
3 33 1647362 45
57 109 203064 51
38 43 9910582 1
8 61 5514789 18
29 110 4995461 10
71 103 415882 60
22 81 8741017 4
8 89 7423727 40
87 100 1378131 5
3 64 8647795 47
1 59 2144132 5
9 92 8359454 9
49 101 890974 10
22 96 613392 52
61 105 918129 55
4 82 8061744 68
26 42 2773286 63
76 87 1745160 29
81 90 8019588 70
29 36 7341171 36
57 95 837585 69
76 99 4934614 67
34 77 4942760 10
25 78 4062811 62
93 106 1382421 14
30 87 7964410 25
64 105 7556616 56
75 105 2645360 66
100 102 7254081 54
7 73 312017 4
32 66 5088831 21
19 42 3574274 70
8 64 972015 38
7 42 1588826 36
51 89 1188495 13
68 90 9184936 23
82 85 2908796 15
7 102 4319566 15
8 15 7175570 14
18 37 6748832 39
16 26 3500777 41
28 47 8076626 7
11 31 3647768 2
32 80 1097241 12
9 31 67824 63
3 16 299650 14
5 67 1828115 44
78 96 5706573 30
27 51 1440010 9
32 40 1973507 22
12 102 7153388 52
68 96 6243729 34
6 107 6115777 69
32 42 1777085 68
1 15 5498627 58
44 64 8196006 53
20 30 7744846 5
6 66 9742113 12
14 62 6149490 50
46 90 2905500 54
42 99 783248 16
85 99 8491756 8
68 108 441850 33
6 46 9899079 6
33 55 8426616 51
33 67 9316879 33
46 78 7971190 60
86 99 7736147 3
36 82 7507869 48
5 69 1679788 33
47 85 7682571 5
10 103 7782068 35
37 89 5137996 23
26 31 979948 65
93 103 4157254 3
93 96 9257975 20
90 96 7453245 8
11 73 2436410 15
12 108 4869154 47
32 54 1206035 18
18 42 5695178 22
25 85 9811074 24
54 109 1028174 13
18 53 5634392 70
69 103 3462452 57
40 55 7048989 53
61 86 3264494 62
49 102 8667758 7
29 51 1443557 31
17 64 6116088 51
12 79 6415780 9
36 41 8836458 62
16 71 7531723 33
76 100 6063783 31
8 90 7519886 17
84 91 5222608 36
44 71 1132304 46
15 99 462645 60
11 21 6141485 69
49 107 6560699 20
39 58 2883245 23
34 108 80854 37
29 53 4099013 66
15 85 4029074 32
37 98 1116622 21
26 34 5444786 13
48 67 503787 64
32 57 5152471 52
7 63 5678298 9
73 85 6579046 55
2 21 1444906 22
36 55 9208028 20
47 72 4704501 57
81 109 3553630 22
16 108 5519219 48
5 8 1432266 66
27 100 6543226 7
41 55 5923350 38
92 98 3694659 25
80 85 9365220 4
8 75 119770 13
74 90 2914656 65
23 73 209149 66
35 94 9210625 4
35 99 2364562 8
105 106 5776077 35
42 64 2847485 63
24 47 9267497 55
7 32 9755906 39
102 107 2253826 19
47 70 2863792 62
75 79 2181397 9
14 90 1344211 59
54 86 3819510 30
38 53 4587025 29
30 42 5519915 22
7 71 4833694 37
16 102 1441564 46
29 87 1526314 55
8 107 6363175 19
21 39 7131490 52
50 87 2831177 29
14 61 1846545 24
39 42 3155143 64
45 107 1809234 67
9 12 6076193 3
14 110 6570937 13
16 34 1743901 2
27 94 8682330 24
12 20 9709353 44
11 75 5151927 30
19 105 4563948 9
13 37 9403611 9
47 61 4816956 57
49 74 6226588 41
31 59 609991 54
97 109 5851238 7
19 73 9361391 5
41 86 3669820 45
73 101 3613604 25
38 95 9604281 40
62 99 6999375 57
58 101 5451527 31
35 54 1453298 38
68 71 1503227 68
16 98 3461892 13
1 14 3939556 48
63 109 7801091 67
39 101 3517909 29
24 61 5517445 18
76 80 9631009 32
38 47 2636118 41
62 63 3991449 54
85 86 699459 6
38 59 2592479 19
23 79 3536649 21
4 87 9986136 31
2 16 4145407 37
17 79 3264750 7
11 33 6687974 65
52 67 1457026 25
26 51 5319457 8
66 73 4850180 8
3 18 7727776 16
29 98 6152400 28
23 30 8663278 53
12 71 7219783 8
21 42 7775031 67
5 34 5551954 2
14 39 8181058 52
8 102 4632443 36
38 41 6390374 18
33 108 4911630 6
56 75 2964923 56
63 87 4078446 29
57 73 2213853 24
8 101 3958205 11
12 28 4227549 57
29 99 4851920 25
34 35 3123963 27
37 64 5426180 45
34 50 4243622 9
2 13 3116201 14
83 87 4970924 63
22 42 3557494 44
43 98 4241585 22
65 77 9284423 2
7 103 3988298 26
45 50 2942252 50
72 104 1637013 29
2 8 724255 25
56 106 5337371 68
72 96 1003868 3
18 87 2222654 67
24 100 7868339 52
23 25 2675353 67
4 27 5327638 56
52 110 6531116 50
74 83 2144306 70
20 38 2229803 60
26 39 6502864 48
30 79 27069 4
28 71 520420 27
19 50 3063026 49
23 92 2738726 38
5 29 5780553 33
88 109 3667037 27
7 99 7745930 66
38 81 8967657 48
64 100 8036911 26
2 58 3882297 34
16 51 6799207 9
20 49 7829919 57
77 104 2594474 47
15 19 2333357 50
12 80 9151042 19
75 99 3503323 16
69 71 1641652 42
59 83 1239899 1
34 53 1041960 40
46 98 5055005 27
77 98 2998790 60
17 22 3921538 8
12 29 9865329 18
38 49 8091658 42
11 22 980287 63
18 80 2305702 34
60 71 6833444 67
57 101 8443788 7
43 79 2433225 38
25 44 8185800 20
45 80 7541740 70
14 50 1144553 51
22 54 4428872 38
19 87 2305560 54
1 29 7063048 41
66 71 4329071 19
13 75 7698808 27
31 61 4295941 33
59 76 8374640 36
51 76 9941923 62
33 95 721213 13
25 29 2515074 47
31 55 6694012 51
54 56 7254986 29
4 12 6655922 16
46 99 9738886 63
27 58 4138654 60
18 29 3121643 67
50 99 5671650 22
90 98 9624903 58
64 87 4657262 70
36 53 6386195 31
24 53 3642115 44
9 39 2997182 46
35 59 8636152 31
92 103 421393 38
68 83 8399459 28
35 55 1911717 22
63 110 4557928 70
19 85 83529 21
60 91 745702 35
6 22 9599337 38
30 99 9655241 65
8 51 6265364 13
77 105 243916 43
23 85 2189795 14
66 89 1104787 13
7 84 5250542 24
43 63 841266 35
6 40 5631683 50
11 71 5387728 66
96 98 4925697 68
11 110 3884933 31
35 71 6398145 50
17 42 4891821 31
66 107 1455648 57
75 88 1460387 35
32 53 101229 49
29 82 5389728 56
68 98 219212 51
42 49 9474011 58
46 66 429839 54
37 73 7344564 62
15 33 8544568 49
48 80 4183688 30
27 59 2505169 52
19 47 3971931 25
31 87 1779173 37
42 51 641431 23
9 52 3784950 27
36 89 6782859 63
29 93 7095090 3
9 13 7750171 19
59 63 3672694 34
20 41 5164761 21
11 89 8705706 11
45 58 4574838 36
19 94 4074054 10
69 99 3003299 8
36 83 258476 26
5 10 1222480 29
72 77 3442246 17
6 54 9772330 21
26 81 2508562 33
30 73 2942612 49
51 55 2685304 28
59 77 842486 60
12 23 1478034 67
10 36 3452565 37
13 104 9508396 37
1 80 7724653 56
42 102 6519139 51
57 90 2369028 52
54 71 6859316 37
3 63 3642722 40
96 99 5110920 22
20 23 4959675 37
36 47 2924571 59
3 85 929153 41
106 107 8214394 67
53 66 8168312 52
63 106 8899384 12
26 61 8572208 26
68 75 7380986 66
20 58 853897 65
54 85 4839791 48
35 106 916492 3
46 55 5625359 21
73 83 2941055 63
80 98 7591624 46
8 98 5416552 25
89 98 2766590 51
25 69 6911288 6
16 43 5170922 31
44 50 6760400 29
94 100 5600986 19
9 96 5161005 67
34 38 7252160 35
63 71 1888896 9
24 27 5820466 50
83 103 2865297 42
14 55 3415195 14
23 102 1458844 24
70 96 3498436 34
66 77 138720 37
24 104 2630131 12
39 74 974229 29
13 26 9769016 4
58 110 6948918 20
21 66 6770802 54
76 79 1293343 17
23 96 8725603 7
51 103 5274306 32
41 85 1280077 60
41 64 2542136 32
26 70 4825699 23
3 56 6039869 54
35 52 2261335 36
52 53 3574037 33
73 96 9434706 23
48 49 6228222 58
50 85 9110540 63
1 63 4746324 61
1 47 8826867 18
64 94 2133925 62
34 59 1052254 53
109 110 8024359 39
36 46 9621636 63
36 72 4327248 56
81 99 954588 31
94 99 1664286 45
38 89 273368 53
7 20 1347370 66
11 25 1666922 20
36 62 69570 26
6 23 7322761 9
59 99 5747215 67
53 101 6500110 65
32 39 592107 17
61 99 3672501 63
21 102 8407071 37
87 89 9233208 11
7 44 7260330 14
41 53 2004057 47
95 105 1202423 58
17 50 2665479 28
89 109 6045913 37
69 109 7123659 28
63 69 9433122 57
71 89 7087049 42
14 16 9560090 61
8 67 1342350 58
35 102 650433 56
27 47 3145024 40
39 73 6394230 41
38 104 4191927 58
35 41 4594004 70
96 103 9993163 33
9 50 5668628 27
101 104 1479829 12
40 47 831190 35
23 40 5608859 20
51 78 8052147 55
73 102 2802247 62
27 66 5262706 31
11 28 4668369 46
10 75 9664618 4
49 64 427247 23
22 73 5697026 64
101 105 7921140 64
8 25 5296889 18
25 41 8396208 21
32 71 5608988 20
60 79 4859384 50
59 98 6947881 58
2 87 4411740 48
33 93 7625113 3
63 105 9282463 32
13 30 3182759 43
6 16 9700189 15
64 66 6375937 24
28 63 1559121 59
11 39 5156837 33
41 99 7113985 53
48 55 2623907 61
95 102 5414922 47
43 67 1803001 47
5 98 5940650 66
10 59 1986006 6
6 74 9387090 23
15 53 7570856 51
74 107 15469 67
21 53 4969446 51
16 63 6429779 34
71 74 2765298 44
14 36 5363369 34
17 49 4232094 15
39 106 7484460 24
15 25 2231982 18
25 59 7673684 33
29 40 1925330 23
45 81 350761 32
16 19 9076257 30
27 63 4296090 32
9 109 7894931 10
78 81 704067 15
28 30 717183 18
30 66 3193524 44
41 47 5376599 4
2 98 9882135 40
25 99 8240682 61
65 78 1735013 31
2 83 346808 53
29 72 9850092 34
70 101 1492650 12
47 50 7312003 62
11 27 1891601 55
2 53 3010437 30
55 90 2067399 31
44 59 5816636 60
33 36 4197660 29
29 64 3977680 42
33 38 2171735 39
26 41 5050231 35
21 58 8626937 24
46 52 43307 54
9 42 3116879 21
10 63 5872726 68
91 102 6778302 40
40 73 3550913 44
37 79 2057109 66
66 104 6858097 56
74 79 7437918 40
70 105 7409492 52
20 67 8140189 39
1 108 4144862 26
23 41 7638301 37
45 53 5888324 25
43 87 2291917 12
70 89 2960373 18
9 76 4031242 20
6 61 8779742 39
25 80 765541 48
11 64 7463808 66
33 91 2609608 50
87 95 3041570 44
18 36 9239015 53
19 39 2506541 4
18 31 5815656 5
15 87 733739 52
23 71 8593201 70
75 102 2702747 18
12 42 3163573 26
38 69 6294987 35
41 59 8579639 44
68 99 1704003 28
4 8 789881 64
13 31 5350557 12
16 66 1634948 59
39 72 2319646 8
23 66 6594269 35
25 55 9827024 47
53 75 8075810 39
103 106 5409189 18
36 95 2087197 23
60 100 9255025 9
16 54 8580626 55
23 75 4082255 12
30 89 5323100 40
17 85 8968816 41
1 55 6051752 9
8 43 3718108 3
21 96 3734149 4
55 81 7827060 57
4 26 7169113 45
66 67 7778526 19
77 101 1752384 57
63 79 1113989 55
40 99 7106387 6
53 80 2326000 14
16 56 9850103 22
58 90 507360 8
19 109 4345731 17
30 86 606186 12
30 40 309026 20
96 108 4163756 70
22 38 503704 65
64 99 3700954 59
32 98 1067654 27
22 101 7289581 61
21 69 7654628 40
98 102 5130088 54
50 92 3355076 45
54 87 6522589 54
82 105 4525442 48
50 86 1926645 8
28 42 664913 7
30 41 8725196 9
12 32 4412375 55
30 49 5758962 27
9 102 9977994 59
55 102 6266798 31
1 66 8315665 6
105 110 9603690 68
19 110 562095 65
14 87 1287525 58
44 66 3501419 64
1 31 7462901 44
81 98 6239283 62
67 71 7148729 6
7 77 6523182 42
62 95 8108105 18
2 92 6015449 29
37 56 2845756 62
35 100 6138998 48
10 31 9554828 37
40 77 389085 42
49 53 1079829 9
6 10 2376439 28
5 80 3951382 11
64 69 3556750 36
74 85 6690049 50
18 45 3940444 67
83 89 7718095 26
41 106 6072910 48
41 66 7768506 4
36 37 3357559 67
39 79 2040526 1
51 105 9916405 6
34 109 1160666 30
65 85 9403546 60
20 81 707772 20
6 104 9644091 38
63 85 7570973 43
63 72 372276 47
43 74 4067009 29
38 40 7640916 44
11 52 3342818 11
17 107 4134948 28
13 103 3689240 63
57 66 6384802 64
14 25 6074439 15
58 72 9134573 6
8 74 8113262 11
24 79 5664132 63
17 96 9374416 53
29 75 9581470 56
8 103 6919985 27
24 96 3256216 49
12 15 7365870 60
72 103 5941483 64
60 89 7349940 63
28 109 9084217 57
20 66 4334897 3
24 50 3763074 50
31 99 2588579 47
52 75 4172603 2
45 54 8120305 14
46 79 7049347 28
45 92 1067910 1
34 99 5828036 2
42 55 1577741 54
55 87 5176545 65
29 74 1073607 46
63 104 7567949 3
42 98 4369365 5
37 104 6126054 58
27 50 1533375 53
1 2 9852149 39
14 66 8710172 67
32 79 1848169 47
11 30 94487 16
43 50 7924495 39
11 15 943636 60
42 54 2220331 30
7 10 133755 46
41 104 7744288 62
8 21 6336055 28
58 88 9956588 18
52 80 331929 27
62 78 7978010 22
10 23 4256823 65
34 73 3650481 8
2 27 3807605 55
4 41 4204446 3
40 72 2736814 61
34 44 9876734 37
8 35 6073884 16
21 79 1904966 66
41 80 4941104 35
3 29 1675901 53
10 58 2715333 34
58 71 8591406 33
21 71 9151213 25
42 53 474692 59
104 106 9448608 40
25 31 2208921 13
88 104 976769 28
4 86 3050714 32
36 64 5900362 22
4 25 3248963 45
58 87 8480207 57
34 36 7789274 24
29 77 1731316 28
7 16 6393189 38
56 76 8354867 41
20 86 1088441 16
37 88 5930242 46
15 16 6632607 8
16 36 5290818 68
13 20 670292 21
22 23 8859366 43
5 16 9888388 59
29 100 6463776 48
28 108 1162131 12
6 19 1074925 58
11 51 4615178 60
22 94 8879708 45
9 98 8325106 14
23 109 7307493 63
4 33 8399717 10
25 67 555736 11
17 103 3760529 59
52 85 7795105 21
38 79 3989729 55
12 86 386633 52
28 106 4659504 37
22 39 1280529 33
32 85 2030831 50
34 92 2789490 30
2 44 2410174 20
31 44 1451952 11
40 102 2363478 49
29 62 1892941 36
10 107 8693984 18
22 78 9595052 56
80 102 6788066 33
44 105 3587231 43
18 40 3092639 31
2 56 5568442 18
39 48 126024 67
8 86 9018436 10
53 55 2268476 5
71 80 7428147 37
46 54 8263423 36
69 104 3425301 1
33 43 5530500 32
2 103 9865080 52
22 41 8257870 51
55 64 8675670 18
48 50 7519439 46
62 86 1506869 32
16 25 6549338 14
99 109 9110317 25
52 72 3707338 11
51 74 8797704 36
17 32 9175895 8
54 102 8750112 10
7 66 8875589 48
14 38 6507791 49
3 10 425456 49
86 101 8469228 10
32 77 129103 35
50 72 7034763 32
94 104 7970812 69
47 104 5982981 3
6 82 8584884 61
30 33 1348555 12
13 41 677519 32
33 75 151067 4
24 72 8515586 13
27 33 6535247 15
21 50 4783461 18
87 110 5995935 59
5 41 896356 70
44 73 8817517 25
29 85 3536668 15
5 54 4254617 53
52 66 3673055 16
10 15 6046164 65
87 98 7172096 32
11 55 5188373 47
10 56 1509256 24
43 85 1069891 28
34 101 140635 29
22 32 1102637 61
69 107 9970861 1
17 24 529953 38
1 53 4961997 46
15 89 7137991 8
41 82 4538938 4
34 64 6741862 45
85 89 7271442 7
66 78 8088524 15
13 67 9491995 36
64 76 6731121 23
4 40 4900640 37
26 85 6258924 38
36 73 8544754 24
20 82 768911 36
13 15 6370528 29
12 51 2002532 66
29 69 658459 69
34 107 5946561 27
47 49 7223454 22
3 4 7261386 63
61 89 4027680 62
70 78 1834581 51
28 55 6891591 46
84 92 7201232 30
49 98 4526778 18
97 98 6427978 41
28 87 9720452 45
68 93 9033591 70
28 67 180032 15
39 103 727753 24
24 74 4638052 28
3 51 1772190 5
17 27 6617459 17
3 25 6864365 59
12 43 366018 34
34 56 9378772 23
7 96 6994821 14
14 85 6292051 14
26 53 2598039 8
3 12 9138375 60
71 85 8474239 70
55 99 3896207 51
8 62 4827349 58
15 49 6221127 9
36 79 9449233 43
13 63 7491453 35
11 96 7065690 40
49 82 9078045 21
55 84 7608891 42
15 72 4315041 59
27 37 2026874 64
3 79 757349 69
18 47 9716607 70
7 75 6195752 53
61 107 971096 40
60 80 5503980 2
28 40 452007 67
17 34 4933348 64
81 85 9559452 70
30 101 7557854 8
1 67 7686756 26
4 108 5633795 62
62 64 9346108 59
67 82 7675804 50
83 94 3217925 63
52 87 2300856 49
19 62 2139974 63
45 96 1529564 6
59 62 346513 41
16 42 1169670 34
49 51 5180341 13
58 73 5916757 44
23 59 4821209 24
71 108 6385977 48
53 98 9909892 18
61 96 4999091 65
75 90 1115609 59
24 89 4344306 33
2 96 1876109 14
19 98 5044630 2
66 92 9933052 10
18 107 5278153 35
7 47 3268697 33
67 85 4817663 3
34 87 4921694 39
16 47 1123579 19
9 26 3750403 52
43 47 4005767 56
31 47 2386420 27
51 79 1475471 29
25 64 3929448 63
35 89 3412765 66
27 40 8972681 63
40 87 9482373 45
10 81 7930077 6
1 91 8681849 2
82 103 7376431 63
35 40 4110336 1
15 102 4763754 27
13 25 4179423 12
25 103 7467185 43
26 36 7269438 67
29 104 844660 28
1 84 3311296 55
57 65 6249982 38
52 77 7408274 63
47 98 382081 66
28 84 948043 22
12 106 7619686 28
51 54 6620814 54
32 56 3651207 56
21 63 1938337 5
72 79 2651224 63
30 51 8646191 67
36 101 5539447 24
10 89 251005 20
106 110 4685959 58
24 108 5996716 56
1 41 7471081 48
19 99 2824293 30
70 104 7975044 56
12 16 5265841 37
40 71 6087368 70
17 31 990576 2
19 29 5893783 29
24 102 722329 18
23 49 6994473 62
22 105 780484 59
12 83 927310 2
25 27 696508 66
30 32 4002469 3
49 63 9981885 2
7 58 1590454 12
28 38 7328740 1
26 40 289411 62
98 107 9600690 36
48 104 9065361 29
10 66 9107240 59
31 40 1075123 64
6 27 8369859 70
25 53 447973 2
73 80 4009849 62
41 105 9639095 54
34 105 8608199 10
34 103 5207630 6
12 78 5192862 34
20 42 9187963 40
31 80 3318930 2
84 110 7922151 7
24 39 4544763 19
49 87 3317911 68
25 109 5662423 11
40 51 1381017 6
45 49 5401061 1
18 79 6775933 45
25 105 402313 38
70 80 5296424 57
58 102 905226 64
63 66 2459158 3
45 98 2911612 32
16 85 7361067 31
40 58 4346705 54
13 39 9780822 21
8 46 3402196 41
22 34 7411040 45
19 22 1460446 10
3 72 5677514 19
21 105 8854845 40
2 99 6851184 29
83 99 9614106 61
71 82 1731921 57
47 93 202742 41
4 77 1128189 25
76 82 530016 35
46 74 9227091 56
77 81 2183518 65
52 89 212883 41
17 20 7368005 45
9 16 6278391 62
19 27 3358578 7
64 88 4809808 1
20 56 2615222 50
54 89 1562874 28
44 77 4032360 69
26 69 2561932 26
61 62 3998049 53
28 104 2261780 21
46 85 7797399 59
58 83 642536 15
67 72 1145518 43
93 98 429542 13
52 103 374965 28
45 74 4898841 60
41 78 4289650 57
19 55 8241473 19
37 72 4175365 61
33 73 9011559 2
5 96 4406077 68
8 33 2584272 64
65 89 4613878 62
2 10 9725077 15
37 94 469516 37
17 25 2064251 46
34 85 2675929 7
43 102 1513293 55
57 106 9981015 42
58 103 2745699 32
34 51 9427537 12
54 96 5019871 18
27 56 2331186 54
33 101 7859630 49
46 80 7743252 24
61 85 343850 15
87 99 2692540 58
72 85 3864606 11
88 110 5028196 66
30 61 5402084 16
20 39 1912940 2
51 87 1734220 15
37 66 7447955 28
46 51 1925333 26
23 72 1929911 9
61 79 4936562 40
15 110 1558111 44
43 89 1780532 38
18 20 3663046 27
27 67 946809 30
25 51 404549 11
69 110 7148933 7
16 41 9649476 41
4 69 4354921 43
71 99 2937655 70
20 43 7313715 62
78 85 967041 25
11 42 7613533 60
21 35 4790568 12
28 101 5200441 68
72 105 5447122 29
44 83 8523590 37
17 39 5876068 62
64 77 3347132 54
39 51 7411157 65
31 36 3198069 3
20 83 7567964 39
71 110 6728229 62
79 85 9597569 19
14 20 846410 13
36 98 6029869 20
56 87 8273588 46
50 89 1153800 50
52 62 149682 33
68 104 7139981 13
44 99 2756157 12
95 107 1379348 56
22 99 2159497 58
33 47 4658498 16
75 96 9088612 11
13 82 1566671 52
88 91 642866 39
43 77 8281606 33
44 79 942514 33
6 89 6190148 63
69 94 2096726 13
12 36 3124911 68
4 11 6721207 40
7 55 1370442 14
38 100 802184 5
10 101 8052141 9
32 104 4641252 37
34 102 5979453 2
29 32 7812221 7
2 50 7377567 58
31 51 3814578 6
29 71 1453136 33
14 59 1337947 22
35 51 1684906 50
84 98 4608488 52
3 21 4925871 35
61 71 9674590 4
52 76 2243778 12
29 105 195963 34
21 86 6404502 60
90 106 8112574 57
35 87 551271 18
97 105 9144864 27
47 102 6765140 57
7 98 8346238 6
49 69 2595312 52
10 44 7078837 67
81 87 5962537 54
43 107 7635401 30
21 33 2064746 61
4 10 8373199 16
9 30 4714530 51
44 54 9763266 63
23 42 3985880 13
24 106 7489917 32
21 73 2018746 43
2 49 8175436 28
43 51 6511358 60
27 110 1245836 42
42 47 1567361 54
13 62 7927256 14
62 107 8847177 24
33 62 2171518 20
94 103 1080136 37
31 107 7678624 20
54 55 7579321 30
57 105 5666951 53
19 82 127916 53
48 98 1183185 16
46 49 8953781 34
59 107 2528072 40
57 74 767681 45
7 26 5957397 27
39 75 7059006 70
78 87 1819465 30
24 42 1094927 5
8 27 2087143 39
55 73 3183650 2
7 24 1723096 62
22 98 8712144 33
87 104 4727496 52
4 64 502370 64
27 53 9110125 8
76 92 1790514 40
61 103 7360792 67
43 59 4572121 63
79 87 9370762 63
16 72 1406312 8
11 49 195668 29
57 79 2332815 46
17 44 4240211 49
5 40 6440249 4
28 50 6132049 38
8 12 330003 69
85 110 9940138 47
13 35 9422989 1
73 89 4779285 20
15 64 8507189 70
39 40 3009645 5
3 41 9309776 60
72 89 8815903 17
11 83 2912035 14
2 15 3820164 21
26 77 4425042 25
35 53 2911169 62
21 59 4299397 53
3 94 4478075 6
29 49 1051167 4
33 51 2978511 59
55 63 3910546 46
4 35 6491715 19
4 85 1910733 37
46 59 3364677 11
7 52 1265356 12
1 40 2053048 1
16 55 4376219 63
50 107 6588330 5
11 88 3013859 69
79 110 9111721 2
39 69 7316831 69
19 71 4824637 12
55 59 6586775 44
28 51 7911886 19
36 40 1773907 10
44 90 4499396 54
49 73 8101671 30
17 47 7333781 67
9 99 3237611 45
38 50 4889224 42
33 59 4328232 67
62 102 8884859 10
41 98 3128296 11
2 90 1431010 38
4 71 7487259 21
69 73 7587387 63
12 85 7874794 59
7 67 4030361 4
62 67 3575908 53
20 29 797495 35
30 45 4853875 15
27 41 8826787 26
54 79 281098 56
6 11 4465891 68
41 79 2378694 53
33 85 4702778 3
6 85 4419277 35
39 55 6916660 3
75 110 6063707 9
18 99 1507692 14
67 104 8387849 60
2 30 6392507 2
5 85 1386030 41
53 71 5218166 48
35 58 1744293 16
36 51 7104210 69
19 31 1505789 35
2 4 3758170 23
27 80 4099696 8
29 73 2418940 52
92 109 2368688 28
12 58 3697393 27
28 48 4447453 65
32 43 389264 69
62 89 9455771 52
22 43 3635157 9
3 75 5925096 70
23 82 9381651 10
12 22 9829813 34
8 9 6883062 22
6 106 3312321 21
35 81 7038755 13
12 30 1407012 48
7 70 7528467 43
39 98 3197684 30
101 110 8092245 16
10 25 2842644 61
38 77 5916469 33
41 77 7262964 35
102 103 2755080 24
62 71 103206 2
33 99 2649504 23
96 110 9193632 13
4 61 1527452 51
8 20 8135102 51
42 87 9374444 65
98 110 9585901 14
57 98 9439630 15
58 80 8283761 44
94 96 5093112 39
4 50 2548313 7
93 105 9278522 63
46 47 7170351 35
19 103 7467406 17
46 53 5562746 67
85 98 9544756 20
34 62 6103840 3
26 96 1522569 52
96 104 306969 65
45 89 4264366 52
9 25 239977 48
20 98 1599804 29
73 110 4555714 39
23 51 1366108 30
2 42 1298875 50
26 62 7755576 10
60 98 8544378 34
89 100 3670839 39
16 106 3248504 58
33 110 6161621 20
7 110 6525020 3
10 87 6714787 10
67 98 6566473 18
38 107 5040802 54
45 55 5852395 70
27 99 2622976 53
105 108 5682777 59
33 87 182468 14
12 21 2466959 50
64 108 7114759 63
47 79 4832963 19
1 74 9382058 46
7 39 6096461 50
42 45 5070444 31
17 53 9812843 41
2 22 6087493 49
6 103 5497908 38
24 76 4878132 67
76 104 7276984 10
10 12 3979084 26
15 96 2479269 4
14 89 9780981 6
15 36 835875 9
18 93 5557456 17
6 80 9168011 35
30 53 5556252 11
76 85 6618758 2
69 96 458132 10
3 86 9609864 13
23 29 7945333 58
30 56 8779325 34
21 99 3777820 32
6 34 2205521 64
51 109 4751537 17
10 85 3733634 23
5 27 3949569 14
7 89 888839 59
45 71 9552785 3
20 70 7212062 53
59 108 2055845 69
29 79 7862968 16
42 69 3454565 68
59 96 8778677 6
70 72 9824077 58
51 108 3298126 54
4 106 2490023 10
47 110 76028 60
77 86 5444518 14
77 79 7000602 29
45 51 7994460 60
17 100 7688427 15
13 51 4959697 29
91 109 3484451 37
2 31 2398325 47
63 80 2743253 50
56 98 8907507 50
48 71 5123390 8
1 103 4864701 44
33 37 4117514 31
39 85 1366640 67
83 92 7381226 46
43 96 9444259 32
38 54 1621397 35
89 110 8627085 34
49 72 72122 23
23 107 1471883 69
27 108 4704023 24
24 36 4622822 69
47 51 736372 13
16 38 417189 25
25 66 1600752 44
10 32 8481032 21
82 102 5295132 47
60 83 4334826 7
15 52 1838907 61
53 77 8572120 12
79 98 3387093 19
23 110 8724562 15
70 99 2307081 19
3 11 1498227 5
33 102 224801 7
72 83 6116445 8
36 96 8439383 62
28 41 1882946 43
76 89 5436257 25
67 76 7697324 63
45 85 8436479 11
58 82 8388660 56
35 64 6644819 45
64 85 4172114 61
26 82 6672057 35
47 108 2474973 39
25 82 3023871 62
20 47 9216041 28
65 82 3112365 64
40 67 7609403 35
27 42 5631674 36
70 79 5233588 55
39 86 6922613 70
25 75 5668534 5
55 71 4733732 34
44 104 7075992 49
47 89 8033370 61
16 30 7946774 30
72 82 6897435 31
69 82 2962099 15
72 102 8172185 52
46 92 5492414 34
60 110 1019224 1
3 6 9290116 24
4 98 5966980 43
13 89 2621370 8
52 101 2799703 47
50 66 236491 62
36 52 7948261 41
28 29 4035419 5
81 104 4107627 47
95 98 3453168 65
5 110 1026086 43
36 102 3320936 16
5 99 6953595 22
77 96 3235223 60
49 50 4312103 50
64 86 1558071 4
50 51 3952372 10
40 104 1554753 46
20 27 4407217 53
37 47 4397930 21
45 66 9183975 3
18 22 3699917 27
28 110 6486790 20
105 107 8739451 44
59 103 3424621 57
5 28 8809181 8
38 39 3665010 34
82 98 5520041 53
19 20 6131003 6
8 59 8684777 55
7 36 7456383 51
6 53 3749901 53
39 71 7780150 62
8 105 7961377 13
11 53 6581509 3
31 37 6100890 31
2 25 5323619 21
23 98 8842760 60
56 96 1086510 12
82 96 1475344 5
62 79 6269399 56
28 32 9766535 3
60 73 7654319 59
26 101 9997035 54
13 19 4029681 25
20 28 4573797 68
25 62 1636215 16
47 99 3781365 14
15 18 9817143 59
55 79 2444175 58
38 80 9112860 15
24 51 1812150 2
67 99 5073798 32
40 41 1938544 14
30 75 2024657 59
15 56 4242230 65
97 102 3659944 31
37 77 2061016 58
27 35 9875065 36
14 71 8163700 54
45 52 3060916 57
56 85 5968243 17
41 72 159654 20
23 89 2485759 36
83 85 5470101 5
23 31 3975189 4
41 89 7774851 49
24 63 2924154 26
39 49 364183 50
37 107 3493675 51
42 79 1954075 62
17 81 2551002 5
33 79 7509618 69
41 71 4431183 50
59 75 5655631 2
33 69 7777903 63
44 94 2603119 13
1 39 8497271 61
37 96 9214770 32
14 47 3826099 39
87 109 2465875 35
34 79 4648235 68
27 71 1741721 21
38 110 6341844 31
33 71 2906592 58
2 29 7098018 65
98 108 3828932 49
42 86 2820531 14
24 73 1416507 46
79 82 1541643 39
33 39 7229413 45
12 64 1159262 35
3 53 4979246 45
15 31 3887168 41
45 87 8460225 47
46 91 6613940 69
72 110 6911670 49
2 24 4381996 37
5 72 7615745 21
57 63 6754273 2
62 90 5745746 47
86 96 2883055 45
107 110 227950 28
28 98 1944884 11
4 24 7538050 27
7 41 3439252 56
32 83 1162299 22
50 57 7247689 46
27 79 1364361 9
61 104 1025719 47
28 43 4091176 42
3 50 5334374 13
90 102 4529352 64
12 104 7760971 38
64 106 3275262 40
92 99 9791101 52
18 103 531671 28
9 110 2601720 1
33 98 6634394 50
24 98 9938734 61
46 50 3778807 10
49 89 9834775 13
17 41 7432438 51
57 102 1258853 33
30 52 3130591 4
34 63 9896219 6
26 47 3407377 65
23 78 6172140 18
37 71 4240558 37
2 39 9725212 57
11 99 7969670 60
8 16 5030679 65
22 87 1048434 1
7 31 4431152 65
45 72 7144364 51
7 28 5153902 4
29 58 219084 67
12 31 9343990 38
48 56 2521533 53
35 42 3660700 40
3 49 2267447 2
11 47 5780140 6
6 109 7670658 58
21 56 3301411 56
24 52 9135248 62
45 110 4045729 64
2 14 8904015 4
8 24 4456481 41
67 89 4561228 29
66 75 2739566 7
13 108 5158373 16
50 96 8185083 63
18 57 2719354 62
14 51 7399198 34
16 89 5415030 9
43 83 9662876 12
77 100 7324658 18
1 77 3745973 69
86 108 318441 28
10 50 8233013 44
5 73 7493654 13
25 52 4803029 4
26 73 7286844 4
43 69 6810526 24
58 64 4139201 53
16 104 8095497 57
7 53 7644646 39
3 105 3657539 28
31 72 6055930 36
48 87 6238864 33
38 66 7188951 56
28 74 6243383 52
20 87 9596135 6
58 79 4032210 46
62 106 8888037 23
3 31 194451 25
42 107 9253945 37
44 85 8799506 42
57 80 7230951 33
5 55 6302287 51
15 51 1034339 12
39 66 9330566 53
37 69 7305071 38
1 71 300078 41
66 87 4059946 44
14 104 758439 39
34 90 1588388 8
38 71 7836861 20
21 25 8481845 51
24 92 7149821 42
4 99 4201128 19
18 41 307743 66
14 27 5090701 5
7 64 1575558 5
40 96 5153230 2
14 75 2963875 17
21 81 4979940 68
13 110 1273889 5
28 59 8830349 12
14 31 184168 9
26 38 1543215 66
16 99 8861537 41
29 107 4413728 50
47 56 5534856 1
2 74 2842426 3
31 33 7040863 28
46 62 2470417 22
31 52 7998145 11
5 71 6512847 13
48 85 8748792 69
84 87 9505787 25
48 108 7957092 32
64 107 2686012 62
81 110 945722 53
57 83 8637646 2
37 50 9886549 2
35 76 9611726 41
52 71 7638030 20
52 79 9846998 41
21 64 8538062 56
15 22 3972168 17
32 45 8178938 3
1 109 594930 10
11 62 8961793 51
66 110 102035 54
90 107 7006907 29
50 73 1540896 22
60 74 977117 68
8 104 5515675 25
40 56 3016664 20
53 106 8626462 4
17 45 115056 66
89 104 7248730 22
74 87 1547018 6
32 47 2928353 35
51 80 5744225 14
43 100 8650281 3
30 104 7936448 27
13 98 6589508 65
21 26 8934801 24
67 108 1442194 59
13 56 30400 64
26 29 9503882 22
40 98 4593741 3
4 28 1225686 19
56 71 4257853 33
6 100 9177296 63
43 56 9221243 69
51 75 6460669 26
18 101 5540522 21
10 51 2121105 36
4 49 4202909 13
12 38 2910335 38
14 68 7307674 58
59 79 2130780 18
16 91 514362 65
32 106 1051246 37
7 35 4893383 4
23 36 1079896 53
43 110 2391045 9
34 69 4506977 28
36 91 8532757 48
15 27 4633722 33
60 94 6504754 20
28 31 9166491 43
14 32 4849456 49
55 75 1480102 55
7 83 9156200 52
50 69 3448528 17
38 56 3468012 63
17 55 1622531 31
33 61 9968819 14
3 23 4886551 4
62 103 1025041 21
35 66 4293585 59
49 81 4688726 56
7 11 4865587 13
87 103 9728358 31
49 103 5122289 11
74 108 2029965 36
14 108 1157118 56
48 79 4333998 46
36 104 8851118 12
1 8 952150 1
4 22 8136262 42
48 64 4262218 67
98 105 9358484 63
8 99 9996550 26
35 79 7343115 26
6 99 5845330 10
46 89 2825678 66
84 103 661040 16
13 66 4811396 70
72 101 2648898 26
33 105 4450873 68
20 99 478979 49
75 89 224836 8
45 63 7307333 62
63 96 9295114 66
1 21 2304749 38
4 23 6087370 70
71 100 3689140 4
3 42 678762 38
2 104 9174150 33
8 22 6982389 49
68 110 6636211 24
64 73 2851778 13
26 48 2637736 4
9 105 2203596 36
56 79 3237106 12
3 96 9780672 51
24 33 6197031 43
57 85 9632776 45
54 103 8092108 9
40 85 1544739 20
15 30 9331851 38
18 102 4030501 70
59 105 956323 23
14 103 8197625 67
9 23 5433103 59
64 81 2877761 69
18 55 5526565 42
84 108 3418638 62
12 49 2756361 22
12 103 5952291 16
14 26 4930885 9
20 108 3568931 2
36 63 13632 24
31 97 6695199 12
82 107 9362880 8
31 32 1474544 2
31 77 6664735 45
13 58 6699930 17
73 99 9256254 50
24 41 5699606 5
26 71 7514940 55
38 61 7943361 33
17 51 1059167 32
98 103 3895907 11
11 87 9729783 17
35 36 4245802 10
31 89 3272061 40
9 55 6895623 21
37 75 9445418 43
86 87 5657311 22
24 87 6469881 60
31 67 2304859 62
25 42 7256599 56
53 72 1354672 5
42 71 9774605 70
102 105 8593041 30
6 31 8484682 47
47 71 1384895 10
13 85 7494125 7
76 88 4955722 64
8 50 2320898 42
34 80 867802 14
22 25 2483362 27
16 64 9694346 2
47 59 6709405 58
54 99 3584530 9
59 90 4944267 46
73 105 3634916 26
42 104 4508573 20
28 100 4586147 55
15 21 605534 4
22 36 7128147 29
15 100 1261304 61
92 102 5085501 70
21 89 5098003 24
55 91 3645183 19
64 109 7400692 59
98 99 3811696 4
1 75 7273440 61
23 39 8924091 5
88 96 6367809 19
4 14 4004480 46
51 66 2673542 2
5 53 2957847 17
38 85 3161489 37
28 62 9583439 30
39 41 3827662 3
73 87 5872600 59
6 50 3551831 9
52 94 3487332 24
83 90 3678636 57
13 96 4372692 16
13 28 5974302 31
26 63 5929886 42
35 50 5534556 66
7 49 3377776 26
56 91 4009952 11
2 11 5527897 15
11 108 8924065 29
98 104 8602269 35
35 47 2927317 44
12 110 5988207 67
0 5829594 5446832 4108641 3550860 2049821 1607668 1285155 1913416 7916192 9243668 6078234 8744890 7238174 6836791 1136619 7236184 1929156 3712390 5581853 4196492 1465811 4646138 6579610 8646670 9959222 7757196 8255647 9964837 3239283 4986217 8636530 9562174 206302 163186 6574868 6853981 7989531 502027 3110523 3185143 9751298 8575014 2140801 8984194 3755860 5016574 2165858 2153511 662302 5021824 6758667 6791469 5987956 3445490 2122376 4779882 7928013 4878659 2716813 7342318 3090368 4862673 3050027 9153270 2404838 9093196 188328 9571179 8546257 
5829594 0 3215167 3893528 7554673 6279061 8705048 9385140 7086805 48640 3030215 799029 3702798 64127 803460 8981393 9667172 3887243 8844481 8660891 895926 6105533 509419 4559906 4509915 4170694 7060485 8039988 9984342 5356607 6800142 7767002 459334 7437323 4817519 9146380 6723800 7753664 4964692 6155485 9193704 5209367 8434202 3816974 4570428 2504612 4775066 6961415 2972914 1504300 8778690 1863304 8488082 7960579 7252795 1635444 333856 4598098 3736439 2846152 8609005 612611 5639302 1688257 3837362 3541674 4974247 7310903 7118982 5439406 
5446832 3215167 0 810157 7267881 6230119 3936254 1804230 6149466 5917433 1027915 1960825 7511548 5508267 5844104 1439213 8033061 7051630 7661321 8510414 736675 2612507 4445688 6417857 4653810 4626880 3924209 8497270 8586562 7541025 8829367 8721610 6745741 9790988 5610027 1994510 206306 4145741 883129 9496999 6500322 4791689 5330490 9076371 3239092 4713215 7635585 9374056 5704568 4631008 7193551 7887119 5736984 7146092 863648 3841735 9564281 5914628 8196022 2969669 1116828 8655299 8159808 4014244 4457511 4635245 9512848 67474 7647828 1401203 
4108641 3893528 810157 0 5319440 8194445 8462194 458872 5773777 7006211 7435917 6164198 5186568 7784147 63874 7021396 91477 5734098 8088136 2338928 8050992 8406068 5100706 4516440 7099780 9532788 4969392 883347 4809702 9561744 9670201 969178 2822096 140195 5230983 3723302 9916640 2666958 6879727 1960670 4359196 4319911 7113434 7491542 2750252 1067840 8148273 7670634 7445550 4703839 4213111 3551520 7805199 2138312 3060300 7584194 2394099 7433324 4168213 6215489 2299885 8532943 8474763 9811077 1269671 6929673 3423126 501926 4333480 8454400 
3550860 7554673 7267881 5319440 0 6508007 8798556 1988073 1079454 8144333 7123406 3735739 440917 3987611 6945936 6571967 8145635 2034039 8975240 8512760 4249849 5288186 4646073 8951809 954995 5322118 8689768 2508051 438918 8929729 7332274 112217 7440233 6467572 3209429 6347430 3187370 149020 2066570 7997447 4243542 3905651 7053747 27741 1280015 6924001 2099568 846859 3784129 4726800 9814861 3610675 7589226 4049241 1587891 8090911 1554175 6785470 7676499 7388638 7293932 674982 9515491 4454299 5060765 1871142 6504245 7308324 9386905 6943855 
2049821 6279061 6230119 8194445 6508007 0 8513039 5564553 160082 388274 7109365 4623367 7551736 8082195 1469692 7073981 5283342 550451 2497924 9632089 222116 8948727 5314159 9538656 194713 4288015 2810850 787399 9216365 6661318 2609754 9125642 1783215 4482869 9515417 2033683 4337902 3829728 1095768 6326960 7950686 2593634 7252152 5765795 2153173 3430614 2228622 7009800 6832910 9647970 3417914 6423745 829611 3650008 7896328 678655 386781 8056683 671750 3884406 251076 1812966 2483304 4697426 2224335 4844634 1955904 6042467 4685623 9124321 
1607668 8705048 3936254 8462194 8798556 8513039 0 3318724 6299972 3113591 2369801 7601963 756353 9907783 7122725 6210887 6936669 280892 6322708 3893483 7041411 5719546 608571 589692 8978908 3595117 6718664 3496712 6293539 570616 7107592 197902 8516421 8412477 4487775 7426444 6964844 5494650 237409 5286075 312094 8742529 5525277 1143042 4826122 2966780 263561 8254097 9104456 4837869 9813628 2276044 6656390 7687726 4785297 1265000 9777287 2058722 6012307 2557735 7554495 1393423 1186513 2800367 274560 9458580 3231883 5092120 1361319 3660552 
1285155 9385140 1804230 458872 1988073 5564553 3318724 0 269865 3949496 8006161 1206305 8166122 3050408 3771097 5177052 4765136 9513142 1839705 9748303 6095952 3390391 1920481 6709257 8005285 1905418 9843925 4980805 7095896 2156900 5903557 805446 3671231 6746368 6802929 3694831 7058147 2695203 1933715 3112216 1231279 10192 6826598 2646120 9547215 7147666 8656495 1787557 6413524 4027588 4780596 3314641 8629897 9540652 9218011 7213291 1468898 8626452 78314 1968155 2226105 9944600 1484613 4653992 8759614 7919424 4366750 1000455 5438792 1951299 
1913416 7086805 6149466 5773777 1079454 160082 6299972 269865 0 1640723 3336870 5266896 2739683 3664561 4609672 800061 3818860 1161880 1401666 7524058 2496969 7112247 6704754 9716076 6726731 2075648 884077 1287914 2265704 573760 6708558 60219 7161462 7725374 9882959 4053084 4163119 5303145 5651166 7089509 5957581 6366701 6593247 5659646 2756877 2007356 4427550 9595621 5939046 4446226 9570028 6525812 7626872 5998307 9533840 8112611 1793130 1984537 3827868 3430729 2288941 3532554 1084808 3536338 3638128 6745471 5346652 4461453 4021567 4009816 
7916192 48640 5917433 7006211 8144333 388274 3113591 3949496 1640723 0 8621369 7012455 8471486 7803314 1420942 3232352 9812052 5155329 4077665 1697314 3383163 5361534 4251978 3521173 8544625 7559286 3090240 1956378 7764516 9541715 7355389 1080664 5932875 5843820 3021545 2807572 9378721 402044 3106737 8640913 5030080 8149404 6210520 41578 1446844 5127173 6962835 9352978 5335318 4147431 2341290 7090874 86513 4684453 4876605 3559822 7501060 7422280 3046057 6968826 3458788 5201841 5121790 3139452 1949486 2384099 295713 2130663 6097541 6213116 
9243668 3030215 1027915 7435917 7123406 7109365 2369801 8006161 3336870 8621369 0 4179236 9598887 9379234 8509137 3755635 792653 4302039 1018341 2333494 4567413 210215 3266373 8372793 2575476 4022152 8481599 5432280 3314809 456776 1836331 5776991 7979397 8417993 427277 918284 6800012 9689794 2394815 9631630 1843479 9635611 9060937 1744463 4544771 8971544 1795855 1361482 6883887 9080173 439504 8853002 7991589 6010004 7446728 6229448 983690 553792 2771993 1890673 479843 8109367 662088 6571352 7335458 3012625 5529698 4286235 4230138 8819684 
6078234 799029 1960825 6164198 3735739 4623367 7601963 1206305 5266896 7012455 4179236 0 5198281 514358 901534 7640209 5589209 9077854 7579105 1136269 1186467 3856808 7321843 7491056 5537266 3527414 8264473 5577668 3016429 5421714 219211 8200691 8623538 5496107 9619458 6438099 9529304 6562225 947856 870052 9223951 7887953 8505231 6719147 4927073 793715 5740365 4974845 810349 3030657 8912042 9862832 1864093 841156 5625370 7226036 440478 984967 4439649 7678344 145137 8194951 3651851 1973475 7521577 5035877 3808420 2821672 8744423 5516382 
8744890 3702798 7511548 5186568 440917 7551736 756353 8166122 2739683 8471486 9598887 5198281 0 7915675 7906717 6636766 5264121 4638861 3709738 6615236 3189342 5163395 2284600 5696418 9825783 3337639 6142841 8448903 7194011 488820 7589739 7658131 2606367 4433095 1378692 684272 1613635 9750278 434323 3732409 9933567 9783685 7328732 3679834 7127945 5217717 8455569 4114415 5529688 1078250 2907328 2597379 918457 804296 8487909 2995360 1156255 9238638 2997232 8471559 8415736 2970648 7633648 5238773 6084994 632165 267921 9369433 6388692 7588101 
7238174 64127 5508267 7784147 3987611 8082195 9907783 3050408 3664561 7803314 9379234 514358 7915675 0 308993 6355477 6401846 8480582 3261574 5716305 5035253 8452192 4934400 89396 3074537 8885356 7858608 47117 154749 5714938 1387843 1994659 533406 7603858 2208579 129843 6472305 5155875 4547551 5688419 8463207 232682 6413477 805611 8115295 1962972 2390277 8065471 4006421 7478973 994121 6422711 5665502 9710625 6199230 3506318 5601276 2936234 3013840 6744005 5266972 2850676 7715834 2261778 8066638 401481 8637823 6943902 376503 2833650 
6836791 803460 5844104 63874 6945936 1469692 7122725 3771097 4609672 1420942 8509137 901534 7906717 308993 0 3144879 5039520 5331295 7540992 1855587 9582217 7337801 3156777 9584370 8118428 8481972 373598 86643 9766528 54227 6131669 1362819 7116003 4625723 8230966 2903548 8580689 6722444 1451536 6065250 6592837 4470318 7113332 9001097 5336464 222045 1760912 5867071 3891696 1856328 490340 3626645 4667348 489167 5689115 8250545 7478688 3210908 7058717 7689756 1191182 5641365 8732348 2104436 2762472 4239259 412934 4398492 5116577 1745887 
1136619 8981393 1439213 7021396 6571967 7073981 6210887 5177052 800061 3232352 3755635 7640209 6636766 6355477 3144879 0 9961461 9082306 8309688 9514852 8743884 4851731 187566 4129778 8792741 6317571 8535683 2524527 1379260 7877241 3362689 2226276 8760095 4361654 3704348 8725839 3817715 5981698 249479 8627284 4964439 8088723 3013626 3986403 1960796 687254 2125339 3392267 6118541 1662384 9253634 2743505 6164368 6805954 8645991 6164449 4180998 3136111 5926705 4923682 9664541 4782463 3437814 2806349 135600 6368740 3645014 6892386 4889169 3677246 
7236184 9667172 8033061 91477 8145635 5283342 6936669 4765136 3818860 9812052 792653 5589209 5264121 6401846 5039520 9961461 0 2481155 3455286 8890803 103833 5470260 7688073 6264546 8747809 7647382 6995967 554777 9303902 9261872 866990 8601886 4292930 2137984 2314677 9599298 6693307 1061706 9813004 6020080 31793 9275280 5343546 8792459 779788 9950432 276918 6456053 5310427 2967171 2643880 372378 1088371 1728712 1186027 1093241 2423000 1443509 6526389 68435 7599431 4577077 1747423 4372138 7536426 4441602 9567856 3125630 2839945 6339670 
1929156 3887243 7051630 5734098 2034039 550451 280892 9513142 1161880 5155329 4302039 9077854 4638861 8480582 5331295 9082306 2481155 0 8654093 659702 6213513 8618164 6885650 321143 8148527 2174454 3031289 3977131 5588929 2366970 7230433 9084227 1668011 8265995 4083120 9529670 448690 5604463 6576221 3106934 2774638 846526 9034471 2140252 2759690 8852917 2385841 1172993 9002301 1827060 8387440 3030022 4774368 5601615 6448311 9546632 6305819 7420366 8479474 5534106 5556648 716710 6585755 6679146 898428 9448997 1744292 3756900 5990500 5228789 
3712390 8844481 7661321 8088136 8975240 2497924 6322708 1839705 1401666 4077665 1018341 7579105 3709738 3261574 7540992 8309688 3455286 8654093 0 3839548 56957 6241713 443765 7077670 4689795 9112111 3431849 4924 6601482 9578952 2217235 2456013 3028884 3597413 2010069 5878260 7520041 4087279 1915763 4909227 7849270 4905557 4163451 3402364 4471162 8071604 1283206 288592 2879731 2288504 9144671 3360812 9186601 1347400 6893562 4976388 3065208 7240294 3188384 4302537 8301171 6701833 7383427 6941176 4450484 218670 3703429 1080478 2243759 116802 
5581853 8660891 8510414 2338928 8512760 9632089 3893483 9748303 7524058 1697314 2333494 1136269 6615236 5716305 1855587 9514852 8890803 659702 3839548 0 1439615 4544233 9807144 1543949 8321988 1468642 7735413 6802124 9026855 9789503 6672344 3298911 1896631 9901747 1182881 3211397 4882896 7532013 2290240 6974965 8655929 1977447 8179819 6303329 7014055 8639778 1963110 9111128 890166 5490355 2520464 849118 7938298 1684555 1740840 1879460 7804631 6054866 2897765 7736545 5082604 9212155 3567926 7257410 5581229 8857612 7909603 8483950 3206169 6903560 
4196492 895926 736675 8050992 4249849 222116 7041411 6095952 2496969 3383163 4567413 1186467 3189342 5035253 9582217 8743884 103833 6213513 56957 1439615 0 5774250 9082193 4248113 9276624 9422989 9934713 199511 45932 532391 5127502 9856853 5793737 346823 4613240 2483344 8605337 9157876 9230229 2973607 3364125 5296829 2579784 4889941 6775753 4756289 2786857 9158201 9925751 7794066 1104815 3310894 2364764 3943696 8969972 2266583 4862457 6627595 4618505 7434406 9018123 4836653 618461 9836949 2111157 7284018 3323489 7143543 4737229 3418503 
1465811 6105533 2612507 8406068 5288186 8948727 5719546 3390391 7112247 5361534 210215 3856808 5163395 8452192 7337801 4851731 5470260 8618164 6241713 4544233 5774250 0 5070811 9748248 5299263 1022677 6210642 700120 7041801 3686830 995385 7769763 7593614 9901632 5127542 4665717 5259883 5323752 7606438 9787028 9694972 205482 4841781 2915721 1009242 220564 5180959 1879342 182907 3091462 3611177 7050817 9749609 9609033 2507387 2391467 3784064 5321827 6327408 4456716 6032768 3118432 6205969 4831585 7272759 6047211 2408769 1181843 6255020 1709684 
4646138 509419 4445688 5100706 4646073 5314159 608571 1920481 6704754 4251978 3266373 7321843 2284600 4934400 3156777 187566 7688073 6885650 443765 9807144 9082193 5070811 0 3084633 3392067 1475090 476904 9266466 4428690 2628357 1890676 5378816 1097729 8710244 9589349 743906 655014 4646100 9376447 3562354 3635284 7451994 3773287 9194702 8539255 8688447 5948760 8896667 3657226 6845799 1420225 483633 180880 8228893 9057198 2521264 7590669 3987013 5027536 1122784 7252706 5298947 519291 125812 124163 1497391 7739216 8550561 1002738 7609998 
6579610 4559906 6417857 4516440 8951809 9538656 589692 6709257 9716076 3521173 8372793 7491056 5696418 89396 9584370 4129778 6264546 321143 7077670 1543949 4248113 9748248 3084633 0 8898054 7074387 5015081 1522954 9598229 4452550 2093746 7544508 3384796 7645389 118355 3534395 761800 8321336 6855670 5278989 9606071 9021490 1266205 6960367 9526919 9633996 6993247 5703964 4156386 7344613 4729706 2343422 5469020 3828499 590330 6731956 9746929 651498 4665634 7066358 3938204 1692536 4536906 4267091 2079445 8940356 2831471 1409248 8115687 6976482 
8646670 4509915 4653810 7099780 954995 194713 8978908 8005285 6726731 8544625 2575476 5537266 9825783 3074537 8118428 8792741 8747809 8148527 4689795 8321988 9276624 5299263 3392067 8898054 0 5315361 7523041 7190747 9410711 8610755 4730609 1986107 9878192 3064689 5963365 44287 1473456 9781947 4382286 5770149 3763427 5041822 3731948 473415 3145221 9348689 8142941 5117393 8240441 614292 3367784 8892527 6107769 21677 5923788 7208565 656005 9998300 5722051 9413918 9097827 750722 1290775 61744 4485755 23119 9485693 5541070 1698123 290067 
9959222 4170694 4626880 9532788 5322118 4288015 3595117 1905418 2075648 7559286 4022152 3527414 3337639 8885356 8481972 6317571 7647382 2174454 9112111 1468642 9422989 1022677 1475090 7074387 5315361 0 648260 9608959 4165977 2133571 8435690 764919 6567835 9644813 6344766 6949266 2838350 7678562 1803962 4901317 5420523 5582783 2020005 409275 327971 3580172 3693508 4878094 9866051 8167698 9955578 3528568 5506237 4855828 5188673 7473576 6083054 7240363 3429899 6076345 2894249 4322272 9854458 6032830 2657182 8589777 5440089 7041321 3279459 8798579 
7757196 7060485 3924209 4969392 8689768 2810850 6718664 9843925 884077 3090240 8481599 8264473 6142841 7858608 373598 8535683 6995967 3031289 3431849 7735413 9934713 6210642 476904 5015081 7523041 648260 0 6704209 298579 4720721 2127865 3839580 9283315 8476827 6520692 9298336 1359478 6401237 2071661 4649075 7137899 4634575 8306312 1368073 1912488 1212578 4759919 6146971 314863 6744693 2620728 3886709 1371179 74155 7260862 2724114 9472343 6485582 5824002 7680034 5712885 7376015 9779794 1377303 414102 4743554 9785125 2393403 4475869 1108850 
8255647 8039988 8497270 883347 2508051 787399 3496712 4980805 1287914 1956378 5432280 5577668 8448903 47117 86643 2524527 554777 3977131 4924 6802124 199511 700120 9266466 1522954 7190747 9608959 6704209 0 4212060 2005420 1202000 2262725 4753485 6440913 9298191 5804000 9171986 1327297 1658211 7182637 1098407 5926408 8884178 6740881 6180997 7222515 7000468 1031962 3589745 2199909 6175107 7084334 7910006 1784732 6778740 7713509 7259836 4094720 8154562 8423360 8124275 2871730 1118885 950249 5544069 1009608 1460327 5344971 9995388 769857 
9964837 9984342 8586562 4809702 438918 9216365 6293539 7095896 2265704 7764516 3314809 3016429 7194011 154749 9766528 1379260 9303902 5588929 6601482 9026855 45932 7041801 4428690 9598229 9410711 4165977 298579 4212060 0 2000944 8637846 3888744 7711838 168711 5072466 7569149 5477879 6984274 6697236 2621528 1956405 2366365 4396655 9682563 4975454 3235878 7738411 5093001 7779197 8618791 6409947 7602645 1911220 5825368 4491434 5197834 2877166 6092287 1683702 4407939 5661444 7649994 4330935 3014964 3618619 6778791 7420172 225331 5665531 9411079 
3239283 5356607 7541025 9561744 8929729 6661318 570616 2156900 573760 9541715 456776 5421714 488820 5714938 54227 7877241 9261872 2366970 9578952 9789503 532391 3686830 2628357 4452550 8610755 2133571 4720721 2005420 2000944 0 3096796 4892994 3787365 9222682 9788584 6781668 1311613 2126811 2168108 2006095 3571044 202706 9989261 213395 5331591 652354 1742166 6798792 1952874 4133474 4351832 8663218 8742648 8445939 7279776 2273588 3468501 5025742 3619552 5681681 2306278 5591970 419466 8926776 2998810 7371071 5252149 7900855 3092979 500619 
4986217 6800142 8829367 9670201 7332274 2609754 7107592 5903557 6708558 7355389 1836331 219211 7589739 1387843 6131669 3362689 866990 7230433 2217235 6672344 5127502 995385 1890676 2093746 4730609 8435690 2127865 1202000 8637846 3096796 0 4175701 6471772 6723157 9599559 4768369 9470427 9287234 4384729 6710284 387142 6001288 5979642 7486060 5523291 3518843 5020249 3420776 5348500 3987425 8236828 8496927 3254022 5874524 4754949 3450847 1302676 151360 2882533 5589968 5653793 8613950 9309686 88974 8660095 2822491 2685748 2119590 4728875 437412 
8636530 7767002 8721610 969178 112217 9125642 197902 805446 60219 1080664 5776991 8200691 7658131 1994659 1362819 2226276 8601886 9084227 2456013 3298911 9856853 7769763 5378816 7544508 1986107 764919 3839580 2262725 3888744 4892994 4175701 0 7644120 6177262 2744643 3491950 9246826 2941813 8931453 6092265 3450083 6527386 7606161 1282290 9537833 638217 6003863 7346608 2581194 1932632 7697740 5285837 3718577 5619956 6656221 8243017 1339459 2886037 8251142 5508096 753539 9452089 4241685 8301095 2177799 975523 8348536 102008 8132513 2502459 
9562174 459334 6745741 2822096 7440233 1783215 8516421 3671231 7161462 5932875 7979397 8623538 2606367 533406 7116003 8760095 4292930 1668011 3028884 1896631 5793737 7593614 1097729 3384796 9878192 6567835 9283315 4753485 7711838 3787365 6471772 7644120 0 5970490 998982 6577680 8642100 3696503 8312503 2530890 3776034 5229581 8657367 2141374 8676186 8049970 4886256 8872625 6686904 5735004 8845271 83342 2384615 2458449 8922739 7177628 2145952 8421287 9307561 9905421 2528946 6915713 7700736 742233 7371396 1514211 5328687 7398118 3123700 383616 
206302 7437323 9790988 140195 6467572 4482869 8412477 6746368 7725374 5843820 8417993 5496107 4433095 7603858 4625723 4361654 2137984 8265995 3597413 9901747 346823 9901632 8710244 7645389 3064689 9644813 8476827 6440913 168711 9222682 6723157 6177262 5970490 0 9868260 3268515 7189555 8957767 8740232 4267810 8844080 4849306 7677039 4240647 865917 8434386 8236438 2175864 4353110 2147713 3114489 9782468 678760 4485218 51041 4841534 1171488 6797962 8044982 9111584 9567742 9605309 3386332 735930 513812 8930327 7265232 1724484 691773 9057959 
163186 4817519 5610027 5230983 3209429 9515417 4487775 6802929 9882959 3021545 427277 9619458 1378692 2208579 8230966 3704348 2314677 4083120 2010069 1182881 4613240 5127542 9589349 118355 5963365 6344766 6520692 9298191 5072466 9788584 9599559 2744643 998982 9868260 0 7684382 8473573 6959701 2516494 4101802 8374283 7642679 1110401 4308599 1027706 2849488 6014345 1382169 343872 8950467 3534591 725069 3702920 361357 612364 7205238 2311977 5557340 3565498 3670928 1964437 2188971 2897970 2275223 4338717 4212548 6485243 2298590 5074833 4390189 
6574868 9146380 1994510 3723302 6347430 2033683 7426444 3694831 4053084 2807572 918284 6438099 684272 129843 2903548 8725839 9599298 9529670 5878260 3211397 2483344 4665717 743906 3534395 44287 6949266 9298336 5804000 7569149 6781668 4768369 3491950 6577680 3268515 7684382 0 3994697 107876 3106031 5760881 4100440 8549858 1620728 3679686 2803404 3974583 8007220 5445128 772521 4688987 4715899 8695536 5384193 8948260 1843758 7578781 6697553 6032815 9393777 604614 2514767 6054309 949529 193283 3882414 7581281 1216935 3267166 9743304 1744330 
6853981 6723800 206306 9916640 3187370 4337902 6964844 7058147 4163119 9378721 6800012 9529304 1613635 6472305 8580689 3817715 6693307 448690 7520041 4882896 8605337 5259883 655014 761800 1473456 2838350 1359478 9171986 5477879 1311613 9470427 9246826 8642100 7189555 8473573 3994697 0 6919919 7385121 9602231 566879 4642555 4786209 1321879 6151103 4906905 6884872 224241 8620515 4095489 7561180 9917161 8863651 1819181 4059174 530909 4406810 3149740 4030230 1350708 3498167 9583634 9076717 417425 8983069 4107806 783400 3222634 2986250 3216564 
7989531 7753664 4145741 2666958 149020 3829728 5494650 2695203 5303145 402044 9689794 6562225 9750278 5155875 6722444 5981698 1061706 5604463 4087279 7532013 9157876 5323752 4646100 8321336 9781947 7678562 6401237 1327297 6984274 2126811 9287234 2941813 3696503 8957767 6959701 107876 6919919 0 2900179 3241140 1411433 3393447 3373489 970182 428942 56260 7677540 3282932 5491210 8519390 6545573 759896 7424006 3840719 4533995 5038655 932468 2869206 4374529 2238769 2144772 8979328 8181325 8054130 2990329 1939319 8191367 2720585 6447379 3298290 
502027 4964692 883129 6879727 2066570 1095768 237409 1933715 5651166 3106737 2394815 947856 434323 4547551 1451536 249479 9813004 6576221 1915763 2290240 9230229 7606438 9376447 6855670 4382286 1803962 2071661 1658211 6697236 2168108 4384729 8931453 8312503 8740232 2516494 3106031 7385121 2900179 0 1205768 1209179 9325410 5803594 2594163 218266 9349051 8917571 7752717 2632116 1959339 5319547 8302768 497599 4165140 5875231 7986429 4077241 8884614 561162 4499091 1895050 1268112 7618962 3156086 8832394 9013728 5646764 9008887 2262953 3876699 
3110523 6155485 9496999 1960670 7997447 6326960 5286075 3112216 7089509 8640913 9631630 870052 3732409 5688419 6065250 8627284 6020080 3106934 4909227 6974965 2973607 9787028 3562354 5278989 5770149 4901317 4649075 7182637 2621528 2006095 6710284 6092265 2530890 4267810 4101802 5760881 9602231 3241140 1205768 0 2645165 3286382 4682096 5302152 6594756 5086828 6398976 1987832 1203581 7972292 6715189 8590560 9365735 9479089 3492704 5894839 9292226 925719 6387263 3364534 5518630 5678191 3072208 4216816 7618509 7497656 7333385 512209 8749824 2858778 
3185143 9193704 6500322 4359196 4243542 7950686 312094 1231279 5957581 5030080 1843479 9223951 9933567 8463207 6592837 4964439 31793 2774638 7849270 8655929 3364125 9694972 3635284 9606071 3763427 5420523 7137899 1098407 1956405 3571044 387142 3450083 3776034 8844080 8374283 4100440 566879 1411433 1209179 2645165 0 5433880 1724286 4140810 3206926 2122877 9719933 2310393 5202545 7086833 1869627 6561623 4553714 9103244 2952442 8793589 5780706 9557260 6267274 9530516 1816695 6405841 278205 3405407 5092519 3799199 5691486 82091 2212716 6788510 
9751298 5209367 4791689 4319911 3905651 2593634 8742529 10192 6366701 8149404 9635611 7887953 9783685 232682 4470318 8088723 9275280 846526 4905557 1977447 5296829 205482 7451994 9021490 5041822 5582783 4634575 5926408 2366365 202706 6001288 6527386 5229581 4849306 7642679 8549858 4642555 3393447 9325410 3286382 5433880 0 1691868 4297125 6811198 8584027 5776303 3574995 729248 8219457 4016728 5264208 885746 8325334 7313551 2530586 2342603 8108854 5949885 7938487 3715567 7704711 1613734 5185707 3580815 1814357 1095089 8928488 6641183 3909219 
8575014 8434202 5330490 7113434 7053747 7252152 5525277 6826598 6593247 6210520 9060937 8505231 7328732 6413477 7113332 3013626 5343546 9034471 4163451 8179819 2579784 4841781 3773287 1266205 3731948 2020005 8306312 8884178 4396655 9989261 5979642 7606161 8657367 7677039 1110401 1620728 4786209 3373489 5803594 4682096 1724286 1691868 0 6428038 4936068 1443793 2528830 9961343 9441289 9049100 3793067 2559107 5307508 427571 1337314 3724528 7259946 6751660 2077878 8877382 6431973 9366889 6420187 3993604 1754635 2343450 4142386 5818019 5401982 2309845 
2140801 3816974 9076371 7491542 27741 5765795 1143042 2646120 5659646 41578 1744463 6719147 3679834 805611 9001097 3986403 8792459 2140252 3402364 6303329 4889941 2915721 9194702 6960367 473415 409275 1368073 6740881 9682563 213395 7486060 1282290 2141374 4240647 4308599 3679686 1321879 970182 2594163 5302152 4140810 4297125 6428038 0 6894907 247424 8543103 3252251 3285695 5896576 9913019 1353889 7244920 6197933 9013401 4497145 8959232 1233596 5082239 9888634 8270181 9133844 8426856 571581 7672879 8998781 5084317 704017 8306751 370017 
8984194 4570428 3239092 2750252 1280015 2153173 4826122 9547215 2756877 1446844 4544771 4927073 7127945 8115295 5336464 1960796 779788 2759690 4471162 7014055 6775753 1009242 8539255 9526919 3145221 327971 1912488 6180997 4975454 5331591 5523291 9537833 8676186 865917 1027706 2803404 6151103 428942 218266 6594756 3206926 6811198 4936068 6894907 0 6550471 5566638 9724937 4774773 4303503 3187425 3302107 1791004 1554546 9227438 3257782 180454 8023213 7830961 2440170 5743818 8297986 968506 3241355 5331762 4406437 2758251 9019816 7226427 7278323 
3755860 2504612 4713215 1067840 6924001 3430614 2966780 7147666 2007356 5127173 8971544 793715 5217717 1962972 222045 687254 9950432 8852917 8071604 8639778 4756289 220564 8688447 9633996 9348689 3580172 1212578 7222515 3235878 652354 3518843 638217 8049970 8434386 2849488 3974583 4906905 56260 9349051 5086828 2122877 8584027 1443793 247424 6550471 0 8310783 7736218 9334908 2116016 2702822 2800096 2674051 422892 1229095 3995014 7813094 6952949 5117750 2929042 1778623 7462587 7297905 2415381 7225292 8729244 3825552 5720156 5115762 8490394 
5016574 4775066 7635585 8148273 2099568 2228622 263561 8656495 4427550 6962835 1795855 5740365 8455569 2390277 1760912 2125339 276918 2385841 1283206 1963110 2786857 5180959 5948760 6993247 8142941 3693508 4759919 7000468 7738411 1742166 5020249 6003863 4886256 8236438 6014345 8007220 6884872 7677540 8917571 6398976 9719933 5776303 2528830 8543103 5566638 8310783 0 5985930 2562922 7809477 9406040 3869862 1559936 6811019 9741616 4758734 5020009 2421047 4941154 9993830 2042864 6102304 7144043 9535428 9096461 2948512 7752831 7465366 2560828 7881423 
2165858 6961415 9374056 7670634 846859 7009800 8254097 1787557 9595621 9352978 1361482 4974845 4114415 8065471 5867071 3392267 6456053 1172993 288592 9111128 9158201 1879342 8896667 5703964 5117393 4878094 6146971 1031962 5093001 6798792 3420776 7346608 8872625 2175864 1382169 5445128 224241 3282932 7752717 1987832 2310393 3574995 9961343 3252251 9724937 7736218 5985930 0 4053179 8181579 7475761 3633717 6052482 5670309 1395905 3153914 8959427 7691342 4247096 7877994 8116072 5299099 569313 893754 5428459 2739385 7229498 4813016 7972704 6371637 
2153511 2972914 5704568 7445550 3784129 6832910 9104456 6413524 5939046 5335318 6883887 810349 5529688 4006421 3891696 6118541 5310427 9002301 2879731 890166 9925751 182907 3657226 4156386 8240441 9866051 314863 3589745 7779197 1952874 5348500 2581194 6686904 4353110 343872 772521 8620515 5491210 2632116 1203581 5202545 729248 9441289 3285695 4774773 9334908 2562922 4053179 0 439925 9917311 2520223 5304238 7160729 9177450 8699206 9961344 4766780 6718561 9276143 6163281 1560507 1634887 9416562 1125993 4885315 1397367 5809552 161898 8306744 
662302 1504300 4631008 4703839 4726800 9647970 4837869 4027588 4446226 4147431 9080173 3030657 1078250 7478973 1856328 1662384 2967171 1827060 2288504 5490355 7794066 3091462 6845799 7344613 614292 8167698 6744693 2199909 8618791 4133474 3987425 1932632 5735004 2147713 8950467 4688987 4095489 8519390 1959339 7972292 7086833 8219457 9049100 5896576 4303503 2116016 7809477 8181579 439925 0 8721618 6222204 71944 9217495 3811783 5028526 5069207 3245081 9297764 359671 8694774 6721289 8695169 6275959 4005730 6241632 9739527 527069 5953773 6271165 
5021824 8778690 7193551 4213111 9814861 3417914 9813628 4780596 9570028 2341290 439504 8912042 2907328 994121 490340 9253634 2643880 8387440 9144671 2520464 1104815 3611177 1420225 4729706 3367784 9955578 2620728 6175107 6409947 4351832 8236828 7697740 8845271 3114489 3534591 4715899 7561180 6545573 5319547 6715189 1869627 4016728 3793067 9913019 3187425 2702822 9406040 7475761 9917311 8721618 0 4922201 8755220 7290153 9756923 2261666 709225 7730159 7370312 4307074 5692180 220904 3802353 4711130 1217566 6151717 9007567 1286966 4640116 8812700 
6758667 1863304 7887119 3551520 3610675 6423745 2276044 3314641 6525812 7090874 8853002 9862832 2597379 6422711 3626645 2743505 372378 3030022 3360812 849118 3310894 7050817 483633 2343422 8892527 3528568 3886709 7084334 7602645 8663218 8496927 5285837 83342 9782468 725069 8695536 9917161 759896 8302768 8590560 6561623 5264208 2559107 1353889 3302107 2800096 3869862 3633717 2520223 6222204 4922201 0 2828358 4579481 4041027 1985874 6023020 97300 3076236 4764152 7500923 3506018 9133699 4394441 6499866 6097740 9968484 6900940 1109297 4303825 
6791469 8488082 5736984 7805199 7589226 829611 6656390 8629897 7626872 86513 7991589 1864093 918457 5665502 4667348 6164368 1088371 4774368 9186601 7938298 2364764 9749609 180880 5469020 6107769 5506237 1371179 7910006 1911220 8742648 3254022 3718577 2384615 678760 3702920 5384193 8863651 7424006 497599 9365735 4553714 885746 5307508 7244920 1791004 2674051 1559936 6052482 5304238 71944 8755220 2828358 0 9293266 5548833 7416886 4662026 1677917 588620 5854716 2107316 462196 7336448 9706287 9983119 1290625 9412400 6250375 5041464 5361201 
5987956 7960579 7146092 2138312 4049241 3650008 7687726 9540652 5998307 4684453 6010004 841156 804296 9710625 489167 6805954 1728712 5601615 1347400 1684555 3943696 9609033 8228893 3828499 21677 4855828 74155 1784732 5825368 8445939 5874524 5619956 2458449 4485218 361357 8948260 1819181 3840719 4165140 9479089 9103244 8325334 427571 6197933 1554546 422892 6811019 5670309 7160729 9217495 7290153 4579481 9293266 0 8757727 3046133 4366193 7097365 7554783 3172278 5704723 3910794 6299819 7855418 8814312 1232065 797330 6188695 1771464 5804366 
3445490 7252795 863648 3060300 1587891 7896328 4785297 9218011 9533840 4876605 7446728 5625370 8487909 6199230 5689115 8645991 1186027 6448311 6893562 1740840 8969972 2507387 9057198 590330 5923788 5188673 7260862 6778740 4491434 7279776 4754949 6656221 8922739 51041 612364 1843758 4059174 4533995 5875231 3492704 2952442 7313551 1337314 9013401 9227438 1229095 9741616 1395905 9177450 3811783 9756923 4041027 5548833 8757727 0 9630067 5075816 6975567 2140616 4864926 6842671 8108473 4602469 7138612 5838265 1238486 9393622 4316992 6643911 5720668 
2122376 1635444 3841735 7584194 8090911 678655 1265000 7213291 8112611 3559822 6229448 7226036 2995360 3506318 8250545 6164449 1093241 9546632 4976388 1879460 2266583 2391467 2521264 6731956 7208565 7473576 2724114 7713509 5197834 2273588 3450847 8243017 7177628 4841534 7205238 7578781 530909 5038655 7986429 5894839 8793589 2530586 3724528 4497145 3257782 3995014 4758734 3153914 8699206 5028526 2261666 1985874 7416886 3046133 9630067 0 5338038 4525135 874686 9309667 9369086 4714681 5479629 729512 1549242 1254184 2826267 4289587 1613333 2410976 
4779882 333856 9564281 2394099 1554175 386781 9777287 1468898 1793130 7501060 983690 440478 1156255 5601276 7478688 4180998 2423000 6305819 3065208 7804631 4862457 3784064 7590669 9746929 656005 6083054 9472343 7259836 2877166 3468501 1302676 1339459 2145952 1171488 2311977 6697553 4406810 932468 4077241 9292226 5780706 2342603 7259946 8959232 180454 7813094 5020009 8959427 9961344 5069207 709225 6023020 4662026 4366193 5075816 5338038 0 1735857 7827038 470426 2677785 975235 4073972 5813929 3430531 8737256 3007079 3180375 6389310 284471 
7928013 4598098 5914628 7433324 6785470 8056683 2058722 8626452 1984537 7422280 553792 984967 9238638 2936234 3210908 3136111 1443509 7420366 7240294 6054866 6627595 5321827 3987013 651498 9998300 7240363 6485582 4094720 6092287 5025742 151360 2886037 8421287 6797962 5557340 6032815 3149740 2869206 8884614 925719 9557260 8108854 6751660 1233596 8023213 6952949 2421047 7691342 4766780 3245081 7730159 97300 1677917 7097365 6975567 4525135 1735857 0 6904024 9782973 4728966 3425048 3672470 2845872 5269040 4659029 3270066 7780760 1944096 5043071 
4878659 3736439 8196022 4168213 7676499 671750 6012307 78314 3827868 3046057 2771993 4439649 2997232 3013840 7058717 5926705 6526389 8479474 3188384 2897765 4618505 6327408 5027536 4665634 5722051 3429899 5824002 8154562 1683702 3619552 2882533 8251142 9307561 8044982 3565498 9393777 4030230 4374529 561162 6387263 6267274 5949885 2077878 5082239 7830961 5117750 4941154 4247096 6718561 9297764 7370312 3076236 588620 7554783 2140616 874686 7827038 6904024 0 2451661 6472540 2182386 9626144 8611475 3151080 7141887 5322464 3992557 7761028 3924047 
2716813 2846152 2969669 6215489 7388638 3884406 2557735 1968155 3430729 6968826 1890673 7678344 8471559 6744005 7689756 4923682 68435 5534106 4302537 7736545 7434406 4456716 1122784 7066358 9413918 6076345 7680034 8423360 4407939 5681681 5589968 5508096 9905421 9111584 3670928 604614 1350708 2238769 4499091 3364534 9530516 7938487 8877382 9888634 2440170 2929042 9993830 7877994 9276143 359671 4307074 4764152 5854716 3172278 4864926 9309667 470426 9782973 2451661 0 6992784 3146186 7690917 8921367 5602009 575149 4696707 2533880 2243759 2275251 
7342318 8609005 1116828 2299885 7293932 251076 7554495 2226105 2288941 3458788 479843 145137 8415736 5266972 1191182 9664541 7599431 5556648 8301171 5082604 9018123 6032768 7252706 3938204 9097827 2894249 5712885 8124275 5661444 2306278 5653793 753539 2528946 9567742 1964437 2514767 3498167 2144772 1895050 5518630 1816695 3715567 6431973 8270181 5743818 1778623 2042864 8116072 6163281 8694774 5692180 7500923 2107316 5704723 6842671 9369086 2677785 4728966 6472540 6992784 0 8560700 3242441 4385886 8556662 1178532 1749319 4885948 8019093 6236126 
3090368 612611 8655299 8532943 674982 1812966 1393423 9944600 3532554 5201841 8109367 8194951 2970648 2850676 5641365 4782463 4577077 716710 6701833 9212155 4836653 3118432 5298947 1692536 750722 4322272 7376015 2871730 7649994 5591970 8613950 9452089 6915713 9605309 2188971 6054309 9583634 8979328 1268112 5678191 6405841 7704711 9366889 9133844 8297986 7462587 6102304 5299099 1560507 6721289 220904 3506018 462196 3910794 8108473 4714681 975235 3425048 2182386 3146186 8560700 0 1843590 964688 212907 808571 2834599 5850874 6467308 8043584 
4862673 5639302 8159808 8474763 9515491 2483304 1186513 1484613 1084808 5121790 662088 3651851 7633648 7715834 8732348 3437814 1747423 6585755 7383427 3567926 618461 6205969 519291 4536906 1290775 9854458 9779794 1118885 4330935 419466 9309686 4241685 7700736 3386332 2897970 949529 9076717 8181325 7618962 3072208 278205 1613734 6420187 8426856 968506 7297905 7144043 569313 1634887 8695169 3802353 9133699 7336448 6299819 4602469 5479629 4073972 3672470 9626144 7690917 3242441 1843590 0 9707799 5939678 4737156 9071341 390016 5483298 9262387 
3050027 1688257 4014244 9811077 4454299 4697426 2800367 4653992 3536338 3139452 6571352 1973475 5238773 2261778 2104436 2806349 4372138 6679146 6941176 7257410 9836949 4831585 125812 4267091 61744 6032830 1377303 950249 3014964 8926776 88974 8301095 742233 735930 2275223 193283 417425 8054130 3156086 4216816 3405407 5185707 3993604 571581 3241355 2415381 9535428 893754 9416562 6275959 4711130 4394441 9706287 7855418 7138612 729512 5813929 2845872 8611475 8921367 4385886 964688 9707799 0 7238593 6472532 1899513 5320202 5153837 6399911 
9153270 3837362 4457511 1269671 5060765 2224335 274560 8759614 3638128 1949486 7335458 7521577 6084994 8066638 2762472 135600 7536426 898428 4450484 5581229 2111157 7272759 124163 2079445 4485755 2657182 414102 5544069 3618619 2998810 8660095 2177799 7371396 513812 4338717 3882414 8983069 2990329 8832394 7618509 5092519 3580815 1754635 7672879 5331762 7225292 9096461 5428459 1125993 4005730 1217566 6499866 9983119 8814312 5838265 1549242 3430531 5269040 3151080 5602009 8556662 212907 5939678 7238593 0 534181 3078303 8837456 1872725 4330320 
2404838 3541674 4635245 6929673 1871142 4844634 9458580 7919424 6745471 2384099 3012625 5035877 632165 401481 4239259 6368740 4441602 9448997 218670 8857612 7284018 6047211 1497391 8940356 23119 8589777 4743554 1009608 6778791 7371071 2822491 975523 1514211 8930327 4212548 7581281 4107806 1939319 9013728 7497656 3799199 1814357 2343450 8998781 4406437 8729244 2948512 2739385 4885315 6241632 6151717 6097740 1290625 1232065 1238486 1254184 8737256 4659029 7141887 575149 1178532 808571 4737156 6472532 534181 0 1596861 9958518 8149410 9717238 
9093196 4974247 9512848 3423126 6504245 1955904 3231883 4366750 5346652 295713 5529698 3808420 267921 8637823 412934 3645014 9567856 1744292 3703429 7909603 3323489 2408769 7739216 2831471 9485693 5440089 9785125 1460327 7420172 5252149 2685748 8348536 5328687 7265232 6485243 1216935 783400 8191367 5646764 7333385 5691486 1095089 4142386 5084317 2758251 3825552 7752831 7229498 1397367 9739527 9007567 9968484 9412400 797330 9393622 2826267 3007079 3270066 5322464 4696707 1749319 2834599 9071341 1899513 3078303 1596861 0 7747852 7053245 519928 
188328 7310903 67474 501926 7308324 6042467 5092120 1000455 4461453 2130663 4286235 2821672 9369433 6943902 4398492 6892386 3125630 3756900 1080478 8483950 7143543 1181843 8550561 1409248 5541070 7041321 2393403 5344971 225331 7900855 2119590 102008 7398118 1724484 2298590 3267166 3222634 2720585 9008887 512209 82091 8928488 5818019 704017 9019816 5720156 7465366 4813016 5809552 527069 1286966 6900940 6250375 6188695 4316992 4289587 3180375 7780760 3992557 2533880 4885948 5850874 390016 5320202 8837456 9958518 7747852 0 2251675 4140815 
9571179 7118982 7647828 4333480 9386905 4685623 1361319 5438792 4021567 6097541 4230138 8744423 6388692 376503 5116577 4889169 2839945 5990500 2243759 3206169 4737229 6255020 1002738 8115687 1698123 3279459 4475869 9995388 5665531 3092979 4728875 8132513 3123700 691773 5074833 9743304 2986250 6447379 2262953 8749824 2212716 6641183 5401982 8306751 7226427 5115762 2560828 7972704 161898 5953773 4640116 1109297 5041464 1771464 6643911 1613333 6389310 1944096 7761028 2243759 8019093 6467308 5483298 5153837 1872725 8149410 7053245 2251675 0 3390936 
8546257 5439406 1401203 8454400 6943855 9124321 3660552 1951299 4009816 6213116 8819684 5516382 7588101 2833650 1745887 3677246 6339670 5228789 116802 6903560 3418503 1709684 7609998 6976482 290067 8798579 1108850 769857 9411079 500619 437412 2502459 383616 9057959 4390189 1744330 3216564 3298290 3876699 2858778 6788510 3909219 2309845 370017 7278323 8490394 7881423 6371637 8306744 6271165 8812700 4303825 5361201 5804366 5720668 2410976 284471 5043071 3924047 2275251 6236126 8043584 9262387 6399911 4330320 9717238 519928 4140815 3390936 0 
