20 100 3
2 10 251 1
10 12 460 1
2 6 808 1
10 13 444 2
4 7 324 3
18 20 44 1
8 10 621 3
1 13 886 1
19 20 844 3
13 14 765 2
4 9 89 1
1 2 783 2
7 12 940 2
5 11 840 1
3 10 880 1
15 20 687 2
12 13 385 2
8 9 50 3
15 17 261 1
3 13 157 3
2 11 883 2
9 13 340 3
5 10 105 1
2 12 475 1
7 10 232 3
2 9 381 2
10 11 356 1
3 7 895 3
18 19 901 2
6 13 808 1
16 19 234 2
16 18 917 1
6 12 915 3
2 5 862 3
6 10 425 3
4 10 407 2
5 12 910 1
7 8 431 3
9 10 858 3
5 9 890 3
3 9 74 3
4 6 436 1
17 20 164 2
1 3 628 3
6 8 623 1
6 9 135 1
11 13 753 2
6 11 897 1
1 10 886 1
5 13 620 1
17 19 108 1
3 6 763 3
3 8 288 2
3 12 494 2
3 5 989 2
5 7 854 2
14 18 91 2
1 8 539 3
14 20 388 2
17 18 745 2
15 19 173 3
8 11 327 3
1 11 956 2
7 11 274 1
4 12 344 2
15 18 559 3
7 13 860 3
9 11 688 1
1 7 347 1
2 3 712 2
14 15 407 2
1 5 83 1
6 7 657 1
1 6 436 2
11 12 756 2
14 19 107 1
5 8 258 1
8 12 199 3
16 17 183 3
14 16 770 1
2 13 55 3
3 4 519 2
5 6 825 1
4 8 729 3
4 5 197 1
8 13 63 2
7 9 670 1
1 12 895 2
3 11 260 2
2 8 475 2
1 4 346 2
9 12 767 1
15 16 365 2
2 4 368 2
14 17 224 2
4 11 79 3
1 9 598 2
2 7 718 2
16 20 779 2
4 13 784 3
569 195 242 