40 603 4
17 32 3109 4
1 19 6729 1
12 17 2385 2
2 27 985 4
30 33 1561 1
14 20 8555 2
10 25 5338 4
15 21 1168 2
5 16 1163 4
1 25 1974 3
8 27 8312 4
9 13 9265 2
6 32 621 3
10 16 1477 4
14 30 7575 2
27 33 6190 4
19 24 690 4
12 27 7753 1
29 30 4787 1
23 30 3697 1
13 35 8549 4
19 35 4327 2
10 30 1068 4
10 20 1902 4
9 11 6257 3
10 28 8135 3
8 15 8519 3
27 30 4242 3
34 35 1696 1
14 19 9195 4
9 10 149 1
10 24 8126 1
18 19 1773 4
18 28 6298 3
1 30 3492 1
27 35 8301 4
4 30 5833 3
18 32 7854 1
4 20 7787 3
20 32 9033 2
3 22 9518 1
23 29 6017 3
3 28 9799 4
21 33 2261 1
14 22 854 2
14 17 1552 2
4 16 3157 3
31 33 204 2
19 30 3015 2
1 29 2535 2
10 35 3700 2
15 32 5285 2
1 20 3650 2
3 11 6425 2
29 32 6981 1
6 22 761 4
11 17 507 1
3 21 6597 2
7 16 9185 1
10 14 4778 2
15 25 5445 1
13 29 6621 2
11 26 1756 3
1 18 7763 4
22 23 8168 4
9 12 9604 4
2 3 152 1
2 31 7664 4
3 19 5571 1
9 31 5681 1
8 13 7347 4
19 27 7885 4
4 15 7588 3
22 34 7795 4
2 21 9838 3
13 22 3338 2
21 23 5669 2
16 17 5808 3
8 34 2747 3
10 26 1128 4
23 26 114 4
7 35 6980 3
13 30 7782 1
9 34 3323 2
10 15 8013 3
3 27 1024 3
14 33 6527 1
13 14 1449 2
16 28 5595 3
13 19 9631 4
18 33 7956 4
13 25 5851 3
33 35 4369 1
19 21 7634 3
28 34 5348 4
20 35 3649 3
8 29 6285 4
15 24 3638 4
1 7 5771 1
8 10 9713 2
2 26 9163 4
8 23 8735 3
7 31 4668 2
3 6 8329 1
18 22 209 2
20 29 1116 4
20 26 7541 1
21 24 4894 2
11 14 6944 1
4 5 3019 2
15 31 9233 2
9 29 5969 1
23 34 3825 4
18 24 2515 4
2 19 9397 1
6 23 4061 4
9 14 8831 4
13 28 4148 3
7 26 2934 1
1 16 9032 3
1 22 9034 3
21 22 8886 4
8 26 6694 3
17 26 4847 1
18 27 8537 2
12 21 5517 4
2 24 9753 2
25 28 1952 4
11 29 6481 3
9 23 7636 1
17 22 9859 4
1 26 7005 2
4 11 3219 4
12 34 4528 4
3 29 9975 4
18 34 4553 4
8 35 9006 4
6 21 7772 1
12 14 5733 4
25 30 7698 4
12 18 1320 3
3 10 3575 3
35 36 5735 1
19 29 1499 1
9 21 3679 4
25 31 7232 1
16 19 5716 3
5 25 4100 4
3 12 5533 4
8 11 1184 4
16 21 2144 4
6 24 8412 1
2 30 4894 1
10 22 3377 3
20 23 6927 2
13 26 4895 3
5 13 805 3
25 32 2655 2
5 32 6587 3
15 34 3811 1
1 31 3902 4
4 9 4231 2
20 24 9608 4
16 25 8842 1
12 15 1026 1
26 29 178 2
24 32 4684 3
12 32 5240 3
31 32 9484 3
16 24 9016 3
7 17 9428 3
4 27 5633 3
7 34 7808 1
12 35 4913 2
23 31 9682 1
11 20 7562 4
29 33 2396 3
9 25 411 1
36 39 2234 4
6 13 9142 2
11 19 4319 1
2 8 8349 1
31 34 8040 3
1 33 1431 1
11 22 3889 1
21 27 8647 4
1 9 1089 4
30 32 2668 4
3 24 714 2
9 24 9760 3
19 25 3600 2
22 35 2470 4
8 30 2363 4
10 23 9996 2
1 21 8228 1
7 18 6148 3
15 35 3639 2
16 30 6964 4
22 30 970 1
23 28 6046 2
5 17 2889 1
7 12 2157 2
20 22 2754 1
11 34 5220 2
17 25 9039 3
5 14 1989 2
1 34 6526 4
12 28 2002 2
32 34 1473 3
25 27 780 2
2 6 2947 1
19 34 7895 1
11 28 734 3
10 18 800 3
4 7 2107 2
17 20 9583 1
21 25 6110 3
5 30 1618 3
15 33 4759 3
12 20 4088 3
3 26 2275 1
12 31 6170 1
23 27 7142 2
16 29 3837 3
2 7 9628 4
5 15 3580 3
1 10 211 2
2 35 8757 3
12 19 7459 3
7 21 4995 1
19 31 6960 2
26 31 1165 4
1 35 6398 1
1 17 3343 4
12 16 8889 2
3 8 8479 4
10 17 8721 2
2 16 1219 4
29 35 2605 4
31 35 7611 2
3 13 9336 1
15 17 4529 1
1 14 445 2
5 35 1766 1
10 12 1458 2
8 25 6245 1
4 32 4407 3
24 28 1184 2
30 34 5409 1
8 17 5441 3
1 6 5560 2
6 34 4171 3
9 17 9558 3
37 39 4317 3
3 32 7415 2
14 29 9416 4
6 29 8750 3
21 26 9433 2
13 23 8380 2
22 31 5154 3
3 15 2985 1
13 20 6147 3
14 24 1003 3
4 17 1212 2
17 31 8026 3
4 34 23 2
21 28 5134 4
24 35 1008 2
8 21 2373 1
12 33 1333 2
18 35 9312 4
32 33 8440 3
13 17 3331 4
7 20 7522 1
28 32 3465 4
7 22 6705 1
23 25 6091 1
4 10 1680 1
27 34 6714 4
18 30 646 2
15 29 4166 1
5 19 3648 2
19 32 2915 1
3 30 5282 2
19 26 3516 3
2 29 196 3
9 20 4430 1
22 33 5345 3
4 35 3134 4
3 35 3015 4
32 35 1657 1
2 4 4778 3
7 27 4131 1
15 26 7199 4
15 30 6533 4
17 23 3846 4
15 28 5075 1
14 34 4144 4
20 34 2843 2
27 32 8123 4
22 29 3093 2
14 23 1357 4
1 12 6215 4
20 25 1373 3
3 31 4564 2
24 31 1519 1
6 27 2833 3
8 14 2659 2
10 19 1637 3
21 34 1335 4
2 23 6005 2
18 21 7056 4
23 35 7769 4
6 19 6114 4
5 31 5280 3
7 15 8023 4
2 32 6938 2
16 31 3149 3
25 26 5222 1
3 23 9046 3
36 38 2963 4
36 37 4857 1
17 24 4497 1
2 12 9683 4
27 31 1922 1
7 28 1151 1
20 28 8141 4
2 10 747 3
10 13 3697 1
5 28 4606 2
11 33 411 2
15 22 2128 2
9 19 1970 2
2 22 6847 1
16 32 4821 2
15 19 2117 1
5 7 7142 4
13 34 4833 4
18 31 5557 1
4 25 6707 3
38 39 7406 3
10 29 9401 1
22 24 6747 4
11 24 5107 3
1 28 8772 3
1 11 4962 3
15 16 9296 2
17 34 5543 4
16 18 2983 4
2 17 5079 3
4 6 8765 4
3 18 3318 2
19 28 5849 4
17 28 8472 1
25 33 6010 4
16 26 8275 2
24 29 2565 3
1 8 3671 3
11 12 8753 2
9 27 4667 1
13 33 3061 4
6 26 8747 1
13 16 3572 2
6 18 5875 2
26 30 2374 1
4 12 7118 2
3 14 8860 3
3 7 1160 3
2 25 9006 3
20 27 8128 1
2 20 1472 3
2 13 3594 3
5 20 9007 1
24 34 7175 2
5 10 5587 2
11 13 1394 1
4 23 1412 1
12 26 1817 4
7 10 7120 3
5 18 6185 3
22 26 6025 4
9 30 2569 1
21 35 817 3
16 20 4384 4
7 33 5620 4
21 30 1618 2
6 16 3049 2
10 33 2675 3
1 2 6812 2
4 13 5448 2
15 23 4409 4
17 30 4143 1
3 20 4592 2
25 29 1840 4
14 16 2442 2
28 31 1803 1
6 15 1639 4
4 18 7459 2
4 14 1499 1
19 23 6823 3
3 33 9839 2
17 19 683 1
7 32 3376 3
7 19 9575 4
13 31 5859 4
23 33 9062 1
30 35 1694 4
13 15 4366 4
2 33 3865 3
1 27 6188 4
12 30 2936 2
4 28 9642 3
3 17 5566 2
22 28 5969 3
4 31 1869 2
14 18 1358 1
26 34 2481 2
26 32 3514 3
14 27 5916 4
8 20 4572 4
18 23 7138 4
6 30 4389 1
19 22 2812 4
5 9 9610 3
10 11 3150 3
16 34 1156 1
3 34 6511 4
5 24 102 4
6 33 200 2
2 5 2336 4
7 8 3952 1
5 27 9491 4
6 14 1253 1
12 13 1393 2
25 34 941 3
9 18 5738 3
12 23 1709 4
11 27 4173 4
2 34 4365 2
6 11 4129 4
12 25 7805 1
17 21 7371 2
6 10 929 3
8 12 1505 3
11 23 3422 4
20 33 7796 4
1 13 7458 3
3 5 5395 1
5 21 5798 4
11 18 1871 3
24 33 4364 3
16 22 8592 4
17 29 3874 2
20 31 2145 1
3 9 3711 2
13 21 8643 4
11 25 4086 1
6 20 4744 3
24 27 3636 2
13 27 7630 3
4 19 974 2
7 23 1779 4
8 9 953 2
7 13 2385 1
14 35 7945 1
4 33 1066 2
9 15 5417 4
8 19 1390 2
9 35 7900 2
15 20 1858 3
3 25 3665 4
18 25 5783 3
24 26 496 2
2 28 8663 2
18 29 5250 4
12 29 5784 1
5 23 2666 1
7 11 956 3
9 28 7475 4
5 22 7116 2
3 4 5333 3
29 34 2773 1
14 28 6557 1
12 24 440 1
11 32 6961 1
28 30 1716 2
21 31 2146 2
1 15 9028 2
5 8 8273 4
4 24 2777 4
8 24 6832 1
25 35 3240 1
26 33 5436 4
22 32 2436 1
5 12 919 2
17 18 976 2
29 31 6817 2
8 18 5339 4
33 34 958 2
13 18 9552 3
12 22 7070 1
14 25 160 2
9 16 3744 3
1 3 9210 1
2 18 3677 2
7 24 6360 4
8 28 6774 4
18 26 2384 1
17 27 2338 2
37 38 6946 4
28 33 1269 3
10 21 6729 4
20 21 1861 4
10 31 849 2
28 35 1065 4
1 24 2144 2
5 11 5990 1
16 33 5928 2
10 27 2245 2
2 14 8724 1
19 20 3480 2
9 26 1027 1
7 25 8218 3
26 28 9009 3
28 29 242 1
6 28 1512 1
9 33 3572 3
15 18 9433 4
14 15 271 3
22 25 4925 2
16 35 3200 2
11 15 1678 3
1 4 7017 3
20 30 9189 2
23 32 9092 4
11 35 8810 1
30 31 209 2
23 24 1451 2
6 35 2764 4
14 32 8845 2
16 23 1779 1
5 6 7141 4
19 33 4206 2
14 26 6248 4
9 32 8294 1
16 27 6678 4
11 30 4552 4
5 33 4710 2
6 7 1503 4
11 21 9752 2
26 27 8787 3
7 9 9739 1
13 24 537 4
5 29 1805 4
24 30 1809 3
4 8 8327 4
7 14 175 3
14 21 9329 2
22 27 2847 4
2 9 3246 2
3 16 8891 1
2 15 170 3
1 32 7616 2
5 26 2014 2
11 31 9711 4
14 31 3158 4
4 21 5843 3
1 23 6646 4
6 12 9788 4
27 29 5979 1
4 29 2592 2
6 31 4025 4
6 17 6095 1
2 11 9074 4
4 26 9017 1
10 32 964 2
27 28 2525 2
5 34 5508 1
7 30 8935 4
39 40 5746 3
10 34 1718 2
6 9 211 2
8 16 5359 2
1 5 8521 3
6 8 4200 2
21 32 8336 2
15 27 7611 2
11 16 6026 3
8 22 9626 3
7 29 1063 4
24 25 8636 2
8 33 2228 4
26 35 9899 3
8 31 6868 3
21 29 9981 4
4 22 5784 3
13 32 3091 1
18 20 4998 1
17 33 4136 1
9 22 6195 3
8 32 1920 1
17 35 8870 2
6 25 1199 2
7928 1169 1778 2098 