50 423 5
14 30 54545 1
27 28 44197 5
1 5 1822 2
25 29 75185 1
1 2 12640 4
17 21 72934 1
16 28 83558 1
21 27 85562 5
1 8 23742 3
14 15 10677 5
14 33 57978 4
15 34 90001 3
1 3 16489 1
19 28 56905 3
18 27 51135 5
13 21 90024 1
17 23 16062 1
45 48 63964 1
21 25 82538 4
49 50 19332 5
25 32 26317 4
14 24 1939 4
16 22 32889 3
15 24 95331 4
14 18 54731 4
8 11 85582 3
6 12 27018 4
14 35 10042 2
22 30 15349 4
6 8 99456 4
24 30 48501 4
26 30 27253 1
39 49 94494 1
22 24 94952 1
22 32 47560 1
31 32 80252 1
16 21 80982 1
48 49 97284 2
23 27 93344 4
24 25 48281 5
13 31 80381 3
3 9 35112 4
39 41 39708 4
24 33 10104 3
33 35 67408 1
32 36 12728 1
14 20 30590 4
15 28 27552 1
26 36 33209 2
25 33 12346 1
18 28 20652 5
40 44 63691 5
20 24 37134 4
20 34 62722 4
17 26 19136 3
18 33 99061 4
20 25 46261 1
30 33 97255 2
3 6 19717 5
14 17 31777 2
5 6 91539 2
17 19 7880 3
17 34 57546 3
22 36 39052 2
13 32 57394 3
37 48 42613 3
22 31 88300 3
4 8 63508 5
26 27 83165 5
39 45 84831 2
39 44 95760 1
15 22 10364 1
10 12 61766 2
1 12 68767 2
4 9 41623 2
13 28 71606 2
4 7 77369 2
25 34 89009 2
15 35 78255 5
28 36 84164 4
37 39 42034 5
40 43 79370 4
31 35 3305 2
43 47 89836 5
16 27 46956 2
44 45 60163 5
20 21 54816 2
32 33 1200 1
20 33 99337 3
30 34 54562 5
23 33 91723 5
41 42 46667 3
18 30 97805 1
22 34 17378 4
22 23 71579 1
16 31 93711 3
30 36 94372 4
22 29 60332 4
24 35 4397 1
38 42 66075 5
28 31 54026 4
15 29 31599 4
6 7 33797 2
19 31 30849 2
7 8 24162 3
27 36 1102 3
10 11 70116 4
45 46 25988 4
13 33 49613 5
17 31 15075 1
41 49 22430 4
14 26 77969 2
13 15 12237 3
25 36 314 2
21 24 7853 5
43 45 48609 1
15 21 66068 2
21 33 10958 1
16 19 8602 5
26 33 41149 2
34 36 53203 1
38 40 86686 2
14 25 34550 2
2 10 32558 1
41 43 53043 4
22 28 78106 2
17 36 40768 4
15 27 36327 1
19 36 46894 4
5 7 60689 2
2 3 16860 1
23 28 50393 1
19 30 91399 1
14 31 95241 1
22 25 17037 5
15 17 95555 3
45 49 25221 4
37 40 90987 3
21 34 13230 1
18 25 56181 5
22 26 25639 3
28 29 61201 1
18 29 50306 2
41 47 41749 3
15 25 53424 3
26 34 35487 3
16 30 69177 4
24 34 56787 5
23 34 8181 5
14 32 58388 4
29 33 40776 3
22 35 20717 4
39 46 49996 4
16 36 94912 3
14 29 74270 1
18 26 33031 2
25 30 61169 5
42 45 93630 3
6 9 6945 3
39 43 32870 3
13 22 7343 2
41 46 17973 2
20 26 93053 5
14 16 9663 5
19 32 57026 2
20 30 16094 3
18 35 90665 3
13 27 39421 5
13 23 51647 4
25 26 55962 5
37 42 67368 2
23 29 82208 2
16 24 96785 3
43 46 22361 2
20 32 97196 5
21 35 12734 4
16 34 60605 4
32 35 69777 3
21 29 45069 2
24 29 55043 3
20 22 13042 3
11 12 59613 3
21 26 91709 3
31 34 41420 5
42 47 86560 3
45 47 88734 1
19 23 99508 3
13 19 89441 1
5 9 207 5
4 11 80379 1
30 31 57404 3
6 10 61267 2
13 14 197 4
40 48 91066 5
13 34 21926 1
37 43 25581 2
17 25 59192 2
1 4 19162 5
13 30 78209 2
1 6 67145 2
23 26 12496 3
1 10 48389 2
25 27 74053 3
13 29 70678 1
29 32 10730 2
25 28 41701 2
9 10 95395 1
7 11 84050 4
37 49 29058 3
42 43 63742 4
47 49 51743 4
16 23 11358 1
15 18 94490 2
20 31 33048 2
18 19 28123 4
26 29 52109 5
24 28 52400 3
37 46 22573 3
39 40 90476 2
19 26 39987 1
23 35 35421 1
27 33 61798 2
33 36 88876 1
14 28 51791 2
1 9 12470 4
12 13 46869 4
24 27 6066 3
21 30 84189 5
28 35 43089 3
13 18 84124 5
38 44 64193 2
27 31 92117 5
16 33 63183 3
40 47 7885 5
16 25 80801 2
19 21 34911 5
1 7 58204 1
2 7 70477 5
8 9 2039 2
15 36 63434 3
38 47 26511 1
46 47 56261 4
40 42 21715 4
5 11 75384 2
17 27 33561 1
40 46 90855 4
3 10 14652 4
18 23 71033 4
3 8 41226 2
15 23 89218 4
38 48 26504 1
40 45 10744 3
29 30 88780 4
43 48 68591 5
31 33 8013 5
18 20 59957 2
4 5 94480 3
15 31 10025 1
46 49 81542 1
22 33 94844 1
26 32 81859 2
21 22 57652 5
17 24 33657 3
16 35 78625 2
27 29 90070 5
44 46 71289 2
4 6 52774 2
7 9 63632 3
25 31 58915 1
17 29 60063 2
17 35 20221 2
47 48 80013 1
27 30 22778 1
18 31 76249 1
28 30 5429 2
8 10 48310 3
41 44 5940 4
28 32 55428 4
16 20 61772 1
20 36 42390 5
1 11 46806 3
2 12 54734 4
23 24 80622 2
40 41 28730 3
29 34 27979 3
14 21 53797 4
26 28 58369 4
3 5 26779 3
20 35 5704 5
26 35 82308 1
19 22 56033 1
21 23 24729 3
14 23 68645 2
3 12 34968 5
44 49 68996 1
29 36 24231 1
15 26 50005 2
30 35 71760 3
16 18 94574 1
38 46 43978 5
23 30 18780 5
17 22 74667 2
2 9 45449 4
15 32 81888 2
14 22 57091 3
46 48 35859 2
15 20 30769 5
14 34 46196 2
28 33 79627 3
19 25 98582 5
30 32 49782 3
14 36 97690 1
16 17 94130 4
17 32 27636 3
28 34 37092 5
8 12 22346 3
18 36 44449 5
19 35 68076 4
19 34 6889 4
7 10 19079 3
24 36 95429 5
38 45 59856 2
13 17 70152 5
2 6 54741 3
42 46 72517 5
20 29 5271 1
17 28 87730 5
13 24 38405 4
5 8 61061 2
26 31 74336 3
5 10 79989 5
38 39 31782 1
9 11 87871 1
37 47 32779 4
13 36 22631 4
3 7 54725 5
43 44 64878 1
23 25 43576 2
21 28 23814 4
13 20 40766 4
38 43 43464 4
13 35 65337 4
37 41 59562 4
29 31 88556 4
4 10 92274 5
31 36 80117 3
9 12 32410 3
19 20 30170 5
2 4 78179 1
44 48 43796 4
2 11 38038 5
7 12 35225 1
34 35 17266 2
15 16 88032 4
24 26 43055 4
20 27 62023 2
13 25 66022 2
19 29 61416 2
18 24 95285 1
3 4 59085 3
5 12 52211 1
40 49 54698 4
27 32 57480 4
42 49 75676 4
23 31 68215 2
38 41 60725 3
17 20 68812 2
2 5 5327 4
32 34 70191 2
23 32 94103 3
39 47 89898 2
17 30 67288 1
33 34 11955 5
17 33 59132 2
3 11 43318 1
24 31 31038 5
20 23 71299 4
19 27 60906 2
15 19 12810 5
24 32 69384 2
18 32 74654 3
35 36 67711 1
6 11 74206 2
42 48 85458 4
39 42 58956 5
18 22 27696 5
16 32 55830 4
19 33 72695 3
13 16 97464 2
38 49 44274 4
14 27 62031 2
15 30 58410 3
13 26 86854 3
37 44 4662 5
25 35 92698 2
27 35 7466 2
41 45 31270 1
14 19 68609 1
17 18 84883 5
16 29 25537 1
23 36 49158 5
21 36 71590 5
21 32 10995 2
2 8 33046 4
18 21 98547 5
16 26 43468 4
43 49 16202 5
39 48 11778 3
4 12 59678 5
44 47 57639 4
37 38 45516 3
18 34 90483 3
29 35 67059 3
15 33 57713 4
36 37 48349 4
20 28 96810 1
27 34 12529 1
19 24 86441 1
22 27 87461 1
37 45 46229 1
21 31 4533 4
41 48 80779 2
42 44 12044 1
63492 35435 78499 24897 76461 