100 2181 6
17 20 951296 3
48 74 309834 3
13 30 253476 4
61 87 756552 1
7 31 999206 3
37 62 719646 2
47 65 754559 4
39 52 32125 3
72 82 223899 4
38 84 898366 3
7 19 447140 5
77 84 764337 5
15 23 234432 2
7 28 149493 1
53 84 322851 3
44 64 388204 3
96 97 432381 1
52 81 876486 2
8 33 104142 4
64 78 821103 6
56 91 803857 6
71 80 901327 2
52 87 257641 6
58 63 704894 5
40 45 551442 4
44 67 365505 1
54 70 914072 3
45 75 553629 5
59 76 138260 6
48 56 658282 5
64 81 231812 1
37 51 351875 3
48 90 163482 5
48 62 421137 2
44 80 87651 5
66 83 377091 4
79 89 21896 1
38 77 241786 3
37 57 828810 6
46 86 220756 5
47 87 654729 3
71 89 232799 3
47 89 544532 6
62 68 307985 6
54 81 729552 3
44 71 578273 2
15 30 875473 6
70 90 674505 5
68 86 450666 1
40 74 56391 5
53 72 232812 6
16 36 745202 6
54 61 349165 1
40 43 557961 5
5 11 240897 6
60 69 700679 5
38 70 445037 2
46 77 703813 5
17 26 505461 2
48 63 491340 3
18 29 177244 2
23 24 224554 5
45 79 511420 6
57 82 989932 6
41 71 318910 1
50 65 639850 5
19 34 369647 1
78 86 346766 3
10 29 883391 4
11 36 997694 1
15 34 676164 5
73 75 131015 5
39 42 867296 6
24 29 800801 1
9 15 856969 1
69 81 289864 5
64 77 407920 1
73 85 150639 3
39 86 226335 5
60 87 300578 3
54 66 192314 4
52 56 391299 4
56 72 719050 4
55 72 247359 3
46 66 506151 1
46 68 611717 3
22 25 717758 5
47 77 154728 3
15 22 934834 4
46 87 8481 3
98 99 537167 4
55 66 883719 3
52 66 621393 3
45 46 964084 2
52 86 372819 6
54 86 488092 2
8 28 867575 3
8 27 705663 1
69 74 984979 3
3 25 653638 5
69 91 150145 1
57 60 7155 3
44 48 906243 4
67 90 657117 3
72 74 286942 6
76 82 162388 1
42 46 484587 1
4 22 463799 2
52 73 733578 4
47 53 872778 2
39 74 95923 5
79 92 207111 6
5 13 737298 3
26 34 525744 3
67 78 403650 6
57 86 102005 3
50 70 47494 4
51 89 13597 5
42 86 727786 3
7 34 178065 5
7 18 820852 2
19 22 873200 3
1 25 154709 1
64 80 193340 2
44 70 965683 6
55 86 956581 2
76 87 907449 1
61 83 311908 2
62 83 461235 3
40 58 956975 3
42 70 585190 1
55 78 285162 3
68 92 32003 4
45 92 409138 4
50 58 153873 6
18 23 300803 6
65 80 355146 5
62 66 918786 2
49 73 699993 2
66 91 674490 3
44 61 271338 1
51 80 822160 3
18 24 910030 1
42 89 67455 5
13 19 120928 6
12 32 300292 3
65 88 4742 3
5 36 84767 2
73 82 669390 4
52 89 151001 2
45 61 48063 5
53 68 8825 1
14 28 276189 1
47 91 103491 1
89 92 223691 6
12 21 106320 1
54 75 756324 5
41 74 307898 3
56 61 110377 4
41 66 555658 2
48 51 352309 1
55 65 320223 1
22 24 373137 6
86 92 308088 2
63 75 284196 3
60 71 3466 2
39 40 126092 1
45 86 58376 5
87 90 997330 3
57 89 624274 4
55 75 268415 5
62 67 623563 3
43 56 251471 1
41 56 339097 2
9 33 845691 4
63 73 360145 5
37 84 33400 2
82 86 309218 4
56 71 166463 1
39 85 418064 5
52 63 15934 3
52 54 385861 4
85 92 46184 3
39 83 466835 6
42 51 409990 1
84 87 946747 1
2 23 382101 6
30 31 629706 5
50 66 824519 1
45 71 670606 6
60 84 829241 4
44 74 727736 3
47 82 647267 2
49 70 686126 1
39 50 931627 2
12 16 94737 4
1 16 182576 1
64 73 927000 5
24 32 918962 6
37 81 239953 4
72 78 896069 3
18 27 567462 4
55 89 535630 6
75 90 457856 3
2 31 954484 3
56 75 382391 6
29 36 796531 6
49 61 590886 3
68 85 904767 4
65 72 724311 4
1 29 976799 3
84 86 487526 1
61 67 335173 2
60 91 597687 5
48 52 185004 3
22 28 934400 6
23 28 438837 3
56 67 820686 1
93 95 476555 3
50 67 69412 6
55 59 684566 2
48 65 443279 4
75 81 456011 5
45 80 42672 1
55 64 461157 2
1 34 356770 4
4 35 570851 1
74 78 46868 1
53 60 55627 1
57 81 825126 5
57 79 600320 3
43 61 120828 6
52 84 244499 2
21 36 411431 5
41 57 456294 6
40 55 168566 3
39 49 571112 2
38 40 822542 1
80 92 481823 2
66 86 998617 3
39 80 357673 3
72 73 474538 6
61 85 726988 3
46 54 891464 3
58 68 825231 3
58 66 306677 2
63 82 630137 6
9 14 988372 3
63 74 866674 4
41 61 726432 6
49 72 918175 2
74 79 701604 3
22 33 929406 2
9 31 370600 2
44 60 182451 3
11 20 945035 3
44 88 855815 6
40 69 288217 4
48 53 138739 1
69 92 81876 4
56 63 889713 4
71 90 958549 2
68 75 476026 5
15 20 753974 5
46 59 606993 3
37 80 178444 2
3 10 832190 1
64 82 838432 6
64 74 571082 5
4 5 92204 5
42 56 622133 6
62 87 800105 4
57 76 856901 5
69 90 211223 4
2 4 373106 6
87 88 51257 3
8 9 609480 4
39 57 587436 5
9 23 137 3
51 65 10015 1
83 85 689292 1
19 24 649083 3
43 65 294720 4
41 77 782165 1
56 64 54019 4
40 46 397972 3
57 71 413106 5
38 68 509764 6
44 50 181637 4
1 5 575215 3
80 81 278158 1
88 92 940433 2
67 73 814390 6
54 87 900714 2
7 9 490107 1
1 13 737910 6
49 50 807240 5
68 77 730696 3
22 27 203647 3
58 82 298060 4
60 66 790128 1
60 85 719593 5
13 20 50180 1
9 30 363118 3
76 88 841458 6
57 75 303106 5
38 90 88791 3
64 69 955417 3
14 35 922138 6
1 17 234596 6
56 58 944445 5
37 55 381777 1
68 72 32497 1
20 32 338154 4
58 78 910944 5
42 91 601083 2
46 48 628054 3
20 26 83470 5
40 82 253105 2
63 66 240642 4
31 34 687641 4
59 81 385713 5
79 83 249812 4
58 74 939452 6
48 59 193501 2
12 15 879798 4
17 31 623564 5
43 57 986332 3
21 27 32462 5
47 49 801604 2
47 75 813906 2
39 67 404185 2
32 33 496971 4
77 79 639138 5
49 81 119783 2
48 60 569397 3
37 86 862771 2
5 19 629204 2
57 61 494163 6
48 75 300291 4
40 48 112563 6
45 69 427701 4
39 61 696311 4
44 87 271107 5
65 89 149000 3
69 84 295392 1
38 79 72865 1
55 73 858069 6
1 6 594464 5
59 71 339366 4
66 89 190354 6
56 82 955425 5
82 85 31669 1
68 88 453102 1
53 75 480488 1
20 29 944001 5
62 78 47199 5
56 79 752205 5
42 50 790943 6
17 18 119304 1
52 62 277354 5
64 92 38272 5
41 75 321838 6
13 24 484304 4
41 45 127660 2
2 10 580794 2
63 76 405983 4
60 92 211319 2
42 81 872405 6
64 85 581231 5
8 12 226697 5
38 50 723981 6
21 28 795183 6
48 69 259649 1
43 63 4995 6
9 21 112194 3
30 32 749183 1
10 12 966976 1
37 68 980133 5
62 71 879598 6
57 80 359641 4
46 60 975790 5
8 21 398960 2
72 75 292503 1
69 79 143392 6
52 69 771496 5
46 69 824662 6
9 11 201030 2
3 11 19820 3
41 47 789962 3
68 78 453864 4
89 91 471680 1
65 76 677408 1
61 63 646656 1
47 66 146351 2
60 81 67948 4
29 34 537460 6
15 32 865499 5
6 25 524454 6
53 73 849145 6
31 32 534720 3
49 77 5040 3
53 91 448201 3
66 84 130708 5
19 32 480974 6
7 14 15496 5
1 9 966750 3
17 23 582340 3
41 44 143963 2
80 88 642973 6
16 17 7884 6
53 86 472439 6
81 83 451254 3
59 62 6892 6
12 17 864707 4
50 71 839856 3
22 34 746058 3
56 69 31347 3
64 68 216073 1
43 82 913281 2
38 69 406312 1
40 54 338739 2
56 68 789974 4
37 44 217450 2
4 24 753967 5
50 53 419128 5
56 76 585326 3
56 60 494233 1
83 87 232879 1
37 82 254595 5
38 87 173328 3
65 79 766432 5
28 29 954088 5
48 58 729861 3
47 90 166441 4
17 21 776394 1
42 73 150028 2
22 35 458455 6
84 90 89780 2
4 16 623378 5
65 73 619298 6
36 37 978017 2
40 60 6410 1
48 87 740588 3
70 92 593000 2
22 36 801404 4
18 31 737745 4
39 84 431227 4
44 54 742877 2
6 27 31421 3
38 83 419906 6
47 85 309824 2
4 20 195034 2
56 59 476661 2
46 55 838375 6
41 86 77636 1
44 51 48055 3
70 83 222614 3
73 86 8539 2
53 55 405040 4
47 81 232060 1
75 83 46943 2
15 19 881346 4
75 91 299665 3
1 3 902109 6
78 83 569909 1
24 30 577988 5
24 35 916441 3
20 27 415637 2
51 68 679640 2
16 30 444857 4
38 41 554136 1
48 72 914920 6
54 84 636691 1
62 84 733204 2
51 84 806093 4
1 21 402848 2
38 46 867652 2
9 34 463056 2
39 65 985739 2
79 91 508516 3
64 84 247165 4
13 21 497898 4
53 59 864827 1
38 75 494854 2
72 79 577882 5
1 7 742257 1
49 76 376966 5
4 7 499752 1
76 78 302928 6
9 20 668891 5
59 85 147950 1
47 52 545172 6
58 60 383678 5
55 62 802115 5
4 17 871950 6
11 14 759791 3
86 90 137115 3
52 72 188088 1
81 89 155184 4
66 90 252898 3
74 83 167452 4
47 48 707476 4
54 73 516440 5
3 30 81785 5
19 23 650987 6
14 25 815420 1
59 69 624191 6
42 47 818538 4
44 46 411648 6
39 44 122133 6
39 81 974059 3
90 92 852474 3
70 86 129563 5
47 56 462934 4
46 57 189173 3
57 68 389415 3
61 90 41078 1
10 32 441452 3
30 35 435703 1
79 88 646781 4
37 78 649382 3
22 32 858248 1
52 74 128553 1
40 61 753795 1
86 88 781529 5
29 35 53765 4
7 22 256420 4
14 34 683796 4
58 65 486444 2
37 74 365593 2
10 25 806075 5
49 82 754896 6
7 17 177775 1
58 77 97810 3
2 12 419601 6
5 17 634464 4
10 19 984461 2
73 89 586025 5
40 68 609286 2
51 61 322150 2
42 43 706830 2
4 34 85822 5
63 68 707196 3
26 27 635915 5
71 87 954050 2
77 85 173887 3
53 56 737445 6
61 72 698568 6
43 44 311057 5
27 33 463827 3
5 32 186381 5
72 85 531492 2
58 90 14894 4
41 48 984763 5
22 31 275058 2
65 70 449878 2
50 80 938811 5
51 78 967702 3
75 77 344964 4
55 76 172698 1
25 28 229389 2
41 54 510304 1
5 9 347467 2
28 30 537335 6
46 47 475175 5
62 64 355647 5
40 41 523402 1
48 85 29910 6
76 92 245389 5
87 91 249812 1
83 91 740061 2
51 54 636124 3
48 89 625050 6
55 91 156260 2
66 75 923367 1
8 14 373251 4
37 92 44353 5
38 60 664737 2
52 90 721762 1
8 23 22954 2
18 32 511217 5
43 48 768076 3
48 73 86442 2
25 33 158100 2
9 17 771319 3
8 10 549882 4
40 85 57052 6
46 82 300376 6
19 28 192425 4
8 32 448339 5
47 73 759881 1
46 89 606741 4
25 34 698789 2
54 89 344115 4
19 21 870592 2
56 81 16641 5
5 15 176266 1
78 88 88718 3
64 83 599297 1
7 15 905186 6
48 91 315370 4
38 51 70266 6
74 90 106830 5
39 66 971060 2
54 60 215313 1
6 21 710699 4
68 90 852806 6
57 78 942247 2
49 62 108477 4
76 80 470434 4
56 83 661401 4
47 67 806623 1
11 33 314837 6
59 67 363571 3
45 58 947660 6
44 63 204412 2
3 22 162893 1
29 30 601398 1
39 68 721140 2
4 6 78854 4
11 17 510592 4
20 36 780332 2
3 6 633160 4
48 86 913973 5
58 86 85720 2
38 65 889363 3
45 72 199778 5
75 80 23154 2
5 14 331856 3
76 86 462931 5
8 18 604109 3
3 16 869267 6
14 20 862978 1
56 88 444440 1
6 16 319701 5
52 59 587325 2
53 79 331344 2
42 84 2633 3
49 68 769252 1
45 47 966436 6
70 73 835251 3
69 73 505219 4
58 62 313602 5
6 36 296169 2
65 67 349005 6
50 92 382387 3
43 75 854997 4
66 71 431050 2
81 84 878050 5
54 79 759830 4
50 73 920316 3
45 49 369879 1
61 91 377299 3
11 34 160917 1
1 14 194929 1
7 35 958307 2
48 83 676957 6
52 70 973753 1
53 54 327027 6
44 81 918198 5
69 82 786618 3
6 23 924243 6
48 76 971587 4
39 60 978158 6
37 87 158201 4
69 78 110849 2
41 82 933273 4
45 73 270019 1
37 49 109225 1
38 61 748621 3
22 23 756632 5
62 74 587655 2
68 81 464079 6
42 92 802224 1
51 59 272181 1
3 13 164790 5
57 66 605684 6
48 71 312029 6
58 92 350924 3
63 90 623736 4
49 78 631065 2
82 91 931165 5
73 88 273358 3
55 92 992299 4
83 84 291707 5
60 70 592228 2
64 86 631611 1
56 57 269096 3
67 68 759838 2
21 29 189619 5
38 49 271193 5
74 85 475997 5
61 71 493136 1
48 49 155915 2
73 79 709536 5
23 34 798030 1
32 34 413421 6
69 86 457819 3
23 32 513457 5
45 63 134813 4
64 67 368897 2
55 80 714306 2
71 75 936819 1
5 35 762671 5
3 29 578578 5
45 59 85219 2
13 26 623874 3
59 89 119930 4
71 72 321545 3
9 16 488003 4
42 83 852843 4
46 90 132322 3
16 34 297839 3
5 18 643718 3
45 56 867586 1
4 33 230921 6
53 87 519569 5
58 72 772901 4
38 52 361944 4
63 89 26778 2
60 75 698051 1
59 78 317410 6
38 91 521082 1
68 84 540654 6
53 65 649772 5
72 86 425921 5
34 36 250503 2
49 79 936277 3
58 61 24154 1
14 22 436159 1
82 92 614962 5
57 70 941859 6
73 77 144430 4
38 78 818168 2
45 54 80451 2
39 54 392032 2
23 27 449873 5
14 16 519575 3
5 24 239018 6
41 63 339036 4
5 34 185973 1
60 73 528280 5
6 13 784430 2
65 69 43361 3
39 78 186176 3
59 84 52225 4
65 75 144980 5
92 93 729063 5
53 70 971677 3
41 76 921509 4
15 35 899180 5
84 89 768141 4
64 91 17839 1
43 54 548741 4
25 31 218139 6
3 19 912704 1
40 67 356414 1
8 22 402322 5
72 77 620178 4
78 89 169721 4
42 49 857475 1
30 36 92968 1
16 31 439679 6
43 81 815148 3
61 82 925779 1
56 80 937919 4
50 62 763423 2
71 77 39116 4
49 66 97166 1
71 91 255461 4
37 70 738456 6
12 23 85080 1
48 88 324491 3
72 91 241947 2
82 83 428859 4
18 33 156522 2
18 35 287212 1
2 30 989880 1
63 79 613157 1
60 64 976653 6
65 90 470558 1
70 91 235271 1
41 72 679997 5
5 16 970790 4
15 21 937736 2
44 79 536303 4
42 66 398139 3
51 72 271913 1
41 53 515187 5
77 87 467166 2
2 17 377023 5
39 76 229127 2
40 49 330954 4
39 41 763538 3
45 84 345839 2
51 81 30941 3
64 79 749574 6
8 29 25450 2
4 23 570052 3
45 52 414374 4
11 13 192896 3
62 63 657266 4
42 68 332769 1
41 73 830054 4
16 29 969610 1
66 74 192390 1
37 76 643070 2
62 79 231782 5
42 54 200026 6
64 66 626053 5
50 54 211515 6
81 91 122682 6
75 84 922884 1
60 83 725897 3
12 27 245117 6
62 72 942370 6
43 90 767625 1
53 78 887844 4
50 68 710643 3
55 81 331086 1
59 70 426147 5
4 12 972480 2
41 87 14478 2
40 88 136192 4
58 73 641828 4
38 44 490521 4
20 33 73010 1
6 26 50112 6
13 32 392437 2
45 51 950601 4
61 80 534498 5
14 32 459683 2
46 73 561680 4
44 92 139563 6
2 19 669498 5
2 16 822337 3
3 18 980530 6
40 76 291291 1
43 59 575862 1
59 90 857750 1
12 33 556967 4
50 91 931923 2
53 90 991805 1
21 24 84129 6
43 68 185482 1
7 13 931200 4
42 71 63261 2
46 70 855697 6
79 86 864547 4
75 82 407240 1
3 17 335476 1
54 71 573704 2
41 65 692614 1
43 73 645057 2
68 91 15653 1
61 70 514644 2
8 36 632944 4
37 48 80408 1
13 35 164434 2
82 84 770948 5
53 63 227715 3
86 87 977489 6
66 82 980918 6
29 32 32532 2
15 27 899254 4
57 62 362092 3
17 22 724380 2
23 31 812081 2
9 28 884602 1
40 87 222146 2
10 34 190794 3
37 41 736764 3
11 30 264355 5
51 91 494452 1
49 74 557815 5
32 35 443398 1
63 85 555870 6
71 76 958838 3
10 30 765799 4
5 33 588133 2
12 13 180909 2
9 22 355542 2
37 83 94862 6
4 19 667825 6
67 87 947411 6
62 75 694126 4
37 91 717597 3
70 88 975062 4
2 20 630924 5
64 76 324093 3
52 68 904457 3
16 21 466849 6
78 87 364014 1
16 26 733687 2
46 78 967030 1
52 75 169875 3
62 85 451171 5
45 82 603645 1
42 78 218577 2
49 60 42497 1
63 78 126890 3
59 72 55190 6
38 81 352610 6
12 14 990964 1
63 88 91214 2
37 73 209330 6
14 19 887933 3
44 58 305408 6
11 12 547805 4
50 79 918201 1
67 80 529328 1
22 29 89916 3
65 77 286109 5
6 7 919983 5
2 21 6656 5
71 81 230142 3
14 33 649227 4
67 82 313735 5
13 23 551361 1
18 25 762729 1
37 85 915058 4
37 45 480022 4
1 22 773735 4
41 52 933820 4
42 69 589271 1
59 87 601447 4
37 90 784144 3
74 75 661011 4
19 20 473410 5
2 9 615984 4
38 82 676539 6
6 14 436895 4
49 55 310544 1
12 34 276507 4
65 66 472813 2
2 25 924210 4
18 19 911282 5
57 69 694165 6
64 90 657115 2
12 26 205115 1
9 18 625221 4
16 22 415600 3
76 83 966587 1
62 91 443577 5
26 31 259922 1
21 32 732178 6
63 77 800161 4
81 85 303230 5
76 91 448802 1
53 92 838455 5
38 67 877194 3
40 80 66803 5
66 67 878989 2
60 65 280665 4
6 35 872505 6
11 15 170911 6
37 65 215610 3
54 68 710663 4
65 85 275239 1
35 36 199959 3
40 65 918459 1
11 25 424368 5
65 74 671712 1
47 55 481132 2
42 75 182710 2
77 82 312505 4
74 86 808056 3
16 35 105449 5
38 39 752569 4
78 81 222761 1
79 84 692403 4
9 24 394232 5
49 84 185052 6
51 66 209287 5
9 19 788373 3
2 7 421651 2
80 85 490141 1
43 91 614045 2
39 43 219812 3
43 67 94556 6
61 73 358949 1
42 65 566680 3
79 85 465928 3
61 69 551464 6
51 73 645624 4
40 81 762263 5
1 28 742209 4
61 76 490524 6
52 71 970009 2
41 70 960026 5
43 55 618633 5
12 20 178573 6
69 75 753843 1
46 56 4794 6
43 85 542692 6
71 79 401349 5
54 78 204187 4
49 80 548034 1
20 23 158879 4
21 26 564655 2
4 31 818106 6
23 35 705989 2
10 31 636466 4
45 76 170614 4
52 79 89932 6
58 89 280666 2
52 76 247700 2
11 16 549279 5
51 62 233335 4
39 63 332365 1
13 15 304302 4
9 13 471332 4
38 73 539331 6
46 52 198288 2
70 78 326159 2
3 21 69342 4
20 31 796389 2
49 83 736212 5
74 76 711782 3
8 13 407240 5
12 31 457501 3
59 66 285769 1
39 77 101604 4
57 85 556982 1
56 74 905355 3
46 76 842643 1
39 75 228648 3
23 33 684856 5
64 87 229508 1
55 90 932889 1
71 83 768785 6
53 77 311029 6
60 86 21904 1
55 77 149392 2
15 28 311967 1
6 32 184099 3
68 82 190301 6
82 88 568953 4
60 61 466222 5
13 25 127478 5
9 26 160852 4
67 77 737837 4
5 25 69983 6
61 74 86445 2
59 86 487977 5
62 90 713032 5
48 78 920988 5
49 52 702582 3
54 83 990181 1
53 82 357022 5
42 67 189712 1
4 27 191681 6
2 3 507548 1
30 34 636187 3
6 24 212273 1
20 34 808052 1
47 69 989427 1
53 76 343618 1
86 89 271959 6
40 50 20299 5
46 85 636808 2
58 87 410961 4
70 79 666971 5
3 20 893212 3
54 72 518469 6
51 76 391074 6
39 91 910003 6
19 36 476649 1
82 89 427748 5
73 92 139944 5
1 27 335866 6
64 65 802918 2
51 70 782224 1
41 88 147838 5
41 62 552015 2
47 57 96463 6
70 71 58141 2
63 86 96810 6
52 53 455731 1
53 57 637352 2
45 91 971337 4
14 15 113065 4
75 87 394065 3
43 46 34727 6
48 70 141566 4
76 84 642040 3
71 85 726522 3
88 90 915483 2
49 65 482059 3
44 65 63028 3
58 67 721385 3
58 81 900655 3
66 76 492887 1
72 80 386298 2
54 77 11909 6
3 8 454910 2
5 21 200979 5
80 84 380024 6
37 53 688318 5
52 60 772528 1
37 61 892073 5
40 72 125735 4
93 94 991276 2
20 21 689327 2
39 45 160810 3
48 82 295524 6
44 78 817022 1
59 92 821324 2
47 59 824 4
40 63 511038 1
65 81 411387 2
68 83 628186 6
5 31 880091 3
12 28 626282 4
45 48 536069 6
37 71 390698 4
50 90 889932 1
3 14 534141 1
59 77 477967 2
1 23 129029 5
50 75 670603 2
43 79 976396 1
41 55 354896 1
52 78 486462 6
14 27 697326 4
14 24 784082 2
68 79 131108 1
46 80 617673 3
10 14 409146 6
37 63 534454 6
66 81 924672 2
62 86 627080 6
84 92 671573 3
2 22 304965 6
65 68 140728 6
68 73 105280 3
55 85 644455 5
65 84 170313 6
48 84 306542 3
39 72 678224 2
63 71 549948 6
41 43 74117 1
66 92 894480 4
6 20 724077 1
12 18 211038 3
73 74 79746 4
21 23 739045 2
8 34 631446 3
41 50 898263 3
10 17 688513 5
38 56 928182 2
47 86 553632 6
11 21 840460 2
18 28 27726 5
75 88 410725 1
40 53 613179 6
71 86 354886 1
59 74 248428 3
72 83 604780 1
69 72 775212 4
73 83 125726 1
62 73 630144 1
38 42 594353 3
5 23 38187 1
65 87 944008 5
70 87 869311 1
67 75 105313 1
34 35 305800 6
19 29 551963 5
79 90 561996 1
12 24 109859 1
39 47 907883 4
57 87 211644 2
55 83 721305 2
45 53 178793 2
33 34 994686 2
75 92 131461 4
54 67 754404 6
38 63 446664 5
39 82 539827 5
60 78 48214 1
70 72 521960 3
1 32 125979 3
66 87 258460 1
54 55 712443 2
59 75 577336 2
20 28 542428 5
80 86 736378 4
74 80 484613 4
55 61 620682 6
45 50 308574 6
81 92 454409 4
47 62 104180 6
48 66 257196 6
58 64 866730 6
1 12 968398 6
54 74 464480 6
61 78 611165 6
95 96 316537 3
2 32 689450 6
2 15 90505 4
19 25 802993 4
67 89 607376 2
49 71 192930 1
59 68 748901 4
52 55 985042 2
52 64 420572 2
50 55 866615 1
39 73 921455 4
43 69 579 2
74 89 270791 6
64 88 454967 5
60 67 293106 3
59 88 689142 2
17 28 72148 2
44 76 765681 2
40 44 778769 5
6 12 552093 1
6 33 233158 1
51 56 978015 2
1 4 759385 4
54 69 150112 4
38 47 577783 5
41 90 41566 2
57 83 394727 2
22 30 723299 2
50 57 12228 6
51 55 804251 6
79 87 15781 1
62 82 872347 6
78 92 460099 5
68 71 525451 4
85 89 991722 5
50 86 823340 2
38 48 813644 1
19 26 933644 1
4 28 818476 4
55 71 586743 4
24 25 940082 1
42 90 624125 5
43 52 183949 3
4 26 488867 4
74 77 441729 4
59 61 304468 6
21 25 601019 6
5 26 522099 5
49 92 203360 3
45 70 478690 1
49 85 265883 1
13 28 885383 6
51 87 740200 5
53 88 8104 4
8 15 724016 2
26 30 406280 5
5 22 345995 6
56 66 853702 4
16 19 557048 2
67 84 609419 1
2 24 708751 2
13 34 501839 4
21 31 911638 6
14 26 817097 1
73 87 582675 5
9 36 453539 1
21 30 379088 4
7 12 128655 1
73 78 484893 3
39 88 606176 1
69 83 922936 3
81 86 159117 4
1 26 809603 5
43 78 553845 6
37 60 551172 4
49 59 827834 6
42 55 889792 1
40 89 486276 5
59 65 244153 2
24 31 935226 2
46 71 474531 4
61 86 304682 5
1 18 875001 3
50 89 773719 4
5 28 112696 3
46 84 318346 5
6 29 169861 3
55 70 904277 3
11 19 262828 3
63 83 261029 2
23 30 79547 1
8 25 938473 2
7 24 536438 3
41 85 161584 6
7 16 228837 3
58 69 16863 3
4 18 817594 3
25 29 963129 3
28 35 410083 2
21 22 762295 1
10 15 289202 2
6 18 482423 1
6 15 994842 2
28 32 625569 4
39 51 124213 4
44 86 947882 3
56 62 917925 3
4 30 452840 3
42 80 202333 4
16 28 186355 3
42 82 207582 6
86 91 735485 4
40 77 580833 5
43 45 893214 1
25 26 537744 3
54 92 801213 3
6 9 898155 2
3 7 507852 2
50 64 909046 3
61 64 96528 6
91 92 830893 4
17 19 626297 4
72 84 176704 1
55 84 359100 5
60 82 491411 1
4 15 756035 2
46 92 590633 5
67 72 402521 4
68 70 503068 5
65 82 154695 3
47 74 318937 5
42 45 549268 4
45 68 600552 3
42 59 189764 5
51 69 48454 6
51 67 427961 4
46 61 532162 4
56 78 289066 3
78 90 153918 5
84 88 340506 3
70 85 835758 3
42 53 246290 5
21 35 708023 3
37 89 742372 4
58 88 541477 6
70 82 887799 5
68 89 918407 3
46 65 645576 5
43 87 410917 6
42 85 393074 5
48 50 894078 2
49 87 283950 6
69 77 880553 5
83 90 364017 1
85 91 618696 5
61 88 126319 2
3 9 584607 5
14 23 762041 5
43 58 908162 6
27 30 227041 2
67 70 154178 5
49 75 159446 4
10 21 22035 3
61 79 940654 6
48 64 557787 2
65 78 175379 4
87 92 632801 4
58 75 974781 2
50 82 92414 6
37 50 62051 6
49 56 894952 2
1 15 616668 5
43 76 435013 1
47 71 85384 2
37 46 327506 1
62 69 402733 2
85 87 381880 6
55 56 980647 1
17 25 701858 1
11 26 338707 5
85 86 20996 5
4 9 292224 3
56 73 253597 5
41 42 757616 6
46 79 148365 2
17 27 558702 1
4 29 127988 1
53 62 513237 1
1 8 230993 3
47 92 805927 4
52 82 183736 6
38 43 872150 5
20 22 15461 1
55 57 658879 1
55 87 998477 1
40 52 159736 1
16 20 440444 2
40 86 664491 6
45 74 515981 1
7 29 294271 5
49 57 126511 5
2 34 888516 4
45 85 245272 4
76 89 665423 6
13 33 387430 4
73 84 47563 3
20 24 71365 3
60 77 992181 1
37 72 435939 5
71 84 71784 2
42 52 151744 6
38 71 403316 5
2 27 899304 4
48 79 660085 3
46 58 967719 4
45 83 705662 5
53 61 909400 5
2 11 483376 3
40 90 705940 1
37 77 613555 3
43 77 724612 5
41 46 278080 6
43 72 51211 3
51 63 769302 3
69 71 896966 1
70 76 918349 1
23 29 341234 1
44 45 760725 3
46 64 574042 1
15 18 475999 4
13 16 634753 4
51 82 278554 2
47 78 257841 6
48 68 623258 2
54 88 506154 3
54 63 562111 3
8 11 598517 2
60 68 814616 6
60 90 41128 5
53 80 410831 4
12 25 191457 3
77 80 332163 1
24 26 289373 2
41 89 707085 1
41 81 943452 2
69 87 516116 4
10 20 447761 5
42 72 844741 6
24 36 391433 3
43 60 611813 4
52 65 6424 6
62 80 51735 2
43 88 966419 4
46 50 900028 3
57 63 558926 5
45 60 29663 3
51 79 599851 5
23 36 572570 2
8 17 710703 2
54 80 892648 1
43 49 379550 6
43 51 817332 2
80 90 188038 6
44 73 212561 5
7 25 868771 3
50 85 659361 6
66 77 42134 1
42 88 685385 2
50 60 412005 5
40 75 85429 2
37 79 978258 1
44 77 524775 3
54 57 68780 3
1 19 774451 5
50 87 153861 5
80 87 565513 1
45 57 147701 6
5 27 399118 5
53 89 770747 2
70 80 874751 5
56 87 427255 5
37 66 256000 3
47 58 589764 4
77 81 399117 3
61 92 318815 2
79 81 196487 6
21 34 538454 4
13 36 854243 6
74 87 137011 3
37 39 258564 6
1 20 136592 6
47 51 926795 1
37 47 351068 3
41 51 516864 1
4 10 861333 6
47 63 290540 2
9 25 202991 1
60 74 801226 2
83 86 564095 5
44 84 439923 3
10 26 646016 6
52 88 90796 3
3 33 686582 3
10 36 402217 5
42 61 624209 4
1 30 337595 2
46 62 445474 3
28 34 496702 5
44 66 112275 1
51 92 443211 5
10 18 105315 3
7 30 861058 2
78 82 129224 4
27 35 703987 2
72 88 922368 5
39 90 267163 4
57 58 524254 3
70 75 382926 5
78 84 27640 3
38 88 493368 4
38 53 854365 3
1 24 612954 3
81 88 108815 2
3 27 866961 6
81 82 56524 5
52 57 941775 3
44 62 859444 3
44 47 82006 5
38 89 38071 1
42 44 199502 6
37 52 368393 1
11 22 933550 1
72 87 128925 3
51 90 164010 5
15 24 32674 2
4 8 995390 4
3 12 538646 1
44 59 478891 6
15 36 586563 5
6 28 834130 5
12 35 321561 1
37 59 545112 6
71 82 805845 3
4 32 615706 5
45 64 563758 4
54 62 925072 2
45 55 150624 1
45 62 860791 3
45 89 353503 2
47 61 474276 2
71 74 1792 3
67 92 937851 2
12 19 486153 3
67 81 462815 3
45 66 434856 5
38 80 117624 2
45 77 476481 1
52 58 584361 3
57 67 358363 3
40 92 708617 2
63 64 536190 1
50 74 907354 3
63 84 984167 4
44 89 863174 2
10 22 784214 5
43 71 626324 3
22 26 760441 5
17 36 776164 6
49 88 232701 3
57 90 718226 1
69 88 555460 2
10 13 123831 5
37 64 619097 6
56 89 242705 5
48 81 285923 6
17 29 795998 6
40 70 641147 4
17 33 16831 4
76 90 987245 6
50 51 75428 2
11 28 811699 4
2 36 632793 5
38 64 248194 4
63 91 594233 3
84 85 655489 5
67 88 976594 2
60 62 683481 4
17 30 467293 4
64 71 375978 3
57 92 644094 6
19 30 302350 3
5 8 193257 6
16 33 562271 2
50 56 331085 6
75 89 352013 3
76 79 504808 6
49 86 133084 6
6 34 288048 6
4 25 564452 5
7 23 144469 1
51 64 405579 5
53 67 985121 4
65 92 623618 2
47 83 621188 5
87 89 363125 3
3 31 233896 3
58 85 146470 1
55 68 644300 2
68 69 498531 3
67 79 686179 3
54 76 363550 2
14 18 279077 6
68 74 340077 6
43 47 409174 6
52 77 914072 5
33 36 129179 6
99 100 885880 1
57 65 746222 6
51 75 682952 3
57 91 133373 4
7 33 63384 2
38 72 943708 4
1 36 772882 1
77 91 266667 3
62 65 824135 4
54 64 198353 2
2 6 899239 4
39 70 152148 6
39 55 225889 1
50 59 223303 2
3 24 564124 3
3 4 646423 2
51 77 507485 4
12 30 141871 1
89 90 175283 5
50 76 901162 6
38 86 857789 3
56 65 249703 2
6 10 608757 6
4 14 251268 5
7 32 990415 6
83 92 548040 6
17 35 987961 3
63 65 5942 4
62 77 137886 5
8 30 561563 6
18 26 102209 4
50 52 553313 2
28 31 282200 4
9 27 749385 3
39 58 429310 1
1 11 19645 4
40 66 762706 4
44 52 719575 1
25 30 486795 5
49 53 822435 4
45 88 945243 4
31 33 418353 1
78 79 140014 5
54 91 395870 4
9 12 38058 3
3 34 10253 1
73 81 976578 3
40 79 512470 2
70 89 233664 4
85 88 137961 1
44 55 831606 2
75 78 888783 3
17 34 554198 4
37 75 140025 6
19 35 918413 2
59 82 31857 2
42 77 105874 2
50 63 792824 3
53 74 912691 4
66 80 824569 6
55 79 9598 1
47 68 77721 3
42 79 162524 4
83 89 485852 5
37 69 176500 2
15 31 374563 2
47 84 938838 3
44 90 60417 6
77 92 181081 2
7 20 856171 5
29 33 860951 4
49 63 686499 3
11 27 439441 2
66 72 57693 4
10 24 862775 3
4 21 60752 5
66 68 454637 6
27 31 645544 4
2 26 293383 1
26 32 449247 3
17 24 630772 4
53 83 268274 4
3 36 965355 1
6 8 180933 6
71 78 712573 2
41 80 943410 5
45 87 650253 5
47 72 751553 2
62 70 852013 5
43 74 738071 6
79 80 348940 3
49 67 702224 2
28 36 736785 4
25 35 927303 6
16 27 722116 4
53 71 343961 6
44 72 297909 3
63 87 375897 3
62 81 671435 2
3 5 635216 4
47 70 593438 6
59 64 445821 4
63 81 295276 3
66 88 576451 6
57 59 18734 4
39 62 658993 6
71 73 635922 1
18 36 487213 3
19 27 32381 2
49 89 395822 3
94 95 237664 1
51 52 312551 1
46 49 193198 2
67 76 654297 4
27 36 22632 5
61 81 372090 5
37 54 31853 3
74 91 740764 1
38 59 16405 3
73 76 346919 3
56 90 883348 5
12 36 5942 2
13 31 73186 2
66 69 197637 5
47 50 669395 6
78 80 496874 4
26 33 381155 4
3 35 727722 6
54 65 910711 4
50 77 838641 1
72 90 952893 3
40 42 539585 6
66 70 853969 5
18 21 938869 5
55 82 369091 3
45 81 53857 6
44 49 629485 1
74 82 613548 1
97 98 632946 1
43 64 526600 1
25 27 524500 5
24 28 692297 5
13 18 222559 2
52 67 214411 5
62 88 120161 2
58 84 680658 4
7 26 677815 4
1 31 820577 2
1 10 542218 3
64 72 661168 2
8 31 125055 4
18 30 838610 2
81 90 18521 2
41 92 576431 6
75 86 658555 1
78 85 725319 1
51 58 414612 5
38 92 664795 4
48 77 460093 1
45 78 47542 5
63 72 7885 4
56 70 553294 2
14 31 704784 4
70 84 538622 2
37 40 271445 3
39 71 179275 3
71 92 96365 4
88 91 260217 2
55 58 152273 6
44 82 550817 4
67 69 495421 5
44 91 88932 5
67 85 159530 3
40 57 567704 4
48 92 638812 4
41 59 130776 1
82 90 20915 2
63 80 119899 6
77 78 958697 2
2 5 775899 1
43 53 831921 2
37 56 730955 6
80 82 98833 6
69 70 959196 2
77 90 933022 4
48 80 493371 6
41 83 873784 2
16 23 282310 4
38 62 786248 6
58 59 217295 6
33 35 116566 6
52 80 558734 2
24 33 951800 3
15 25 136818 1
58 80 945168 4
67 83 30225 1
18 20 423670 5
39 56 256539 3
70 77 29311 5
63 92 495559 4
44 68 595846 2
7 27 17255 4
44 83 718264 4
41 69 350641 1
3 26 844320 2
72 81 228393 5
8 35 83562 2
27 28 860839 4
10 16 810650 5
23 25 185539 4
74 92 794387 3
48 57 611441 1
67 74 343212 6
41 60 972360 5
3 28 114182 4
15 33 582912 5
38 45 167340 2
42 87 734767 3
60 72 853335 5
2 33 361420 4
66 85 662125 4
61 65 265427 6
53 69 772945 4
43 62 214188 3
66 73 46969 5
51 60 585054 6
80 83 356377 3
40 51 333148 5
40 83 421670 4
13 27 625113 5
50 81 780109 6
63 67 787618 6
57 84 572043 6
51 85 978917 6
10 23 594704 3
46 75 2914 1
15 16 162887 3
58 71 119769 1
49 69 726857 4
15 29 199958 6
53 85 989693 3
14 30 963507 6
52 85 113842 5
37 42 325951 3
8 20 495332 6
46 74 726832 3
80 91 682029 6
69 85 757785 3
64 89 914994 1
55 67 855096 2
64 75 348316 4
81 87 169441 3
23 26 373670 4
67 71 561651 5
12 22 961523 5
4 36 756112 6
74 88 329689 3
39 59 781046 2
60 89 346022 2
8 16 561829 6
59 80 112178 4
37 38 647466 3
76 81 851500 1
76 85 755065 6
57 88 668811 5
54 59 923952 1
47 79 617466 3
58 76 658263 5
48 61 429257 4
88 89 769116 6
16 24 352392 2
2 35 474157 1
46 88 826999 4
61 89 214863 6
31 35 379538 2
38 58 819076 2
41 64 941804 1
55 88 594109 4
11 32 767154 6
49 51 366781 4
41 78 516041 5
42 48 575290 4
62 92 480543 4
82 87 423555 4
38 74 518259 4
42 76 706662 6
6 19 165536 2
10 33 330122 2
37 58 272757 5
51 53 226496 3
49 91 80054 2
11 29 53027 2
11 24 296409 2
69 80 322167 3
58 79 681153 4
67 91 514012 6
72 89 936229 3
40 62 202210 1
53 64 595351 1
43 86 536774 3
19 31 127952 6
42 60 214453 3
54 82 978698 6
10 35 940037 6
2 18 198011 5
6 11 396265 2
57 72 851801 1
59 73 906608 1
9 10 125631 1
55 74 250404 6
15 17 174863 2
39 92 441576 2
7 10 994138 5
62 89 609623 6
20 30 6659 6
83 88 347901 2
8 19 784422 1
2 14 40433 5
25 32 360902 1
39 79 235895 4
58 70 398767 6
8 26 263018 2
66 78 123468 2
14 29 307221 6
75 79 620946 2
45 67 24675 6
16 32 378132 6
29 31 925592 3
60 79 60513 2
73 90 330787 1
47 54 1564 5
50 88 710229 6
43 66 342159 2
75 85 88425 2
2 28 652037 1
12 29 286349 3
47 88 350307 3
48 67 325795 1
43 70 627801 2
6 31 216198 4
50 72 161035 2
7 21 399864 3
40 64 712804 6
78 91 605298 5
77 89 719332 2
74 84 257294 4
77 83 906786 5
13 29 704561 2
14 21 101920 4
47 64 496327 4
5 30 735789 2
44 85 588457 6
43 83 105706 5
40 84 226134 6
73 91 333585 2
42 62 401230 2
3 32 483321 5
61 66 800452 3
46 81 168477 6
56 85 911377 2
41 79 158821 2
47 80 404346 2
53 58 973240 5
61 77 914797 3
37 67 331066 4
54 90 452012 5
5 10 873504 4
49 58 539767 3
65 71 593512 6
2 29 947387 6
2 13 312068 3
2 8 500475 5
25 36 468813 6
58 91 163540 5
31 36 470667 3
43 80 744010 2
44 75 526935 3
56 92 53559 2
6 30 290853 2
48 55 172943 4
19 33 530719 5
39 69 749793 3
59 60 765735 6
51 74 400561 4
58 83 729437 1
7 11 495487 4
42 57 682335 3
56 84 754602 6
51 86 829213 6
54 85 890673 4
6 17 988826 5
42 63 596673 4
41 68 122145 3
44 53 470793 5
77 88 912840 6
50 78 43748 4
60 88 416395 5
3 15 827739 5
41 91 286806 5
43 50 225602 3
39 48 350751 2
68 76 48357 6
10 28 803337 6
38 66 788331 5
65 83 882522 1
24 34 396441 1
16 18 235836 5
1 33 903254 6
1 2 587311 6
59 91 118504 5
56 86 317994 1
43 92 209846 6
40 47 829614 3
3 23 719248 2
43 84 330834 1
5 12 692998 1
32 36 529812 2
9 29 162302 2
74 81 811027 3
52 61 322803 4
57 77 222730 6
51 83 338363 1
53 81 697065 4
65 91 230333 4
76 77 954016 6
57 64 481985 2
38 55 811765 1
72 76 871754 1
26 36 252853 3
7 8 351449 1
42 58 343082 1
63 70 481548 3
62 76 329387 1
41 49 951000 5
55 63 43646 3
8 24 202790 5
46 63 39966 4
57 74 438044 5
49 90 414317 2
48 54 519900 4
40 78 767761 5
46 72 986174 1
44 56 781621 3
37 43 300685 5
52 91 157921 3
73 80 585379 2
10 11 35190 1
15 26 262036 1
80 89 823853 3
71 88 612749 6
46 51 519206 3
51 57 350410 1
49 64 182672 4
18 34 77933 4
68 80 987511 3
75 76 520637 1
40 91 547655 1
55 60 201343 4
27 29 189874 2
14 36 139798 5
5 29 356860 1
11 18 876846 1
51 71 104931 6
69 89 744655 3
14 17 885136 4
13 22 666944 1
40 56 407327 4
44 57 145015 6
72 92 583163 1
52 92 554587 4
77 86 366956 2
61 84 903251 6
46 67 335039 5
21 33 977801 1
24 27 396468 6
57 73 604672 2
59 63 746663 4
42 64 786391 1
55 69 601868 6
27 32 292794 4
65 86 584127 6
49 54 205700 6
61 62 717301 1
54 56 888878 6
9 32 226802 4
17 32 85243 1
39 64 144928 2
10 27 723604 5
61 68 62959 5
47 76 240278 3
11 35 207499 3
41 58 850638 2
96 98 781043 4
70 74 944116 6
50 69 661954 5
69 76 604579 2
46 53 645610 6
41 84 446613 4
52 83 37453 1
60 63 964231 2
40 71 755188 4
66 79 552090 6
5 7 331250 2
39 53 258406 5
68 87 328601 2
46 83 782516 1
79 82 266490 2
13 17 890422 6
43 89 218210 1
61 75 168032 2
26 28 826484 3
38 54 186780 3
30 33 895382 2
4 13 94621 2
26 29 264612 4
20 25 221487 6
37 88 982935 4
59 83 248056 2
51 88 94862 4
13 14 777861 1
7 36 628724 6
50 83 238496 5
41 67 832825 3
39 89 617412 6
46 91 456129 6
64 70 177384 5
50 84 122303 5
53 66 716319 3
11 23 586701 6
90 91 659759 2
11 31 487472 6
56 77 768856 4
39 46 175618 6
60 76 299651 2
6 22 168459 5
39 87 940164 5
5 20 811536 2
26 35 615594 1
59 79 13192 5
45 90 785062 6
18 22 78601 4
16 25 970816 1
9 35 384303 2
38 57 745250 4
60 80 931915 6
84 91 259546 1
27 34 475099 2
50 61 643351 2
70 81 552770 4
40 73 579228 6
5 6 310212 4
42 74 962305 2
67 86 965021 4
44 69 22596 6
38 85 468735 5
85 90 158103 6
20 35 437464 5
28 33 913464 3
4 11 666242 2
1 35 304874 1
38 76 697316 2
54 58 701377 1
47 60 201757 4
63 69 756231 1
45 65 191772 6
40 59 781731 3
536947 62923 584753 306873 732787 665324 