110 4528 7
21 45 9102385 6
53 67 2916478 6
24 36 3846135 5
15 68 3705785 7
28 55 590582 1
50 63 1187679 1
48 55 7807438 1
9 74 3172909 7
36 56 4738025 2
26 51 9733877 4
6 45 8972853 4
47 75 1400548 2
6 34 1299452 2
74 75 9116556 7
26 54 2332959 4
20 64 1139425 3
45 72 5321046 7
83 92 877561 1
99 103 6201213 5
8 22 2654764 3
14 57 2684262 3
36 75 2762719 1
17 35 6076505 6
43 48 1376370 4
8 37 1974582 3
13 26 9576130 1
11 90 1765954 3
11 32 8348095 3
40 64 5134837 5
1 70 3865392 4
5 79 7489299 4
15 87 7090732 2
42 48 6697546 2
19 38 2679190 5
75 93 2998862 2
30 35 3014381 4
55 88 3028518 7
65 85 9339070 7
22 78 9211108 7
42 68 1600751 1
35 51 5379757 3
7 30 4855049 2
39 53 2708577 3
17 92 3280273 1
41 62 6425183 6
37 70 7181275 1
74 86 9878869 2
14 23 8580780 1
14 83 9403309 3
39 90 6990118 3
1 23 4211987 6
47 55 2627913 6
1 37 4124318 6
49 62 5602063 4
27 70 5119996 3
12 77 4019659 3
47 93 4235857 2
20 36 3005125 2
1 48 2003036 3
73 92 4491976 6
15 80 6794786 2
64 65 4498314 4
16 42 7609104 5
3 95 2524458 4
27 48 4811071 5
27 64 9285546 3
36 89 9750057 5
26 75 7807478 1
8 29 5884761 7
66 68 9379243 4
28 35 8332984 4
6 56 6097545 4
8 73 8049540 1
22 40 2193779 1
24 83 1733956 2
51 76 4497430 7
44 57 8816285 1
2 50 9663272 5
41 56 4891519 1
21 36 900096 5
38 40 7763583 2
69 95 1631678 7
7 12 1440324 7
39 43 9019674 4
101 105 8955976 6
21 26 7856593 2
84 87 7334016 7
35 62 3339420 7
59 77 5411709 2
49 95 6567681 6
24 25 7608873 5
26 83 6181531 5
33 84 9851910 6
32 57 8571840 6
56 57 4331036 2
39 59 7002726 1
5 88 3511973 1
6 68 9401022 1
45 82 7901394 5
6 23 7822354 1
14 56 7869809 2
20 35 1644179 7
55 59 5345515 7
85 91 7155131 4
96 100 343609 5
2 27 2420693 5
28 84 1628520 4
54 87 4159866 4
47 79 5057969 6
28 90 3078192 7
3 69 3704343 7
14 95 167824 6
36 67 4322633 6
12 23 1922663 2
3 84 5900185 3
43 64 6547978 6
23 93 8512866 7
61 89 833054 5
51 94 7306970 4
59 90 5913200 2
25 51 6206905 2
17 48 5858526 3
10 37 1150890 4
5 48 9100743 1
16 27 2568133 4
13 87 6328941 5
27 63 9451026 2
24 87 4818162 3
6 47 6840085 3
50 82 3931003 5
20 56 5532193 1
10 75 780970 6
36 78 5296482 1
21 86 9176043 6
17 34 8189161 2
21 56 6413516 7
27 56 7885228 4
38 77 616588 7
14 44 8172013 3
8 60 1065145 2
21 27 3088785 4
18 95 1712955 6
18 59 6905408 1
91 94 2849173 7
10 48 8031172 4
22 47 2521905 3
26 35 930291 4
19 66 9287865 4
24 52 6339465 6
10 40 3514563 5
8 92 5110799 4
4 20 8095515 3
82 91 535667 3
5 86 6444437 7
4 27 2528999 5
18 39 5805764 7
50 58 7011453 4
26 48 5150404 3
4 68 7624890 3
5 72 4406336 6
40 49 3364698 5
70 85 9698816 3
5 27 1364268 2
28 92 3848491 3
16 93 187533 5
63 64 2163428 5
19 89 6595775 7
62 93 2703330 4
14 54 8593505 4
4 92 9787112 4
25 53 1985666 6
91 93 2528922 4
24 70 9337342 1
29 39 2166204 3
82 95 735900 5
34 64 3653555 6
40 50 8374594 1
21 28 3199059 2
61 93 7160146 6
52 81 54553 3
21 64 2615517 5
39 57 6374539 1
43 57 3672821 5
46 73 5169976 4
72 94 2834259 2
41 66 838240 1
21 48 6600408 5
44 74 5238493 5
49 52 2985653 3
2 86 31904 6
9 89 8379141 1
9 27 5707809 7
16 44 6958170 1
30 43 3622001 4
57 79 1224060 2
46 70 1804083 7
86 92 58870 7
23 65 705171 3
3 87 8439621 5
35 56 3495493 5
31 62 1038309 4
4 50 5187970 6
16 86 3929667 1
1 77 2167246 5
5 62 7796248 6
23 41 3010934 2
7 37 588995 7
17 44 5488207 3
1 11 7890980 5
4 19 1433610 3
15 94 4023556 2
12 37 1669647 7
44 83 4330465 3
17 67 4037073 2
8 55 8247621 3
61 88 2974911 2
55 62 4292832 6
60 94 5146567 4
12 91 9964172 7
1 68 110642 5
31 94 7365367 6
46 91 5151477 7
19 64 506072 4
2 32 8557549 6
12 26 8571814 1
28 51 3986021 3
9 37 643441 1
8 11 3340390 1
68 77 4483641 7
8 30 8159988 3
50 83 5966374 7
25 73 4720489 4
46 51 4374050 3
37 83 3615942 6
2 61 5655478 6
76 77 3157872 2
26 95 1283493 6
9 71 5126804 2
2 34 1722197 2
24 78 4285901 7
20 74 9793238 5
22 27 6212846 6
24 51 8045542 7
7 34 1593893 7
41 43 3721844 2
52 78 3965372 7
14 50 1641391 1
50 74 7127082 5
38 92 8556752 6
57 76 9055357 6
15 85 2101560 5
8 40 8385222 5
2 41 7777663 5
9 26 926099 1
7 49 285196 7
31 46 8968187 5
8 65 8406745 1
25 81 9310300 6
27 79 6644039 5
6 36 4135422 4
50 93 4084516 7
21 25 3161992 7
24 61 765697 4
41 63 8576815 6
48 53 2595400 7
2 56 2546174 2
69 90 9982806 2
55 61 4064332 3
7 68 1939250 5
26 29 152399 4
6 44 9800771 5
16 75 8279851 4
18 58 712932 4
44 69 9105307 6
95 96 748416 1
31 33 3242999 4
5 60 5562214 3
3 91 8149925 6
66 81 659943 2
6 49 2963444 4
49 57 7357789 7
74 94 6537750 6
5 87 6657490 2
27 91 1517704 2
2 17 7244283 1
5 32 1078792 6
11 24 6928276 7
56 92 3210131 3
44 88 5148088 6
68 75 8389024 4
21 84 2568546 1
30 66 3739774 4
13 15 6212 1
11 51 4374089 2
30 63 2634020 7
20 63 2344771 2
22 45 9650757 4
13 81 1308486 5
41 70 4348333 2
13 17 4348566 7
103 104 4916722 3
82 86 4953139 2
71 94 5201437 2
1 56 4049424 7
21 31 9579798 5
40 80 7738310 6
53 66 3028784 4
14 19 3155432 3
10 42 6348177 5
16 34 8652957 2
20 42 4207115 6
54 83 2523348 4
19 85 4597736 2
65 70 5606224 1
61 62 951791 3
62 89 4952883 7
18 79 2766722 7
13 32 2491707 7
43 59 4384585 2
50 59 1839484 1
61 64 7025322 2
19 62 4894331 7
10 58 9140450 3
10 81 4863154 5
82 88 8291449 2
27 92 276454 4
67 89 4729092 2
67 90 9755449 4
63 95 7508520 1
24 32 2473703 2
26 60 9858910 1
31 67 4005943 1
23 48 8658944 1
42 86 4139916 1
54 74 1310394 1
48 79 1674836 4
8 58 67713 2
101 103 482893 1
27 76 4965088 3
27 29 258828 3
57 75 6275490 7
51 66 5026021 1
44 94 6997052 1
56 87 4748484 7
12 82 72014 5
19 92 1501789 7
25 49 9094126 7
43 61 7158222 1
13 22 2756404 4
15 58 6553719 6
1 95 2961900 4
33 79 9313369 6
31 93 2811168 6
44 82 7084268 2
46 54 2643451 5
14 88 478339 6
22 37 9266372 4
47 59 7429880 6
48 88 7124680 3
36 84 4415007 6
66 72 4847903 5
47 95 9937297 5
16 68 3184867 4
22 77 4975653 4
68 69 3245258 3
59 93 6276181 1
25 59 8894484 7
3 38 5469418 1
43 83 3421453 3
50 90 6583972 7
39 47 2914274 1
30 49 2790982 5
61 95 8542763 5
14 59 5430413 6
69 71 3592677 7
13 89 681707 6
2 64 5607044 2
29 88 5683400 2
59 85 7032476 4
57 59 8661020 3
4 35 8545922 1
45 49 6734464 4
35 77 153755 7
21 78 9145163 6
33 88 4689212 1
2 18 3313023 6
12 84 852082 6
7 21 9548826 5
47 78 6869498 3
69 89 5437969 1
14 49 4944804 4
21 95 7015290 1
42 94 6008054 4
4 84 1445596 3
1 85 2513789 2
36 54 2553653 3
46 61 1788588 6
65 89 7951779 6
25 39 5814402 5
17 68 300387 4
6 52 7553611 2
82 93 4907621 1
13 47 1539578 1
5 9 8064791 1
35 45 8503602 6
72 93 8784930 7
12 63 4141087 5
4 86 3702472 3
6 30 7110773 6
25 66 352203 1
13 61 4148896 3
26 94 6699628 2
44 58 8369347 4
44 71 7023378 5
40 76 9978858 7
24 28 7211242 7
13 27 4408286 2
28 42 1924918 6
10 83 3543312 4
68 79 617688 1
9 21 2195556 1
20 65 4208128 5
5 67 9003903 4
58 80 5645130 7
70 75 8690708 4
20 54 7986736 1
29 65 8696325 4
68 76 6308092 1
24 90 6269125 1
25 82 3622299 1
52 92 2585642 2
2 11 5904615 7
63 76 8811261 5
9 55 895266 3
57 86 6843996 4
19 37 7484929 4
54 69 5097490 7
62 68 6346755 7
29 64 3378450 2
3 43 564491 4
41 67 3317677 2
18 75 5333652 6
30 88 3351050 5
74 88 8311814 1
11 54 7751521 7
57 65 1015579 2
38 86 8724741 7
101 106 9928943 3
22 55 4635099 1
18 76 8228096 1
29 84 1279964 5
6 74 5471181 5
18 71 5545462 5
1 49 243844 2
85 89 495449 3
36 80 1279434 4
79 87 7674257 6
25 42 7797542 7
46 95 468345 4
59 64 5921153 3
63 77 2124281 5
28 58 929888 4
32 80 4553621 4
64 67 1052994 3
34 68 480 2
45 84 3813926 1
15 89 2259795 2
34 47 4303126 3
42 88 8893642 4
19 32 3275742 7
34 82 1119936 1
79 82 7698354 7
2 92 7715118 6
6 90 4664552 6
35 53 562910 2
2 77 9541801 5
38 58 568674 3
6 85 2663110 6
2 71 123154 1
98 101 1659579 1
64 93 4000210 6
68 90 7355862 4
56 90 5773580 5
14 41 6077682 3
39 46 4804668 1
62 70 671259 3
92 93 7753316 1
30 89 929487 2
18 72 9652157 5
36 41 8661175 6
73 77 2376282 7
39 93 2183662 3
81 94 1166207 7
71 88 2580034 1
8 14 8401105 6
18 87 13205 6
43 62 7942043 1
6 12 3370463 1
103 106 4205765 6
29 53 1984740 1
50 80 5544875 4
75 86 728881 7
37 68 7940396 7
4 46 6401613 3
1 40 5129497 2
84 88 3203948 7
59 87 2182151 7
12 17 1600388 1
29 33 6728690 4
40 44 4530415 2
2 48 2632915 1
5 45 2970629 6
12 21 6964427 1
52 79 6859973 6
19 72 6362277 1
31 32 5895595 6
19 34 1615007 3
7 63 5640915 7
1 41 4083173 7
32 53 4232144 2
46 86 6313471 1
62 74 7508096 3
3 32 5870048 2
50 51 7763695 2
63 83 9788484 4
19 67 972022 6
6 15 2002465 4
14 61 9715472 4
66 83 5278459 7
19 56 4874089 1
1 94 1771387 2
17 51 8580942 5
48 51 9431962 6
47 58 8017464 6
47 77 1264978 1
71 85 6033831 2
57 82 5489404 7
67 88 6169864 2
24 86 4040692 2
14 20 7125233 4
25 86 7521690 7
19 73 9549073 1
21 55 3307166 2
7 24 9249260 3
10 52 5484646 5
6 89 5654245 5
10 62 2539144 3
5 51 9593632 6
25 68 2515884 3
54 92 9150855 1
8 12 9912601 4
22 34 2442004 1
11 85 2888474 5
84 89 4031485 3
16 69 9812353 2
6 73 1165075 7
42 74 7669291 2
12 88 9368038 7
72 73 4346547 4
17 46 779058 4
17 39 3705185 5
36 44 7418275 6
39 92 6270942 6
53 59 9892447 4
21 75 9423409 3
48 54 5231762 2
9 90 9825377 7
19 31 7127833 1
75 83 4602545 6
1 90 3354627 7
79 94 1686342 1
14 85 974599 5
10 25 773227 5
40 55 5682360 1
32 64 7303373 1
29 35 6458685 2
76 92 6484866 7
100 105 6561574 1
44 65 7422159 5
7 10 3617570 6
53 70 2274817 7
2 66 2485394 6
48 93 3179281 3
10 88 3394958 4
7 33 6177349 6
48 71 8813300 2
11 48 1638684 5
25 41 6148059 3
49 86 6439974 6
16 64 3044202 6
7 8 1197376 1
37 78 117115 5
14 53 7838577 2
31 90 5724678 7
22 38 734566 5
25 44 2214223 2
47 84 1726896 7
24 54 3024894 5
66 94 8382287 2
22 65 4435558 1
12 80 5887783 6
24 74 7266248 6
17 73 341864 7
45 58 4476369 4
13 77 8083131 6
32 36 6835941 3
6 75 6945562 1
14 70 6843063 4
37 93 4131932 6
12 22 9272133 1
54 66 6083103 5
24 89 2722090 3
10 41 8403557 3
13 34 3018971 5
13 18 2907232 6
56 77 9582648 6
5 74 5860074 1
11 41 9893804 7
40 65 8280754 6
9 61 7815225 5
17 22 4321198 6
66 67 840276 1
1 67 8969933 7
52 63 2383500 2
47 51 660110 3
18 48 9769223 1
70 93 6656447 2
2 31 4334940 2
14 25 3645726 5
20 82 7930688 3
9 34 9151422 1
21 61 4748732 3
34 42 1679392 3
46 87 6166848 5
73 89 5287646 3
1 9 432299 2
1 20 2077986 3
32 94 4393394 5
1 33 3132966 7
44 84 2237345 2
22 56 1057920 5
67 76 8145201 3
62 73 2202724 4
14 87 4638212 7
40 94 3875707 4
46 75 7577977 6
10 15 8935402 2
19 26 390161 2
41 82 6972628 7
75 79 9763573 5
17 61 7298450 4
3 89 8814784 6
22 60 842459 5
34 80 9544127 5
38 49 4092092 6
21 58 3454291 1
19 60 4281649 5
31 91 8701255 7
16 39 3466151 5
37 65 4344519 7
22 24 6338170 6
66 93 8924658 2
67 94 6919002 6
5 78 4611903 7
14 27 179109 7
60 86 7664849 2
48 65 7790701 6
32 34 9348326 6
3 48 7714029 7
97 101 5022014 7
26 34 5948728 5
9 69 9857099 4
24 40 1845277 6
63 71 8065202 5
14 69 5318264 7
1 60 2209968 1
16 60 6520595 1
26 81 9873933 7
77 81 3485171 4
64 68 5584847 7
27 39 6286730 4
11 57 5678081 3
11 80 5364980 6
26 62 5218097 3
22 80 1994878 5
51 57 1622625 7
14 16 7955746 1
60 72 5391496 7
8 21 2332078 7
54 93 9107096 6
49 84 7004475 6
33 63 3730109 7
6 57 1557224 4
64 77 6231157 2
33 36 2811105 6
4 79 4011466 1
38 43 8674576 1
15 81 7267875 4
50 86 3628330 5
3 49 5958611 1
82 84 1235708 3
25 35 6701751 4
7 91 261848 7
13 66 6452948 3
47 49 4990147 6
52 57 9317082 6
16 25 2133714 1
33 51 7777043 7
39 67 6759374 1
48 94 1716782 6
36 74 7108967 2
102 105 9300257 5
36 37 9254953 4
75 95 7965019 6
49 54 4929499 3
72 95 5104017 3
21 42 2270374 4
22 33 1210955 2
20 81 7825014 1
69 87 3690098 5
34 48 9576906 7
49 89 935605 6
3 21 8092402 2
6 64 3985327 2
98 104 845018 1
64 92 8433080 7
6 80 4472167 4
13 42 422122 3
8 34 337122 4
18 85 7795148 3
28 75 5483895 2
58 78 7416024 7
11 63 2611410 3
16 62 9072825 4
63 74 877516 1
41 78 9619605 7
33 74 5681588 5
13 43 8276423 1
97 105 4561923 2
28 52 195332 3
26 28 1769471 4
64 94 8259402 1
33 48 7830387 4
71 72 8404824 2
21 74 6426949 1
43 47 7542618 3
4 7 5515938 6
24 95 3599924 4
45 57 7615827 2
46 94 1164547 3
17 21 8154977 3
100 106 6880239 3
28 57 5270890 2
59 83 7300337 5
14 47 2620201 5
93 94 1405667 4
35 79 9766283 6
81 84 887241 7
34 62 5589049 3
48 62 3065995 4
65 95 6159744 1
41 84 167177 6
78 92 2975975 4
89 90 2099078 1
84 92 2226220 1
25 33 6767564 7
19 45 6057764 1
30 78 217803 2
1 89 9007872 6
43 52 7756316 3
57 81 163414 2
5 14 4479961 3
51 72 9676695 3
6 37 9434607 7
38 73 6264084 3
51 92 9516460 2
9 15 2591991 2
11 56 2523295 4
12 54 657745 6
25 64 1429892 5
44 46 3266516 6
54 77 7355883 3
26 82 4456549 4
11 26 3535972 3
57 69 6270739 1
47 88 8674862 1
21 83 3052850 5
9 68 1020449 1
62 76 8931736 1
62 72 5667447 1
18 92 9277022 4
35 37 4224235 1
47 67 5521839 2
77 94 2781663 4
46 81 5365867 6
13 74 8721188 1
40 59 9053005 6
52 55 2941750 6
21 80 2595233 1
15 76 3374960 4
23 71 2818026 4
31 52 7702156 3
26 92 5586300 1
5 82 2637185 4
66 73 6791268 6
9 64 3535633 2
9 47 8100761 7
23 43 4887880 1
34 58 2937620 6
43 75 9506497 4
33 34 1262254 7
63 79 3592967 2
2 84 7383419 6
80 91 4166202 4
27 43 1655979 5
18 74 9052872 4
50 67 8982046 4
1 69 9638048 6
19 79 541960 2
73 93 7176323 3
17 58 9499474 1
80 95 5641334 6
97 99 9976573 7
72 90 2278672 3
61 74 4139862 2
41 91 8747351 1
90 92 8357256 7
34 65 183063 2
2 63 1354767 7
72 86 1540860 2
20 73 5358633 6
69 72 7118234 4
38 51 1746192 2
28 65 620255 2
3 82 8887842 5
5 18 9917121 3
12 55 2700417 3
14 29 5045550 5
65 88 3638398 1
51 69 1024636 7
27 58 1079264 2
27 90 5412527 1
24 79 5274976 4
36 66 816077 4
38 75 6804000 6
90 91 736851 1
13 21 2010295 2
20 94 2091253 5
5 54 8493354 6
79 95 6544456 7
72 87 6390222 1
20 79 6760218 1
15 17 5955500 6
60 71 1334182 7
35 52 9641408 3
54 86 2695556 7
10 18 7448851 5
87 90 2497302 6
32 46 2662840 5
22 76 9580341 5
36 72 6477443 3
10 31 3301979 7
6 63 6761308 4
27 40 9070164 7
2 67 8835566 7
77 88 4514803 5
1 63 6942757 7
66 95 9740389 7
16 26 5946896 1
29 61 3222630 3
44 78 6262613 7
27 89 1383753 6
3 14 7874008 6
28 85 3373439 1
10 57 7868133 6
15 69 5001088 7
38 56 6631810 3
51 82 9105888 4
36 43 9239158 6
56 79 683127 1
9 63 6562784 3
13 70 6821030 1
49 58 5023741 5
6 27 5212441 5
6 16 1892756 1
54 56 9597484 1
34 69 8116772 3
63 88 9077495 5
79 93 134148 7
81 95 592370 6
32 68 6543378 2
25 90 4513417 3
27 62 8270023 3
6 66 8103685 6
14 55 8361016 3
50 64 9421475 6
68 78 9097999 5
36 38 4189411 5
29 54 5097113 2
31 77 4007849 4
13 45 6522184 6
18 55 8734684 6
32 35 1595598 6
24 91 6788863 7
45 71 586112 4
1 57 3456251 2
75 78 4242562 1
19 83 7835675 6
86 90 6386899 7
61 86 6785846 2
39 81 3743152 1
27 81 5340542 4
7 19 6680688 7
2 19 4263261 3
60 85 7985299 6
55 90 6193890 1
44 66 797431 6
33 45 705262 1
10 33 9203320 6
40 45 9503397 4
51 53 8634559 4
20 87 5430027 3
66 70 3036461 6
67 82 9413835 3
1 38 9292239 2
1 25 1074632 6
77 85 7638287 7
37 52 6541892 6
7 54 6400480 2
37 54 7666854 3
5 7 4878521 7
1 34 3479157 4
39 72 2929936 2
30 38 922917 6
20 88 1512885 3
58 76 466879 1
39 64 1824676 7
34 63 7979835 2
12 59 667400 3
26 63 7124158 4
71 89 5952491 1
10 94 2445727 1
15 60 4558327 7
28 47 5024960 4
17 90 845961 2
14 15 1891274 6
36 52 488573 4
40 95 2767033 4
10 90 6765913 4
14 48 573134 5
2 74 4999470 2
97 104 812616 5
86 91 6234325 7
46 58 4446318 4
10 72 3558536 5
31 61 5904995 6
22 50 979839 7
22 82 6275977 6
49 75 1316678 4
12 13 5575691 4
33 90 3545919 7
58 89 9611985 2
30 33 4277590 1
31 42 2497354 1
38 45 5356896 2
26 52 2066677 6
7 71 8240636 3
1 84 1498688 1
73 85 7494248 7
2 46 4479447 7
37 40 2741390 5
50 55 8257086 2
49 74 7364413 2
11 13 8740399 4
2 45 1999465 5
9 40 2916454 4
29 66 3331550 3
10 20 5883152 7
75 94 1442523 3
35 36 6034587 5
64 85 5540019 3
7 38 6955773 1
23 59 8148925 4
27 32 9200040 3
51 77 1618120 7
53 61 7377032 2
20 49 2030922 2
24 82 8925150 3
22 42 9846962 1
18 65 4691306 4
30 68 5220891 3
25 83 78974 6
48 63 5971530 5
65 67 4394676 4
28 33 1629415 6
63 80 3701039 2
10 71 5814574 4
68 83 1075671 4
27 77 7764203 3
6 18 5833974 5
16 76 7613186 4
1 52 268778 6
84 85 4776393 6
2 43 8090632 3
34 70 2880705 6
33 42 5680074 4
18 33 1937354 1
55 79 1721110 3
58 63 7405832 2
6 21 6097168 7
18 35 9311744 3
25 71 3954684 5
2 24 5856468 6
35 54 3251586 5
8 71 5370472 7
2 90 8331088 7
2 62 7451973 7
13 67 2269561 6
27 73 4551678 1
56 84 8439318 7
5 28 9709350 1
47 57 9209635 5
51 95 2618011 2
17 19 3898162 2
9 62 3487947 6
83 88 2867740 1
3 52 5336731 3
33 47 7685272 1
38 52 1833948 1
15 31 445120 1
30 90 5270650 1
37 39 7359591 2
76 90 1187426 2
21 39 5200115 7
70 91 3056405 2
29 36 6904069 2
15 62 988360 6
13 25 1195033 4
40 47 7768486 7
78 80 3102128 5
71 80 5825428 6
13 58 1133380 1
48 58 9260643 7
23 62 9158293 2
12 15 3962206 4
55 72 687757 6
63 90 9104324 1
15 21 8374801 2
9 48 5212202 2
5 49 7698907 2
11 94 4808722 1
63 82 1395929 7
2 89 6129463 5
63 93 6104792 4
15 66 5402902 3
25 46 7870407 7
17 32 8565508 3
58 94 4871542 7
40 84 7787220 2
60 84 9453510 6
15 27 7878269 3
83 95 8628774 4
18 38 6636004 2
57 91 2317820 3
5 61 1094684 3
16 18 8356236 3
49 87 2539340 3
20 69 6558334 6
43 70 5505078 7
27 93 3617800 7
52 90 8956319 5
100 102 1088699 3
46 88 2501361 7
33 44 5915286 6
46 63 1652195 5
52 82 7616506 7
76 87 4788787 7
68 88 7238122 3
52 70 2185302 6
19 95 9048724 3
37 86 6193817 2
23 32 19787 4
12 72 5564911 1
24 77 2109789 7
56 72 6444625 6
10 76 3968093 1
30 64 7720651 4
13 71 2110475 4
64 76 618501 5
31 84 604225 4
6 46 3501493 5
49 72 8256976 7
9 52 8491960 7
20 55 8321335 5
54 61 7517783 4
5 42 5443068 1
17 86 447604 7
8 52 3794208 6
38 83 9011179 4
39 52 1442683 4
35 90 1662273 6
43 92 4971542 7
31 85 2004060 6
83 93 2827534 2
42 87 18015 1
22 36 1842297 6
77 79 7191643 3
50 94 8474074 2
14 86 181178 7
28 83 6852761 7
56 81 6499649 3
46 82 6872110 3
35 40 4086394 3
4 26 2298002 7
60 65 8997484 5
14 72 4269941 1
23 84 5201489 7
16 87 4257570 2
9 23 1836736 4
40 66 7541158 1
34 78 5582793 4
48 87 3249663 5
32 52 3215085 1
7 16 4747032 2
29 75 6713779 6
25 60 9578885 6
89 92 6582688 2
26 78 7481263 5
71 87 5450056 2
12 47 7880729 1
30 81 4728453 5
23 79 248021 6
31 81 6674343 1
46 52 6444562 4
38 84 6565675 3
21 73 8271789 3
12 70 7947702 6
32 79 3482617 1
36 79 7527998 3
42 61 3272573 4
6 93 754326 2
58 59 2018446 2
6 51 9506500 6
40 70 6320061 4
9 28 1407279 5
33 66 2784848 3
30 59 1750297 3
1 12 678377 5
41 85 2654742 3
42 67 7329672 7
29 71 1907343 1
79 90 9202775 6
5 53 3165880 7
68 82 4266191 4
5 38 6662275 2
10 22 652950 1
7 35 4744900 5
45 88 4516090 7
11 89 7048946 5
31 51 689226 6
7 69 9626637 1
57 66 9291899 5
89 93 9541448 4
28 68 4016249 5
29 89 5167277 6
12 57 8501726 7
24 56 8783051 6
36 51 6688661 4
16 74 8545551 1
2 6 2383153 7
32 72 2077164 7
14 91 6779869 7
42 76 2753302 3
22 95 6462398 2
98 102 4540162 4
64 87 3879071 1
4 87 6114918 7
7 15 5961626 5
55 56 9812374 2
8 47 8024497 7
3 22 6251742 5
77 95 3531490 5
17 45 3184835 5
18 41 5911252 1
60 83 315878 3
30 82 6633297 5
45 60 6475095 4
8 57 278034 4
34 88 2524121 3
2 30 311820 5
67 95 4415277 6
52 93 5999125 5
39 63 9589197 3
3 55 1719677 3
32 78 1899041 3
10 21 6120985 6
56 73 8690112 7
7 86 1342589 6
22 59 7065188 2
59 75 7835339 7
43 84 7004681 4
2 60 3184984 5
11 61 1662967 1
39 87 1121429 1
45 63 1390867 2
65 78 6663561 5
4 49 5197174 4
35 83 6181282 4
7 13 1759565 1
39 94 6360729 4
4 71 2126820 2
20 33 2512833 2
24 29 2090163 5
26 91 8296759 2
17 95 132041 2
34 43 2194244 1
54 90 4453439 2
30 60 7853723 6
87 93 7001160 2
3 60 3670381 7
17 65 6087830 6
58 74 9211911 7
88 91 1784707 6
29 51 6527050 5
2 33 4223210 7
56 78 4210360 4
59 69 9205210 1
21 87 651407 5
35 46 1496134 5
80 85 7015332 2
1 14 6512997 1
24 55 2806741 2
41 52 4417321 1
51 60 2523134 5
29 81 5870979 1
63 84 7814698 2
59 70 9856312 6
17 60 4344959 7
30 73 7868255 6
63 67 2574074 6
7 64 619893 3
25 87 7645545 5
22 43 8670836 4
40 67 5042898 4
5 94 3938378 4
31 35 9384152 6
6 50 6127820 4
65 90 7934980 2
8 24 9838828 5
29 90 5114726 1
67 71 8442818 2
37 45 1349302 5
68 95 9366648 2
49 90 8704973 7
26 80 1160998 5
41 83 9648364 3
25 74 6477641 3
22 30 1049586 6
46 57 8427693 6
18 46 6670383 1
11 67 635387 5
76 83 4248876 5
4 91 2876223 4
4 34 3320989 4
15 23 4147881 2
20 24 1476780 3
3 45 8449417 3
24 88 9001017 1
46 76 7957841 6
18 45 595142 1
43 58 3172981 4
70 74 8193558 7
28 87 2773837 7
71 84 151076 5
11 64 7450815 4
12 20 6554233 3
45 78 2632056 3
6 84 8408795 4
5 29 2696377 6
30 32 9174237 6
1 59 4555618 7
76 82 4631074 4
21 23 7961029 1
54 65 9815166 5
4 12 7562654 2
17 66 369205 7
21 29 3086449 4
12 29 5881898 1
41 49 7927080 3
27 94 8719189 2
37 82 2233705 2
53 73 8666865 1
4 5 6752847 1
58 65 1226387 2
38 72 6269107 5
24 68 8087 3
34 59 126417 6
88 92 9593882 2
6 11 1703113 3
69 85 5180041 3
7 14 278182 7
49 59 4741570 4
9 11 446495 1
46 74 9069365 4
76 78 4318801 1
28 34 7686097 5
8 44 5111542 6
28 49 2110363 4
52 72 9397561 4
8 56 9594117 5
2 69 6801406 6
17 81 1442663 4
17 56 3486475 4
8 48 2762817 4
4 53 7216327 7
14 30 9434741 2
2 40 1203058 6
49 64 4529266 5
21 59 8234876 7
31 34 690681 6
37 47 7322631 1
24 85 7295470 7
13 52 3082399 5
22 81 1009259 6
7 53 1161329 3
32 83 9006316 2
51 54 1704274 1
62 87 4096748 6
23 44 3564043 6
12 41 6287897 1
15 67 5017793 2
7 65 6240019 5
48 72 7715462 2
69 94 5810329 3
48 57 4823463 7
22 58 3109287 2
38 91 5887639 1
47 50 6757763 7
79 80 3674853 2
62 79 6683812 7
36 92 2339393 7
2 14 9474222 3
48 61 6873588 1
19 93 4065525 1
53 92 7413427 6
81 93 8606335 6
39 71 6769244 3
14 60 5621886 2
42 56 8091555 4
12 95 1626206 6
30 67 1741288 5
26 42 315878 5
8 67 1269563 1
20 67 9402006 3
13 94 3717171 5
76 93 9565870 7
53 84 938776 5
7 27 3098820 6
19 36 7033970 7
11 19 215677 7
65 72 1556208 2
10 44 6488666 5
101 102 4091747 3
38 68 9650244 5
69 83 6456076 7
47 53 7133596 1
56 88 417822 2
54 94 4022012 7
22 88 7085530 6
7 9 3568152 2
55 66 3746575 3
61 80 4672763 6
7 85 5216401 2
18 47 3612267 1
51 90 5442444 3
80 90 7058584 5
41 50 4873306 4
33 69 9921924 4
9 39 5039381 4
51 86 560112 5
7 26 9179169 1
4 23 9299839 6
19 82 5466917 3
47 68 9993854 2
6 65 793314 5
24 48 4959922 3
37 38 235295 5
69 78 5949189 2
47 66 9012688 7
51 79 8261988 2
5 6 693814 5
62 80 6905155 2
89 95 1768611 3
36 88 1188196 1
19 77 8717628 1
6 82 5062696 5
65 68 9624157 2
7 28 2479526 3
8 75 6793523 6
70 83 2802090 5
68 85 2611806 2
14 39 430098 1
80 89 8146279 4
1 78 4413661 4
13 88 4501927 3
39 42 3412771 5
1 26 6299651 7
42 47 4436519 4
4 54 8512029 1
28 39 7508612 3
28 81 7039726 6
4 85 775121 3
2 20 5610090 4
68 84 2517504 3
44 72 5741841 6
84 91 9291707 1
12 92 4110397 2
68 92 2218490 1
63 75 1691845 7
42 43 5107069 4
13 38 5617197 5
57 84 4300733 1
8 45 7089198 2
8 69 7969677 2
14 51 1343627 4
54 91 5063581 5
17 23 9449835 5
19 22 2073174 4
52 71 4216428 6
40 53 717827 6
23 80 4383262 5
2 42 5186989 1
46 65 5965323 7
44 63 7842153 7
42 62 5620540 7
9 43 5739293 5
19 88 6415118 3
5 56 9528179 5
7 81 2571087 6
5 35 5766070 7
22 61 345327 5
89 91 271926 1
35 61 9741318 2
57 71 7106408 5
70 86 304776 1
49 91 7568187 4
11 37 4066222 5
13 79 934307 4
51 93 2380194 1
8 42 8653837 6
26 71 8126627 3
57 60 3242896 3
67 78 4975260 7
18 21 6923631 6
32 85 2257129 1
18 24 6730026 5
8 20 4414422 3
42 63 5667806 5
57 77 9231219 5
10 79 9415052 7
19 48 5304629 3
2 76 1352027 4
58 87 8650673 1
3 11 5983724 2
25 36 5519589 5
49 53 5164853 4
47 86 3331566 7
16 45 7323992 5
6 70 7311427 4
35 84 806048 1
32 44 208578 4
36 70 8009128 2
4 22 2744286 2
2 87 5551035 3
20 91 553601 6
46 78 3870949 1
25 61 6691944 4
54 76 1118152 4
1 91 2708481 6
14 80 5826200 2
29 46 7914703 2
23 57 2482068 6
33 87 3960721 4
22 23 2537587 6
15 19 9039791 2
24 37 4543493 1
48 89 526254 2
17 93 3867946 4
37 44 3783815 2
9 51 3633402 7
9 70 7552904 2
86 93 9869894 6
49 68 2692301 6
78 84 6929134 6
29 77 1281413 3
23 92 7690894 1
17 28 5484759 3
1 2 2896848 4
35 42 3182546 2
5 11 8991819 3
24 65 5611013 6
9 72 4011947 2
37 53 4833531 3
9 53 6939625 2
68 71 7707620 7
58 64 3155834 7
66 84 8787665 1
19 24 3283251 3
13 29 7465038 1
51 52 4354425 7
65 80 535650 3
10 95 4112575 4
37 79 4947621 4
10 26 9974760 1
48 90 736401 2
83 87 9586005 7
65 83 4313143 7
2 75 5318719 2
41 73 4286728 1
17 85 8595450 4
22 83 2526387 7
14 34 1223737 4
49 94 9558320 4
6 71 1918627 1
8 81 1222253 1
32 87 5598952 4
31 59 6765209 3
40 60 6287950 4
96 104 8449271 6
40 86 1833574 3
6 41 8592551 7
15 75 4001765 4
88 89 2112739 2
10 61 4803615 7
3 94 7537048 2
92 95 5305561 4
41 71 5445909 3
20 44 509875 3
30 84 2506880 7
29 78 9506903 7
17 63 3941534 4
55 86 9424800 3
23 54 1715559 2
28 63 2476522 7
44 51 3250041 2
8 50 1438160 3
54 68 4973048 7
5 34 4739371 7
11 52 5328440 2
65 73 7024153 3
33 78 6691029 2
26 65 3122781 3
59 61 9902873 3
16 20 7836994 2
9 66 7631116 6
39 74 4148403 4
35 58 1479148 7
74 78 4051786 6
38 88 3034153 5
1 15 4580345 7
11 92 2675175 4
61 85 1472596 3
50 52 9306866 4
79 86 158610 4
5 41 5392782 3
8 43 8792166 3
20 28 5672047 7
3 30 7221333 3
31 48 8635622 3
13 84 6786595 7
30 53 1031359 6
5 89 4327997 6
39 45 5752706 2
42 90 8129916 6
54 88 8979799 5
15 92 6152725 4
5 40 3432162 2
98 100 8084047 2
2 55 1856085 7
43 55 9758251 6
58 92 6314511 4
96 99 4418907 2
41 58 5333252 4
88 94 5880457 2
1 45 2329775 4
10 55 4946745 5
56 60 9115663 4
27 28 594845 1
27 50 8536524 6
23 85 5006294 2
4 66 462998 6
3 79 319907 1
14 65 9117310 2
26 46 8436861 2
3 90 8240601 6
20 43 8141511 6
22 62 9609338 2
19 52 1691145 5
4 75 8083919 6
49 51 647808 6
4 8 3891196 7
8 86 4656166 5
48 64 4455677 3
10 27 1767082 3
7 20 9758211 1
2 36 4022338 6
4 52 3692197 7
97 106 4427878 3
55 83 4349025 6
45 69 1727340 7
42 66 9538030 6
57 95 3188721 2
19 53 129554 3
9 44 2841550 5
26 41 7270496 2
54 79 5605225 7
28 48 9461191 4
18 20 4532652 2
18 27 3010763 4
7 93 8645774 4
3 18 905418 6
7 77 4632079 2
47 82 1598234 2
39 56 7264855 3
34 35 581352 1
69 81 5285185 4
15 37 8347786 1
1 21 5871207 5
19 74 290421 6
8 13 6279303 5
46 64 4673815 4
7 56 8323454 4
56 76 57273 5
30 76 8494278 5
108 110 8499813 5
55 58 9305824 1
36 60 1461373 2
14 84 4970210 7
57 85 264085 2
45 53 795121 7
50 56 8556519 3
5 58 1779284 2
39 66 9599313 1
1 71 9948593 4
28 44 8146376 7
27 68 6902586 7
10 17 9453443 7
56 91 7657242 6
65 74 8452811 1
25 72 4240143 7
11 69 3072232 1
32 50 164180 1
15 24 7362165 1
52 56 6800869 5
1 7 4154550 2
71 74 5316464 2
3 74 4084986 5
30 58 2175 4
34 50 9304259 7
60 90 936569 4
28 40 2530714 4
16 57 5657225 3
24 41 215061 6
15 84 8829979 3
43 88 3329440 1
4 78 8668607 4
26 66 3582468 2
15 79 936877 4
40 52 3481852 3
27 87 7851021 2
35 41 1020613 2
43 74 5136129 1
31 55 8974883 5
55 75 278991 3
96 102 1363714 2
9 22 4282360 4
2 82 3870591 1
14 81 5281609 3
17 88 3001713 2
62 66 3817706 3
21 51 259965 1
17 25 2537892 3
17 36 4449494 4
9 94 6059648 2
16 19 9023649 4
7 95 4820570 1
10 23 6641887 7
11 77 2220087 2
36 39 6075050 2
20 53 1048388 4
34 72 8244574 3
50 68 708834 7
16 17 2321740 7
45 80 8220451 1
69 73 7215144 7
39 50 6571275 5
33 72 7580983 5
43 44 4459090 5
2 83 8160275 5
10 47 8694844 3
79 91 4488496 6
83 86 7546543 6
64 83 8490712 4
56 67 6968361 3
9 84 4722223 7
41 77 1223441 3
2 8 2217692 1
12 32 9457255 1
12 14 6852837 7
26 40 3584950 6
72 89 7699363 5
1 80 5684179 5
12 89 8751718 3
26 74 3927142 2
29 37 6506109 6
52 87 4795897 1
45 61 1196033 7
42 77 8178501 5
38 53 6787044 4
45 81 747102 5
22 67 8363288 1
1 93 473701 6
10 93 8877153 7
23 66 9326217 3
8 80 4341781 4
4 33 1035679 1
22 66 1715463 6
87 89 8489452 3
42 93 7027454 3
38 79 1782474 4
45 68 310541 6
24 43 1258030 1
54 64 2050562 4
47 90 4550487 2
11 23 1658778 7
57 64 8669979 6
47 92 7891589 2
15 78 7420378 3
8 66 4837435 3
58 82 1693812 5
11 73 13728 1
44 79 4602710 2
78 93 4175751 6
53 71 4047057 5
12 38 1058253 1
19 76 1832011 7
33 53 9483710 4
74 77 1782096 1
17 76 5798489 7
10 73 4343856 4
49 77 2791224 7
81 91 6537965 6
51 63 4212823 5
42 53 7511344 6
4 90 5638913 5
12 27 9252324 3
45 90 5711096 7
5 19 4140452 7
16 22 9359718 2
28 67 7418340 2
75 91 7985645 6
44 73 6869742 5
2 58 3670386 7
64 71 3952323 1
41 59 4904657 2
57 72 7500856 1
16 29 41338 7
54 85 4670579 6
1 36 8734455 7
28 70 6945723 1
1 75 3850879 1
12 19 2049894 3
43 87 4899041 3
33 82 9320167 4
2 95 374377 6
3 26 878965 3
26 85 2696620 1
38 80 5719644 7
60 78 8624850 4
21 69 459411 4
19 75 255704 6
38 71 6843670 2
47 56 9718513 4
4 43 1498608 7
7 23 4106510 2
3 59 3960369 1
60 76 1340929 2
20 48 4721052 1
17 72 3803722 1
32 42 9125677 1
14 21 3340562 7
51 91 6868914 3
42 73 6954424 4
17 53 5413151 1
52 53 7569178 1
10 66 2496848 3
50 71 1205197 4
6 32 4092170 2
44 49 956315 7
10 69 8858178 1
30 39 9655900 7
66 78 196568 4
22 73 9415173 4
20 93 2269152 2
37 90 4601697 2
19 23 4103098 1
9 95 1490457 6
54 89 3028257 5
76 80 9357015 6
39 44 7650937 6
20 68 8177198 4
28 36 5746869 2
2 78 7574872 2
66 91 6898206 6
40 90 190465 4
18 94 1001702 5
6 25 324448 3
1 50 6889908 3
51 74 7581446 5
24 73 6377551 2
38 66 7664942 2
24 47 7712273 5
20 84 5132596 2
64 81 4834003 5
18 51 5388857 6
57 70 8746782 2
16 21 9169999 2
67 81 3398775 6
60 79 3846003 6
1 64 7987637 7
6 77 5679752 2
32 74 6127178 1
11 44 1379046 1
4 36 8890464 6
33 58 641527 6
22 35 5621820 7
99 105 7435474 1
18 52 2358191 1
71 93 9697008 5
33 85 6968966 1
67 80 7714707 7
29 60 5085505 5
55 74 8067056 4
109 110 873428 4
32 84 9831872 4
59 66 9314398 5
6 55 7695077 3
31 56 6478491 4
18 88 7708509 1
70 88 9879441 6
1 30 1624730 2
28 91 643284 4
7 59 4176662 5
36 81 5519926 6
19 33 2762823 6
16 56 1092996 4
35 82 2025216 6
40 42 5918591 5
30 65 8190723 3
40 51 7768297 4
22 70 6227690 4
13 39 2985727 1
4 40 5305467 3
78 88 9563254 6
24 84 786278 4
34 44 2049174 4
36 87 6615906 5
12 34 1935143 5
32 91 6177558 7
71 73 6745690 4
24 34 4177326 5
16 90 2143123 1
5 37 9521594 6
32 63 8544137 6
23 75 3886044 3
90 94 494976 4
19 39 6788083 3
43 53 4718276 6
5 77 4543535 3
59 68 706675 7
20 80 511667 7
13 57 6657241 7
54 62 8643990 3
23 46 6950524 7
39 80 7178267 2
14 79 4617198 1
72 88 4613028 7
24 71 4828584 6
27 30 8658433 6
68 87 9016776 7
23 83 153399 2
5 71 2931171 1
11 81 5851979 4
18 40 5895026 6
42 85 3965299 4
17 64 404052 4
63 87 3181384 2
18 23 5433278 1
24 42 8385146 6
6 35 6249150 7
17 89 2760932 5
33 73 1141857 3
29 69 5032896 6
8 88 6361660 1
25 67 3922232 1
30 57 5325277 5
64 75 4235100 3
8 35 9741462 7
3 80 3323387 5
15 72 8182920 6
28 94 1065173 3
38 70 766946 3
69 77 4520624 5
22 39 5064776 6
83 85 7720618 1
12 87 6967040 5
8 51 2780445 1
37 61 7696839 4
4 51 99732 6
106 107 8007790 2
19 47 3392325 4
73 88 9982154 2
100 101 3975329 3
9 91 9731761 3
27 57 7512332 5
41 90 4174918 4
38 55 1830266 3
20 66 5492208 3
59 71 8450807 7
46 71 2879320 7
6 78 954926 4
39 77 4286729 6
35 47 7511689 4
14 36 4217883 3
46 85 5252667 2
17 31 1080294 4
3 76 2680771 5
57 61 2322110 3
53 87 5631704 7
23 69 8586300 7
13 83 5465532 1
15 52 4016648 5
56 86 9347137 3
105 106 3679282 4
11 84 9688661 4
19 41 873419 5
9 12 6139921 2
16 65 7713785 2
14 45 9483501 5
37 72 2362033 7
53 56 3895886 7
57 68 200626 2
32 33 2910808 6
36 90 2789095 5
5 46 5437410 1
67 70 8758644 2
51 78 4197134 5
65 87 1599109 6
4 58 6542280 6
11 62 8253740 6
6 79 3527869 6
46 77 2282307 3
50 77 9247223 6
4 61 3229003 1
5 73 6131539 7
20 62 3684429 2
16 78 6233753 7
12 45 8814237 4
31 57 9650124 5
1 87 5307737 6
12 39 3447771 5
56 71 5181084 3
20 46 4620006 7
9 54 5649633 5
8 77 8850304 6
104 105 4267645 6
34 45 8378516 6
3 27 2257516 6
31 74 9165098 2
32 59 7059723 2
59 65 186751 3
67 77 9506174 3
15 26 7711302 4
20 45 3754793 4
64 86 5254532 7
5 66 3358655 5
4 82 4447622 7
22 91 2797152 4
42 81 6455646 3
37 73 7800779 3
15 91 4165946 3
8 94 9659356 6
27 85 5635781 2
33 86 455972 5
17 57 6238912 2
13 19 8858144 2
58 93 6467706 7
42 69 5136787 4
2 79 4152451 2
11 47 3321630 6
63 68 3726320 3
6 58 6237039 7
5 15 1735820 4
42 91 6011233 7
80 87 3318180 4
53 93 3123035 2
20 34 8784001 1
36 58 8182657 1
26 37 8308892 2
21 30 4549854 5
60 77 8840620 1
38 64 7933856 4
40 81 6541799 6
18 37 9229887 5
10 77 4682841 2
47 80 9630218 5
2 68 3230898 7
70 73 4629954 5
13 73 5771539 2
52 94 1258835 2
9 56 264091 2
41 92 6628970 2
6 60 4659415 1
47 71 6239637 3
57 78 8723697 3
29 55 622206 5
60 69 7758338 1
18 70 3458480 3
6 76 6359499 1
50 69 3907647 7
29 43 1428099 7
46 66 8219264 2
73 87 7099622 4
40 48 3956363 6
43 50 6350445 3
99 104 1046460 6
22 84 5962705 6
8 18 7476460 2
43 63 2585033 1
69 70 3705052 7
14 64 9193497 7
35 94 4331513 3
43 65 8659665 7
38 93 9391548 1
32 56 2095363 5
3 36 1846827 1
9 50 4143495 7
14 40 7479336 4
39 70 1263452 7
57 83 6254076 7
19 61 5391525 1
19 80 5662945 2
55 78 6763219 5
30 34 7705998 1
8 85 9967072 5
22 49 3785048 1
12 64 7973893 2
17 42 1141878 5
29 94 313596 1
58 69 957434 6
69 93 7341615 4
25 43 909874 3
2 39 4603987 6
61 75 8706527 7
11 93 7620084 7
52 95 4332444 7
68 91 1178607 1
45 54 5804748 3
90 93 7695171 1
4 9 1265751 1
52 86 9146508 3
20 50 3603384 7
12 76 40789 5
63 65 2892300 3
8 17 1909564 5
3 78 9600297 6
2 3 2626429 6
9 38 8570801 7
48 49 1212959 5
85 92 9641413 2
29 92 3470863 5
67 73 6081211 2
22 31 6151126 1
6 91 2653707 4
73 95 75997 4
33 43 4929662 3
75 77 8534640 2
43 76 3732641 7
13 37 5153878 4
7 17 728185 2
69 84 9125061 1
78 86 5887825 2
31 64 1703471 5
11 38 8206319 4
11 30 2134397 5
45 86 2039219 1
18 53 7489310 5
53 80 4438222 2
36 55 5702281 7
14 28 9614050 3
68 74 8372990 1
70 76 7044547 4
57 92 3320601 4
19 51 753801 1
42 92 2565158 7
66 87 9662351 3
85 90 3279907 7
88 90 5627062 4
7 57 1980535 1
11 21 8697453 4
57 94 4126507 6
39 65 6048603 4
59 88 694867 7
32 49 3713817 1
57 74 1544216 1
12 85 6096849 7
75 87 5715218 4
12 31 9636627 5
80 92 5729234 4
23 31 2724691 7
82 83 6901226 2
34 53 2135162 1
3 85 6119067 3
31 41 2161786 4
28 37 1981206 7
45 62 1989274 4
15 50 1990606 6
15 59 2888855 1
44 90 8309161 2
1 51 3260046 3
19 87 4919508 2
2 51 9196464 4
31 44 8863178 4
68 94 8582172 3
38 42 5793182 6
3 61 8165030 1
24 94 2505131 2
7 36 9088241 1
2 65 7797022 6
55 60 8418480 6
5 22 1146425 5
1 81 8223365 7
70 80 665521 1
35 95 2619183 1
10 39 9871182 7
13 33 6540046 7
21 76 9201837 2
25 85 7761633 6
28 89 7316042 4
52 60 8179987 5
27 37 1745565 2
51 85 5406127 6
10 68 4667548 1
59 82 2070680 3
2 52 2522832 3
45 47 9451341 1
59 79 3103609 6
51 56 5239729 5
48 68 6860257 4
67 85 8365393 3
23 63 9233196 7
4 56 1152331 2
33 83 9791586 3
96 103 1804770 7
18 49 9615402 4
58 70 8583687 2
58 73 6178397 3
6 81 655138 2
26 59 1637731 2
9 13 7002827 4
33 40 6219710 4
3 58 675327 2
54 75 9469481 3
88 95 4743614 3
35 87 5214395 5
11 59 5540498 4
21 70 7683368 2
50 79 903323 5
85 88 3172171 1
81 86 9827090 5
99 102 9689337 2
12 69 8539154 7
68 93 1814477 5
33 91 9686645 5
36 57 3105719 1
102 103 3492116 1
19 50 3227292 3
35 60 9168557 7
16 41 6860242 5
1 88 8312792 1
41 93 2089725 5
18 26 3517822 1
33 75 7623712 7
6 88 7767206 6
8 33 8591440 3
41 45 6329847 5
48 77 3209909 6
58 90 4287703 1
12 18 1072297 2
58 66 5415749 1
5 92 6275487 5
51 68 6691342 2
74 87 2677044 4
6 14 2465844 7
34 40 6178460 4
81 92 6836533 6
59 73 4521226 3
56 75 3869119 5
41 74 3548977 5
28 54 9038733 3
25 28 929188 5
60 88 7096070 2
76 84 8933043 6
41 44 6332681 5
9 19 1238444 5
97 100 3157200 5
50 91 3275692 7
56 65 4031200 4
21 77 2666891 2
17 47 3103855 1
45 59 908989 1
64 84 6851588 6
23 26 6255979 6
18 25 4696889 2
33 56 535305 4
53 55 2684951 1
24 30 9264689 6
78 89 4778860 3
65 82 492034 2
37 51 2257680 5
14 26 8710020 3
7 80 3403961 7
26 36 4634900 6
9 35 4800560 3
40 56 2994976 4
19 42 6458140 4
33 89 8766761 7
69 75 3475835 4
60 66 351003 1
31 75 871838 1
11 49 1516177 1
8 53 7814853 6
56 69 4543343 1
25 79 7761195 6
35 91 6718000 2
24 57 1150025 7
98 99 9211789 6
36 61 7292642 7
36 64 3175128 2
34 55 1729145 6
67 79 3763695 5
47 60 6921598 3
99 100 5780059 5
29 48 8488168 5
13 60 9823744 7
47 54 3198563 3
24 45 1612452 4
18 66 2535706 2
65 66 5609233 6
8 83 4885079 1
15 36 6724853 2
34 84 9986514 7
58 77 8171962 6
3 71 7194060 2
61 84 6353504 6
45 74 5029510 4
41 87 7186634 7
53 78 1055751 4
9 14 4112203 2
7 45 2837894 3
17 26 8730599 4
22 63 7758727 4
5 80 2361331 5
34 57 2341423 7
13 64 6040891 2
14 93 1002763 1
30 46 4598102 3
26 30 6262177 1
59 84 9172336 3
11 95 7661297 7
31 36 1917583 1
44 68 2180741 2
21 53 8076703 7
20 31 5134852 3
24 59 1760405 3
57 62 6496682 1
22 29 9826887 5
25 76 434949 7
9 81 1681050 6
1 46 9072894 3
1 4 6503114 7
46 48 860849 7
67 91 90906 7
33 55 4885680 6
52 74 7257157 1
70 72 6536245 4
55 77 9294194 2
21 44 6456998 1
30 37 4017631 7
1 58 9493182 2
4 89 1546007 6
21 71 1928866 2
12 42 9945907 2
37 76 5611286 7
54 81 5461318 1
19 27 734141 4
46 62 481615 2
29 74 6900725 1
7 39 4277002 1
18 54 7202960 4
67 68 6530432 3
55 67 2430016 6
3 65 9762703 4
17 91 3612485 1
29 40 7235404 5
58 81 8074977 6
49 50 5545756 1
21 33 1864943 4
8 31 9229665 4
79 81 4034246 2
32 90 2833392 4
22 48 6575395 6
20 83 3457745 4
1 22 1873362 7
5 44 3366076 6
32 43 7246024 2
11 75 5354350 5
69 79 7521953 1
43 54 19179 7
31 70 3178318 1
26 84 4382312 6
1 42 4879749 6
56 95 5606951 6
49 76 1430556 1
77 87 7930264 4
75 90 5441323 6
8 26 9673351 4
31 60 4401206 2
2 23 5635837 7
4 41 3981291 3
65 75 6738249 6
71 95 3576258 5
4 31 8178259 2
23 27 7903887 4
36 82 103185 1
10 63 7695192 4
13 93 3168113 1
15 70 1679790 7
64 66 3299942 1
35 66 5369151 6
8 10 7463388 2
56 82 3968048 3
51 61 5540247 5
7 32 4165867 1
11 35 3585990 1
107 109 6421787 2
21 79 8028 3
62 78 2995657 2
47 52 1380882 2
71 92 7651853 5
14 62 2833904 1
18 84 4584639 2
5 52 1788461 1
12 66 9507727 6
63 86 9415175 2
80 93 8843488 4
16 46 9738363 6
26 58 1440517 3
67 87 1443259 3
28 62 8869179 5
27 60 9604560 5
40 69 2253826 6
36 69 2504225 7
64 70 8822382 2
41 61 3065905 6
59 78 9396281 3
28 82 8251157 1
11 39 1561288 4
67 75 9691849 3
45 64 7101010 3
9 57 6757392 7
26 55 8310761 7
50 60 5144185 7
99 106 5221534 6
45 77 1619627 3
30 91 530436 4
22 28 5728322 2
28 77 9851809 3
10 89 4591822 5
47 87 3636799 7
42 72 2380917 5
16 50 3224328 7
67 69 5876254 7
39 61 6021692 1
19 55 1377369 5
1 10 6400986 1
45 93 1805572 5
25 57 3406223 1
26 57 881221 6
67 83 2488062 7
15 22 6191038 4
6 24 2755217 7
14 75 5965293 2
74 89 4558346 2
47 62 4953686 7
37 87 7529114 7
20 40 7844205 7
36 46 9931730 3
17 69 5587274 3
31 78 1927644 5
35 75 9038537 3
31 53 4607362 4
41 80 6322710 6
35 71 7110621 2
54 63 9141960 5
101 104 6209786 5
49 71 1793635 7
9 58 8837870 5
30 41 1773574 4
1 44 183239 3
48 69 1247416 3
4 69 5963326 3
3 12 1994629 3
15 88 7585905 7
56 66 654588 1
40 77 7693620 2
36 53 9046666 3
44 77 6550846 7
5 81 2216269 5
29 82 7377962 6
43 46 1494802 6
2 73 7555961 7
27 41 5785333 7
31 65 7936628 2
8 15 3536548 6
16 51 7624737 3
29 31 5639135 5
76 79 7060398 6
61 69 2377168 2
13 23 1859160 4
21 52 5397287 4
38 44 4477549 7
39 48 3753815 7
13 85 4966130 7
27 80 6474239 1
9 25 3694638 3
6 40 6472050 5
31 37 3752008 4
26 31 3948794 7
28 59 7456199 5
35 86 6508378 5
21 47 577629 6
26 68 461702 6
16 47 201961 3
52 91 9056163 4
25 38 869282 6
74 84 1939140 4
20 71 7157253 5
73 78 7682037 7
70 78 2613357 1
3 9 2102607 5
59 94 4541474 4
12 44 8801008 6
25 29 3638434 6
73 81 8186638 6
38 60 8276893 7
4 15 2115344 4
10 59 3222660 3
54 60 7209866 6
48 91 7894660 7
55 92 5143788 3
4 11 8687280 5
17 70 1222505 2
30 75 500736 2
27 34 3610906 1
19 44 7490145 5
54 59 1629995 6
18 62 9481406 3
42 64 2425589 6
46 67 493187 7
53 89 8937567 6
72 82 3598796 1
13 95 5946413 2
50 66 3710080 4
60 95 3031109 1
83 94 1134094 1
10 14 415268 1
1 53 7770016 6
2 47 6369677 7
48 82 5069805 3
74 93 3223668 2
12 51 5375094 7
39 40 1562953 6
23 64 6252490 6
20 95 3087912 1
30 40 2746158 2
61 71 6466915 4
67 74 3000981 1
29 30 4294906 5
32 40 391253 1
2 38 4788492 3
10 36 7209842 3
15 95 8619062 5
25 47 6915447 5
63 89 2161074 2
16 80 23809 4
60 93 2119990 7
1 43 4989905 4
27 69 739208 2
21 88 2259062 5
3 23 2635501 5
2 5 8295090 2
4 64 5511393 7
63 78 7207221 1
5 91 9411485 5
9 86 7658804 4
5 10 9907022 3
20 59 9401490 2
87 91 9803177 5
21 91 2392889 5
51 71 9031642 7
44 54 8746872 7
25 48 3711552 5
53 65 3871609 6
20 27 9216567 2
30 61 6182106 3
18 63 2216360 3
38 54 7114413 4
48 81 134431 2
29 49 2416757 3
24 26 3218282 2
26 47 8588463 6
44 64 2315754 5
15 39 3449313 5
43 82 3426174 7
34 67 5755269 6
43 79 2040061 5
4 62 1976502 5
60 92 7328988 1
17 79 9443248 7
67 92 5555475 4
46 84 9161724 3
8 63 3152310 4
41 65 4793741 6
30 71 7110882 3
44 95 4238319 4
9 77 2771012 6
39 88 9328875 7
70 90 994979 6
49 67 5745713 5
47 76 5709707 4
22 57 827970 6
2 49 5407931 4
13 54 1190874 1
58 68 241741 2
39 83 7527894 1
74 76 8508530 6
34 83 2912925 5
21 92 5906125 4
41 57 1181934 7
37 42 7492127 2
49 88 8272998 6
6 92 9816267 4
9 49 9759546 3
77 83 7878943 1
46 72 2260255 4
14 63 5723935 5
71 90 542613 2
83 84 2626174 1
50 53 5416774 2
37 84 12259 4
22 72 1338588 3
54 82 4393867 6
3 37 5520686 5
1 54 9508226 1
31 38 7513702 5
23 61 4903714 5
23 34 9208271 5
28 88 6838739 1
29 42 4222715 4
7 70 4893861 7
22 52 8265933 5
52 65 1589707 2
5 21 1110017 7
17 30 8496211 6
33 61 186024 2
60 80 7463950 5
5 76 8327394 5
31 47 3454636 6
11 60 5342927 4
4 94 6929129 3
25 92 8187832 7
74 81 906505 2
45 95 8455998 6
61 63 2524596 3
57 58 5405647 4
15 71 8771979 2
19 68 3653282 3
23 82 6135450 7
14 71 3382613 1
12 86 4509578 3
67 86 2071893 5
22 74 4498464 6
9 79 6584675 4
11 79 8215918 6
8 82 4051586 3
8 95 3764217 4
37 89 4108307 3
26 27 9658567 3
54 73 7161583 3
41 95 5618256 6
1 76 5947121 3
14 42 263623 7
27 61 2558401 7
65 91 263766 6
36 85 4428646 5
25 58 3519277 5
18 50 6592352 3
37 80 4617510 7
16 82 9533729 5
58 62 5024509 6
13 14 7211887 5
48 50 370865 6
7 47 8615759 4
33 49 538287 6
12 67 7840953 3
37 71 377556 6
44 93 8519581 6
38 46 6078058 4
42 79 1599562 7
13 90 4416859 1
28 72 7576390 3
11 50 5152268 4
13 91 8187169 4
25 56 5928324 4
35 49 1664802 3
4 29 8729934 2
26 32 9095890 3
40 74 8223429 3
23 42 1413731 7
21 68 1327516 2
44 47 8218964 4
28 30 8468709 1
70 81 5049410 2
12 24 6594113 1
24 50 1538139 7
26 70 9603495 5
72 91 8960359 6
12 46 6213639 3
48 78 7806139 6
30 77 2319518 7
36 63 1550416 4
7 72 8001409 2
8 64 8642642 5
35 72 4366648 2
2 29 9067880 6
43 45 2063270 7
29 76 5848877 4
8 87 5842352 6
10 30 9697399 6
26 88 4209917 2
49 78 2137026 2
39 62 1254690 5
43 86 8565597 7
73 75 5384871 1
50 92 7761874 3
7 67 7286629 5
42 51 1039337 5
15 40 1043833 3
56 85 896883 2
71 81 2312243 1
5 25 656871 6
5 93 9361646 1
42 80 6098645 3
37 62 4865410 7
8 90 5417448 7
30 51 5183877 3
39 49 2581062 7
34 46 2707231 1
28 53 2977691 1
62 88 4813322 4
47 70 1726184 7
18 56 6770833 3
15 86 7017111 7
47 81 3116172 1
61 81 4443731 1
38 85 3226921 6
1 65 3271170 4
46 60 3433263 6
11 36 7097408 3
42 44 574544 7
33 70 83660 4
72 78 5464890 5
11 46 1358942 7
55 82 5202339 5
72 75 7255199 7
45 94 7319926 3
6 7 9736644 4
74 95 2900132 7
64 80 6361521 7
74 85 8905733 5
28 56 9978816 2
16 84 1907595 2
21 35 5524833 4
28 61 4947507 6
31 72 5007327 1
18 90 8151255 5
47 63 1523815 4
37 91 8446336 1
24 44 7637578 2
28 46 5917236 2
86 89 7478632 6
52 58 3670046 5
5 26 6129439 3
26 77 8972363 3
16 30 6052473 5
29 83 8228980 1
21 90 8913522 5
15 64 1525745 5
21 37 4145187 2
42 52 6011519 4
48 84 5029550 6
45 50 8987417 3
39 58 3294631 4
24 67 5396539 7
36 94 9490450 3
20 72 2701282 3
34 52 4229438 6
38 65 510388 2
6 19 3845749 7
65 84 9545971 3
33 54 9542044 6
85 86 2736222 4
46 47 4386586 3
12 52 1203535 2
52 69 2271667 6
58 72 5571065 4
48 76 9841774 4
3 39 6844659 4
40 71 8257849 4
16 70 9242015 1
77 93 3856555 4
27 83 4704251 2
39 54 943715 4
27 33 4153795 7
53 83 1094280 3
39 69 1587126 1
42 75 5163496 7
25 69 9089809 6
3 33 3741212 4
53 79 3893134 7
39 75 4203520 6
51 83 6645968 3
38 74 6163223 7
23 89 6854986 7
53 85 4486928 7
8 76 6961378 7
43 81 3391694 7
37 55 4756611 7
8 68 1909042 3
14 33 3907506 4
20 30 7628335 3
30 79 4414463 2
53 91 932435 6
21 22 8090538 5
20 61 568857 4
2 54 1968177 6
42 71 1569868 2
42 70 5352065 4
20 60 4452452 2
46 50 1751123 5
49 73 8694807 2
17 78 9630359 5
1 29 2570709 6
20 85 4166313 6
24 33 6487282 5
36 68 5367498 6
11 65 151408 2
37 88 9167643 4
21 40 9869993 2
59 62 7663861 3
46 92 828684 2
35 74 4267857 7
10 91 7595645 3
83 90 8845782 7
16 59 1231921 4
15 25 4952961 2
34 56 1217843 5
61 90 131109 5
5 63 2915901 1
102 106 2740457 6
76 85 7854639 5
12 48 8051368 7
29 95 6867104 7
3 28 5875494 4
18 31 1289493 7
5 69 91223 6
77 78 9848402 6
4 57 485362 4
70 94 1537551 7
35 76 827985 2
3 31 7780397 5
3 41 9199604 4
79 92 6523210 6
32 69 9380525 2
61 73 3629555 7
10 46 2446258 6
11 17 2369046 5
90 95 6269749 3
13 56 1313947 5
7 46 4768729 5
64 74 9979446 2
30 80 3385165 2
45 87 6671435 5
63 92 6337451 3
9 42 3865989 7
4 72 5468628 3
76 81 3826108 7
36 49 7717960 5
31 80 9106511 7
41 94 6160754 5
2 93 4691036 7
46 80 3513841 4
22 85 65940 2
49 80 1616732 3
33 59 2481534 6
49 65 1118146 3
14 37 4648873 4
29 44 3461878 2
81 87 1926899 7
47 72 4899994 6
22 89 4178186 3
35 44 3483768 1
3 16 9953055 3
15 38 5199051 3
13 62 5307430 1
62 94 3875207 6
91 92 2501528 5
28 69 7171958 1
3 47 4378931 3
1 28 3846739 2
33 37 1932223 1
37 59 5410545 4
38 62 5120126 3
23 94 2313471 6
15 34 3202751 2
44 85 9152917 3
33 39 2887719 7
14 78 5198856 3
33 71 4171259 6
37 46 567644 5
63 91 1561733 1
27 42 8326835 6
69 80 5541524 5
29 91 83775 7
81 89 4468676 4
27 38 2541424 4
50 84 2513500 7
8 39 7799043 4
24 63 9382181 3
44 80 5887328 4
20 52 6645272 2
56 89 3889838 2
30 48 6229608 4
35 50 246420 4
86 88 798419 6
35 55 7416025 5
33 76 3512115 7
23 76 7939660 4
8 84 3179074 3
98 106 4936762 6
18 44 2830742 3
8 36 7062080 7
13 59 1818259 7
3 73 8395411 7
40 82 8101410 2
75 81 3688774 6
4 28 6269706 7
16 72 6639540 5
62 69 1641217 4
30 85 7106791 4
66 86 5741817 2
2 72 331928 6
5 59 3742364 5
16 28 1527007 7
22 69 8141563 6
35 88 1990365 2
35 38 1454722 1
25 26 6366515 1
19 30 345808 1
10 87 4366604 1
45 73 7132211 1
25 62 8147254 4
45 65 4511744 3
4 44 6535529 4
58 84 3763910 6
9 88 4496968 6
14 35 1798300 1
10 82 5884110 3
73 94 4469433 1
14 73 36468 6
82 90 4481407 6
2 70 7447676 1
37 69 9350466 7
4 6 3314736 5
36 62 3700389 2
34 95 4307459 4
52 83 7065819 3
54 55 6362963 1
7 52 388421 7
11 29 6813032 4
2 7 9818105 1
7 31 7189149 2
61 76 909090 6
7 48 3579765 6
24 46 1075695 3
51 62 1468436 2
19 40 1550033 6
47 65 6382889 3
31 39 2801561 4
1 66 4981276 3
16 83 8438331 4
26 67 6709409 3
27 84 4036779 1
27 67 9785354 4
17 49 332545 3
72 74 5975640 5
6 83 8217443 6
87 94 7018064 7
64 79 7684439 3
6 31 5107195 1
33 35 386192 7
43 67 3636946 4
61 78 3694571 4
28 66 8863098 1
35 80 3459283 7
35 69 5031157 2
17 75 2241242 5
38 90 4686080 5
65 71 2086973 7
64 91 5927706 2
68 80 3174652 4
14 77 505909 5
80 94 7906225 2
49 69 6018495 1
48 73 2065774 5
4 73 6070855 1
34 74 5128781 3
25 89 4238489 4
32 55 1237277 6
68 73 1336094 3
3 17 9842344 2
1 72 1380412 5
8 25 9980255 5
23 72 2762807 4
2 80 5868589 3
22 64 7376743 6
15 35 2304178 7
44 67 7546991 3
84 93 8863801 1
64 78 4234228 3
39 85 1078188 3
49 55 902862 1
6 43 6244359 2
47 48 3174902 4
42 95 1014702 5
23 40 9929509 2
16 73 8788917 5
4 60 1845837 1
18 42 2009254 7
38 94 8019873 4
38 87 779821 3
15 16 8082450 7
82 87 8618930 4
31 71 3569012 4
5 65 768254 4
28 41 7805747 4
36 40 6342135 4
41 46 9875548 2
38 50 1715976 7
27 44 3206569 3
40 75 4401531 6
33 52 7155330 5
21 66 7108780 3
75 88 478692 5
35 63 7013579 3
21 57 3397537 6
98 103 7548389 3
9 29 6222902 7
10 67 2923822 4
6 86 486316 3
20 58 7832438 7
17 59 8892222 7
23 50 9732132 2
4 30 1073397 3
73 83 4521667 4
15 44 4536580 4
56 58 1089993 4
1 13 8084133 3
12 90 9999112 5
38 48 3853040 1
73 74 18775 5
1 8 6734348 1
20 23 744807 7
78 85 3238738 2
10 43 3242203 5
35 64 4771195 4
38 47 5544366 3
7 75 905015 2
32 73 1842541 5
35 48 889804 7
33 94 6064734 3
85 94 4547874 2
40 83 5327607 4
66 71 3740121 1
41 86 3380484 1
108 109 9606778 1
72 81 5733705 6
36 93 715877 1
8 70 5470985 6
55 68 2152400 2
10 86 7746869 6
37 58 9477243 4
10 51 6053459 1
45 67 4068573 5
16 53 7778446 3
2 16 9133286 3
57 93 5238285 3
82 89 1762926 5
7 78 8581489 3
81 82 2854424 1
53 77 2649030 6
12 40 4806578 3
21 24 7561296 6
24 66 6955668 3
55 95 4376864 5
13 75 447854 1
7 88 3519981 6
92 94 8589704 2
80 88 9188917 4
73 90 1474117 2
9 82 2702399 6
60 81 9233903 2
15 63 7601599 6
19 43 89235 5
52 62 7406072 4
7 50 9452351 1
100 103 8847178 4
13 69 837278 6
6 42 9284483 2
48 95 5263364 2
42 78 9451362 7
4 38 8146781 5
32 62 2997360 5
73 80 778160 4
64 72 6924574 4
14 58 8744372 4
53 68 2377705 6
5 70 3794463 4
48 86 8571219 6
10 28 8261839 2
4 17 2454150 7
19 21 6912564 7
27 78 6231285 6
53 95 3079589 7
40 78 9452479 1
21 65 2889380 5
1 18 5762466 6
4 24 6883342 6
54 78 9647450 6
61 66 3349442 7
25 80 478879 7
12 83 3875317 5
29 45 6585009 7
13 35 971234 2
52 61 2853324 4
7 22 2654894 6
28 50 9873032 7
8 9 366585 1
43 78 8490120 2
63 94 622409 1
25 77 6595471 2
37 95 7765810 6
1 79 4747451 5
40 87 1430654 2
46 79 3385773 3
16 89 2519921 3
36 71 9609400 2
45 66 2325420 6
20 89 7956988 1
34 60 9879929 4
1 6 4351528 7
8 72 1127873 7
65 81 8352196 6
31 86 875629 5
10 32 8833883 6
57 88 7840901 6
26 53 6396104 6
11 14 8977885 2
12 33 9522222 6
66 88 9666194 7
39 86 2895871 2
9 92 2936845 1
77 80 5212975 5
8 32 3382668 7
10 80 8645705 7
42 65 1261654 1
13 20 7971206 4
26 44 10199 2
50 88 489394 6
57 90 5792687 3
9 17 3899270 2
22 71 5271162 1
40 79 823981 6
39 84 3580034 3
13 41 4619932 7
14 90 1506052 1
39 55 4336905 2
34 75 6466288 6
9 36 3768649 6
61 65 8405281 5
7 41 8413571 2
14 74 579007 3
28 32 6641097 5
40 85 974018 5
73 84 2993194 1
3 83 6512535 2
22 79 8316749 5
34 91 7868042 4
63 85 7227016 1
7 40 6852506 3
51 55 6236081 4
44 86 3332630 4
25 50 8529298 6
6 72 8364640 3
70 95 7715464 7
25 37 1537375 5
24 53 9075826 1
37 57 8654836 3
1 61 7615158 2
24 62 2069090 1
25 94 4438180 2
56 80 9845752 3
18 57 9292880 5
51 67 6453913 3
8 79 8108736 7
52 73 450471 4
78 94 8244363 6
63 70 5955985 1
36 76 6834949 1
81 85 5023907 2
77 92 4103317 6
72 76 5835185 2
23 87 7160288 2
2 13 8473933 4
23 47 8279451 5
64 89 207322 2
69 92 7794249 5
44 91 9385753 7
38 59 7766663 4
61 77 8043076 5
12 94 5765992 4
4 70 6813342 2
32 82 9590700 3
13 55 9368132 4
4 16 3987857 4
15 49 8140804 6
66 85 5768259 3
66 90 1527705 1
10 84 9114844 2
21 72 6150265 5
50 75 4538740 6
7 92 4860265 3
15 46 4311830 3
27 71 7238266 7
7 51 3011345 4
53 54 9113424 6
23 38 9458537 3
33 41 2243321 6
10 13 9212360 6
22 90 6958536 1
99 101 3309024 2
58 85 9494183 2
8 61 3345003 2
50 57 4419487 1
54 57 8620307 1
18 68 1561597 2
23 67 55873 7
34 81 4417668 2
15 45 6435710 3
48 83 2788744 6
19 35 4577025 3
62 83 4518310 4
20 57 190697 1
48 85 8189172 2
77 91 3753306 1
12 56 7266208 1
11 58 9228327 1
34 92 9026837 2
3 56 5842958 4
11 82 9882322 3
54 67 9410192 6
72 80 1729218 6
21 54 9905191 2
25 30 862067 2
15 93 2474139 6
8 28 8461170 5
25 40 1742203 4
80 81 5457890 4
25 27 4774407 5
11 74 7050571 1
6 13 3963329 3
84 90 1641484 3
21 60 9981899 5
13 68 5461848 7
3 68 294266 2
25 31 3805303 6
18 81 9839996 6
28 64 3341364 7
2 91 9851764 5
42 84 345639 2
75 92 1790405 4
22 32 7006796 6
43 94 8949831 6
43 56 3783339 6
34 49 7341343 5
32 41 484736 7
12 43 2357210 7
19 86 5448249 6
53 88 1139814 1
16 36 653780 4
20 75 4450198 6
51 70 2697771 6
29 93 2491554 7
16 71 9466041 4
10 65 1698151 5
8 38 6481282 2
59 95 6296885 7
4 67 4567681 1
53 76 1010589 2
24 60 5487135 3
17 27 6083249 1
9 46 8800884 5
17 50 4873435 3
4 13 4100109 1
42 59 1985086 6
22 93 3205330 6
29 80 9145530 1
7 11 2974208 2
14 76 2298480 4
51 87 95263 7
28 60 1377533 5
59 74 4443502 4
18 28 1846898 5
43 91 9889935 1
23 52 3170355 4
39 60 9517626 3
39 41 4165836 4
34 66 9907855 7
6 29 2629976 3
44 55 5746183 3
24 39 1796890 7
32 39 1952773 3
42 55 5003151 3
40 91 1661092 5
18 61 9304341 2
17 20 6175672 1
16 49 8232798 4
30 93 7175938 7
15 51 1955885 1
15 33 4009586 5
13 51 424220 3
35 67 8322998 5
29 58 7210401 2
77 84 9672075 2
22 41 6967372 4
40 62 19399 7
55 71 6731745 3
40 54 2599661 2
20 21 7840537 2
36 77 4463294 3
56 63 1705267 5
9 76 3256520 4
22 44 2668824 6
15 32 7500640 5
32 47 737580 2
50 62 4303622 5
13 48 9914455 6
2 85 3701932 5
26 38 8405832 2
4 45 7959839 4
12 71 4670595 2
3 63 3836145 1
38 61 4184527 6
84 86 4085869 4
13 24 2850291 6
46 59 6799379 7
3 81 3986174 7
33 77 3400376 4
34 37 3952377 1
37 67 3375194 4
13 36 969978 1
34 36 8866753 3
24 81 9867832 2
19 63 8913790 7
14 67 4540596 3
40 63 7823261 5
24 69 1843438 7
46 56 3328537 5
28 38 839229 7
49 83 7691685 6
25 84 4611655 3
9 20 2360683 4
71 86 8244835 7
70 79 6467276 7
60 82 8961787 1
51 80 346091 2
2 9 5630428 3
60 87 5556791 4
32 48 7055796 3
3 53 4855944 7
25 70 3726601 4
38 89 2014878 3
31 76 5990112 2
19 59 4944023 4
2 4 734834 3
34 87 230867 6
2 26 3511105 2
43 77 1323485 2
40 46 3866755 4
15 90 5515680 4
37 94 4031998 7
25 95 9813814 3
28 71 8122713 2
50 85 4626221 6
34 76 4396671 3
26 45 4549555 7
21 41 6548316 4
9 83 7057537 1
43 85 5490849 2
9 78 9334811 7
18 80 5484847 1
48 70 6125422 6
34 39 2456827 1
44 50 2464942 5
43 72 6368216 1
31 87 6751858 7
55 87 1087362 7
29 62 5704512 1
61 67 2872912 5
4 93 6276602 7
43 71 7536569 2
49 93 1955821 6
30 31 9372044 4
72 79 8721162 5
5 95 5601565 3
7 29 9346190 2
79 84 4992721 7
11 25 560261 3
24 35 8354949 3
7 89 128210 1
14 31 8440465 3
29 47 9392638 2
27 59 2959391 2
58 86 2073795 5
70 77 8864393 6
80 86 4349640 3
6 38 9275904 1
11 55 4772740 5
53 82 7983844 1
22 25 8083477 6
6 20 9977611 4
35 68 5604842 4
50 73 2964734 3
26 73 5774281 6
50 65 9391229 6
19 91 4776615 7
45 91 3512910 6
15 30 2798397 1
33 81 7205733 1
36 50 8570103 2
35 93 3918030 6
36 73 3905598 2
11 72 1827500 3
53 57 2570915 1
70 82 880085 4
26 43 8036041 7
20 32 1072409 1
27 35 95635 7
19 20 5551969 3
1 17 2501394 4
66 80 8649700 7
12 93 9158593 3
28 45 607598 4
20 86 5620722 1
37 74 9464651 2
30 55 3858606 1
52 64 5760675 3
43 95 4805417 1
16 23 4545415 6
11 18 9569423 2
78 87 9556616 4
6 61 5823588 6
13 92 6474166 3
38 95 4936930 6
56 83 8858835 5
16 55 7732262 3
61 82 6111997 4
17 82 4466644 3
7 73 4177586 2
45 51 7075416 6
3 72 9433803 1
7 60 3995536 6
31 88 3099755 6
52 84 8511509 5
4 55 8670072 2
79 83 6073129 7
69 91 2102402 6
1 86 184554 3
2 12 8177573 4
3 25 9964155 2
3 44 6544380 3
19 46 9678497 1
4 21 632476 7
49 92 4741394 3
13 16 5264869 4
54 84 971066 4
46 55 3292276 6
82 94 3790497 3
47 85 9976407 2
59 89 6437845 1
23 95 5229764 3
45 79 3047051 6
24 27 461583 6
23 81 4429075 6
3 57 4529378 3
5 64 1417398 3
15 54 9338101 4
61 83 332296 7
24 93 7174888 5
7 43 7580088 1
51 88 653799 6
3 70 7764555 6
6 62 9856801 3
66 77 4885081 3
11 15 7750804 3
30 56 1685197 2
2 53 7516272 3
9 59 9430397 5
34 90 2486062 1
78 81 4542068 6
34 51 9667301 7
47 61 5410891 2
26 72 7111200 1
31 43 3799774 1
60 63 203591 2
33 38 7551412 4
31 54 1910270 6
23 30 3286279 2
66 82 1772736 1
85 95 6765074 2
58 95 352002 3
9 30 4983075 3
1 35 6346685 7
5 30 5240991 2
11 42 24487 1
7 82 9087592 7
31 49 1136982 3
32 61 7406481 3
107 108 8012549 1
1 16 2052067 4
80 83 2779974 1
15 61 9511490 7
14 17 5738102 6
32 67 1426648 1
87 92 4782629 6
15 82 2505865 1
15 42 8058447 2
70 84 4345953 3
33 62 8945847 7
53 75 9332055 1
13 82 1987112 3
55 57 248667 1
3 29 2302912 7
23 70 2128848 3
32 88 3607706 7
3 75 625817 3
2 10 6417430 1
12 75 1653699 5
62 67 1071920 2
12 25 1041577 3
49 81 850543 3
74 80 6707669 5
41 68 9698569 7
96 101 5432516 3
21 46 5072106 4
38 57 3533404 6
78 95 2231780 1
31 45 1336227 2
10 16 156317 6
1 5 1440553 2
15 83 7232511 5
78 79 8440839 1
26 64 1471876 4
38 41 4255255 5
75 89 9410066 7
4 77 5475324 5
10 12 8141842 7
2 35 1950556 2
51 75 1269769 1
25 32 6093818 1
24 58 8962062 3
42 54 243377 5
52 59 7693868 2
14 82 2025808 7
31 40 3722052 6
13 53 5748792 3
23 60 8655747 4
32 51 8217193 7
53 86 4488795 4
27 65 7009340 3
6 53 4838648 3
58 91 9636772 4
66 79 4214663 1
63 69 6543822 6
12 73 4004706 3
30 62 248037 7
30 36 6643630 7
32 54 8792555 7
20 51 7288553 6
40 57 4246404 3
57 80 1028622 5
98 105 7270971 3
12 61 6799119 1
19 57 4646039 6
63 73 7163321 1
7 83 5839404 7
16 48 8817238 6
24 92 5096506 7
71 79 5394236 2
13 76 8521254 2
29 68 1714293 5
36 45 8923618 7
56 74 5033153 5
13 28 222565 4
68 86 2903124 5
56 68 2392020 1
18 91 9220544 5
30 94 3759279 3
84 94 586358 1
2 28 5362546 5
15 47 730053 7
15 20 2367160 7
39 79 2959252 2
32 71 2268391 4
11 87 1671782 6
26 86 8827892 7
16 63 2370567 2
23 24 6916467 5
18 78 1096460 6
70 89 8662728 7
1 19 4734255 3
22 53 380612 7
9 60 4527085 3
27 95 6739297 2
34 41 8862287 2
21 67 922829 6
40 68 2437253 5
21 34 6147348 3
12 62 8369563 6
37 41 9815579 6
23 33 6521774 5
24 76 6964185 1
53 94 4193004 6
45 48 3526926 2
41 88 3771049 6
52 88 6714850 2
52 89 8729789 1
15 73 9752312 5
97 102 4680273 1
8 46 8236556 1
41 53 9158961 7
72 92 9384822 5
27 52 2554417 5
26 69 7810627 2
3 24 266568 6
60 64 3050210 7
58 61 1453983 4
36 86 2819361 7
6 26 7917157 3
11 40 9605962 3
44 53 4273380 7
13 31 9222568 6
65 79 8498016 4
60 75 9961848 4
14 92 906596 5
10 11 3164822 4
86 95 8623270 3
22 26 8681922 6
6 59 2097207 7
18 30 9818198 3
30 47 905902 7
58 71 2326278 5
17 24 5966613 2
30 69 6622161 6
18 67 7373061 7
53 63 2293061 4
9 33 2029416 1
75 76 6495945 2
11 91 3118912 5
7 18 4587159 7
21 85 8712263 6
57 63 7660640 3
46 89 6497201 2
43 89 8952670 3
35 78 3359985 6
42 83 8620858 7
40 88 9936363 3
96 106 1123881 1
3 10 8592449 4
48 80 3476735 7
24 31 3320203 6
12 16 549379 4
37 81 7932648 1
55 63 6715042 3
18 64 611087 6
58 75 9122345 5
46 93 1455267 7
28 76 135551 3
7 90 5253958 4
7 87 7665556 3
60 61 7345951 7
78 91 3249124 2
16 81 8932517 2
71 77 2435319 3
31 58 6315220 4
44 52 2273899 1
46 53 3252324 4
47 94 6117342 2
26 49 1001666 6
17 41 9418867 4
44 61 6486702 4
50 76 7118684 2
14 52 8203938 3
19 84 156444 4
41 89 5713379 1
49 82 5442498 6
34 85 3457524 4
5 75 57698 4
14 94 5952787 2
12 30 6100107 4
29 59 8698074 1
36 95 9881976 2
31 66 137877 7
83 91 6499444 2
96 97 664148 7
11 68 8093250 4
17 71 6708979 1
40 92 461815 4
34 54 2646538 4
36 83 2445560 3
63 66 3504626 6
78 82 724025 1
13 30 8345366 5
4 95 2707186 3
73 76 8503778 6
18 83 1181045 3
93 95 6487330 3
12 58 8435270 2
27 74 6778895 7
2 25 4437720 5
11 22 4743643 5
55 76 5676930 7
62 81 7121188 1
69 86 4448698 7
37 64 2342512 7
16 66 4243272 4
32 81 3646472 1
37 66 5290627 3
18 77 3815680 6
44 92 2522595 7
43 80 4246685 3
11 78 7130533 1
26 56 3482087 1
15 57 4030431 7
32 45 3623657 6
13 49 4383034 3
2 44 2265832 6
27 53 8951145 4
79 89 3961398 1
8 62 3977645 1
31 63 9163549 4
37 77 7848101 5
4 63 8393985 6
43 68 1113965 4
1 92 6080828 5
75 84 9835546 5
21 63 842510 1
34 61 5183038 1
7 74 7187893 6
20 77 7593168 7
11 31 3711237 1
46 90 9989077 1
6 28 254711 1
24 49 8846505 5
62 95 1328065 6
64 73 8468627 4
62 82 6567298 6
15 65 946161 7
34 86 4619611 7
71 82 3916158 6
16 32 2344946 1
65 69 4156484 7
1 74 1141977 7
21 81 2473945 3
76 86 1302966 6
91 95 6722272 3
10 49 6790466 2
23 58 5983007 5
20 78 7001944 6
36 65 4779204 1
22 87 9571915 2
39 82 9572115 1
26 33 3770886 5
68 70 4136133 1
32 70 6260382 2
13 46 1946500 4
11 76 706022 4
29 56 2665623 2
18 60 3604659 6
74 92 4843500 2
97 98 6881695 5
10 45 4966889 6
53 64 2097889 5
67 93 3842945 3
21 32 2136395 3
30 45 9219446 3
32 66 3340966 3
23 90 9608026 5
23 36 7873402 5
9 18 4674880 4
9 80 6225103 3
4 42 2852035 3
11 16 9482172 3
19 71 1787790 6
3 40 2424707 6
4 88 5764546 4
23 86 8109494 2
44 45 6529471 1
53 74 1387761 2
75 80 6277275 4
52 77 9619468 7
61 68 3570699 7
61 70 8606573 2
45 85 9993807 6
8 41 8031019 7
26 79 6030542 6
71 78 6411445 5
46 49 2699427 6
1 3 6422392 6
14 89 1783942 4
1 83 1244836 3
25 54 7628985 3
73 82 502445 1
1 62 7069995 7
5 16 6686079 6
35 59 9215720 7
45 70 7697181 1
2 21 3649013 5
59 86 3283712 7
6 8 3695034 6
45 89 3282881 1
11 66 2305945 7
31 50 902176 2
20 26 943443 7
13 44 1730513 5
45 46 1666065 3
17 94 1518716 1
8 74 2599352 7
38 67 296630 6
28 43 7403837 5
58 79 9973968 6
59 80 8115173 2
20 90 8841488 5
43 60 2383449 7
23 39 6140420 5
17 33 3794856 5
43 66 8148006 3
3 93 7322263 4
5 8 2057947 5
1 27 4699422 2
27 82 3723222 3
29 38 3405065 1
30 50 5098016 7
23 68 1768663 7
13 80 101241 1
14 38 9021824 1
3 5 3742118 7
16 88 3672176 6
75 85 7714371 6
33 68 3137955 3
60 70 2012626 6
3 7 9890273 6
37 63 1523697 5
7 62 3738273 3
8 91 4452476 3
15 53 8233077 1
9 93 2073085 5
10 70 1583898 5
27 86 6928905 5
52 80 4330919 1
61 91 9517427 6
63 72 8681328 1
11 71 4856686 6
1 82 8573526 5
18 73 727247 3
10 60 5994180 6
30 95 3100464 7
60 74 4498381 7
17 54 183596 1
5 39 9374376 7
27 46 9346227 1
68 81 5129261 6
6 9 7567915 4
74 83 7226283 7
33 46 2832625 1
18 29 8901694 1
39 78 3903690 6
29 57 3998438 3
45 83 4990750 4
36 48 2604118 3
31 95 2315205 3
4 48 8110688 3
19 28 1388038 1
35 81 4966875 5
22 46 5105007 3
17 55 2597971 3
74 82 9358730 1
61 79 1587520 3
3 8 6734667 3
16 31 2023000 7
4 76 9007967 1
76 91 8146655 2
65 76 6151802 3
62 65 317907 4
38 76 4258022 4
50 61 8496586 5
11 12 3106731 6
14 68 206983 4
8 23 3293882 3
16 61 923181 1
10 78 5472523 2
37 56 7842699 7
43 73 6542746 7
11 43 6915173 4
51 59 176493 6
16 33 1290762 4
34 71 4375544 2
73 79 9982252 6
41 60 8773421 3
55 84 3241772 7
5 12 9834250 1
8 59 5237038 5
10 38 6024895 3
29 67 6722135 4
33 93 756468 4
31 69 7155789 5
48 75 2389035 3
44 62 7247590 1
12 78 1091710 7
1 55 6531540 7
100 104 7584887 3
33 50 326657 5
47 64 1625426 7
38 39 9456138 2
56 70 5368414 1
11 27 225959 4
7 25 1015927 3
52 68 6013615 7
9 41 2727661 4
29 41 4489237 6
14 66 8447022 7
81 83 2335066 3
8 93 132153 5
19 81 9511196 1
60 62 3659648 6
23 78 3544402 7
56 64 3859298 5
16 35 5520375 6
47 89 3772368 5
9 32 2459946 4
3 86 4797901 7
44 48 7455946 2
50 87 7752431 5
49 85 6949606 6
50 54 3693138 6
14 22 4685577 7
45 75 8435629 4
7 44 9481389 2
16 91 6802380 5
9 16 6817474 1
23 55 4943019 5
50 95 4272222 5
4 81 1919307 5
64 69 1469707 4
52 75 5675241 5
23 25 2863394 6
55 94 121370 5
31 92 5057979 6
55 69 8716985 4
1 47 4629965 5
24 80 6540713 2
53 69 3930106 5
35 73 483130 6
27 66 639744 3
23 29 5023885 6
51 81 5493176 7
18 32 150327 2
9 67 7184367 3
17 40 1178651 2
28 73 2101396 4
55 70 535079 4
71 83 6853850 5
36 59 2013250 7
47 73 2216552 6
41 64 4324742 7
51 84 8932456 1
11 20 4060312 1
48 66 3683237 2
18 36 760316 1
32 65 7348044 1
77 90 2051808 7
17 84 9853128 3
94 95 6225766 5
3 50 6480449 2
25 88 5163684 5
52 54 5332066 7
5 17 2640798 1
6 10 9985528 6
87 88 5934846 7
81 90 7729358 7
27 55 1023034 2
4 47 9740666 2
12 60 6699884 1
52 85 8817180 5
4 18 4068385 1
3 4 2457656 2
5 31 2606517 6
84 95 9805699 5
10 92 1783570 1
17 29 8668657 1
3 20 7495934 3
20 29 5370340 6
26 87 3108107 4
97 103 5651871 7
32 60 5632190 4
48 56 5538168 5
12 53 7093632 3
61 94 7465900 1
20 92 7210097 1
27 31 409928 3
11 34 5890378 3
1 32 2271463 2
12 36 4596462 3
71 75 5504899 7
15 43 456177 2
56 93 4029825 5
103 105 6478892 3
26 93 1722469 5
23 91 2482338 3
15 55 1788769 1
39 95 6134434 3
6 67 6568290 4
3 51 2509150 6
85 93 6662227 3
8 49 7632808 2
15 74 8381463 5
38 78 2432086 7
45 55 8556728 7
14 43 4271450 1
10 56 1262502 2
40 73 7059382 7
42 46 2843745 7
4 32 7397743 2
5 85 1379194 4
31 83 2008404 3
55 80 8968754 5
39 68 8431711 6
11 33 6176258 7
16 67 7148108 2
22 94 2266186 7
41 79 5948493 4
45 92 8865267 5
17 80 6021277 1
21 50 1176094 1
28 93 9387894 1
14 18 8091592 6
40 58 1010555 7
11 86 222467 3
18 86 2393097 4
50 81 9176940 3
42 57 7114595 4
48 67 7006492 2
3 67 6411240 7
57 67 5455096 5
62 63 8862151 4
26 90 7366543 3
102 104 9616430 6
55 65 6894876 3
12 50 7773004 3
44 76 4207619 5
19 58 992013 1
30 44 8624395 1
62 92 286083 2
39 73 9482234 6
14 24 9671690 3
76 95 8366849 2
23 51 2163382 6
61 92 3911840 1
66 69 1875062 2
40 72 9598242 4
48 60 5013529 3
15 56 1941137 7
52 67 9062045 4
74 79 8290332 1
29 52 4485674 6
13 86 8500045 2
9 45 4185208 6
11 70 4848104 5
56 61 7473578 7
45 56 2347896 7
24 38 8006384 3
54 80 4832968 4
16 37 5670006 6
10 35 1137519 5
32 37 6096370 6
3 35 6050312 1
55 91 4101108 7
5 55 9414145 5
46 83 7906942 7
35 70 4219331 1
41 55 8729746 6
44 60 1143393 2
62 85 8463404 2
62 84 8121158 3
22 54 9362737 3
42 45 2986774 6
19 29 3099100 2
50 78 158357 4
7 42 5507237 7
16 52 7012546 4
56 94 9031984 2
21 49 2736020 2
5 83 7136146 6
23 73 7233665 7
24 75 4313121 1
40 93 9180434 6
31 73 1601341 7
5 68 6870569 3
81 88 3114659 7
28 29 1811881 5
23 35 5057612 6
40 41 4124500 4
30 52 2644010 6
77 86 752002 3
8 27 5990275 2
72 85 4507765 7
79 85 6743931 1
7 66 7696505 4
8 89 4283869 7
13 63 9058166 3
29 79 948024 2
16 40 6823367 1
22 86 4509823 7
43 90 3436443 4
28 74 9031026 2
23 49 3673758 5
71 91 104045 2
41 75 7615949 4
48 74 1003056 3
17 37 7866936 4
10 74 9275512 6
18 89 1708677 4
11 88 9183576 6
57 87 3057692 5
3 13 7965008 5
29 85 8314761 2
12 28 8603046 3
11 83 5627999 3
30 83 7796573 3
65 77 7587379 6
22 92 5875166 5
34 77 8679809 5
19 94 7878261 4
10 19 3271014 4
59 81 9385964 7
53 58 423834 5
44 89 2044371 1
12 81 2530168 5
17 38 2651102 2
39 89 728652 3
58 83 8086065 1
55 89 1544578 2
26 50 635060 5
6 17 7206042 5
25 93 8843900 1
23 53 9607064 5
20 37 2979242 2
34 93 2673755 2
41 47 9978130 7
30 86 193249 6
11 53 8382460 6
49 60 11558 2
65 93 9409346 4
36 47 738878 2
9 75 866896 3
13 72 636986 5
5 36 6458571 4
59 67 2792715 1
43 93 722014 4
20 38 9324040 1
33 67 1319537 2
77 89 9576414 3
55 85 7050482 1
59 92 7662302 5
59 72 3835170 7
19 90 6390057 2
30 54 3409259 4
7 94 5109836 2
5 33 129383 5
12 68 6003678 3
30 92 5759526 7
2 81 2597276 4
54 95 156995 4
57 73 2937442 5
24 72 7113006 7
16 58 240337 5
51 73 176041 5
4 25 8268602 4
12 74 5010222 3
6 95 8183261 6
35 43 5662800 1
32 58 8675723 4
26 89 6503563 4
9 87 8646575 6
60 91 2227834 3
79 88 617689 1
11 45 9943257 6
77 82 7235179 3
60 89 6396196 5
5 57 6941048 3
107 110 2773336 5
9 10 2418417 2
3 66 2874623 7
20 39 6793012 1
6 22 7522236 4
5 43 6677118 4
82 85 4941386 5
54 72 9841870 6
8 19 4545419 5
59 76 7442478 6
68 89 421981 3
67 72 3262080 4
65 92 689767 5
32 89 6575721 3
80 84 7780526 3
15 29 4615765 3
41 51 3104579 4
51 64 6560575 5
19 25 8749332 5
17 52 7474605 4
10 29 2204928 7
87 95 2940362 2
9 73 5764805 7
15 77 4578255 1
69 76 8230868 3
6 69 5952204 3
51 89 2910483 4
60 73 8896061 2
37 50 8031273 5
21 89 588858 3
58 88 7103440 2
82 92 7540621 3
27 45 6833958 3
38 69 4641667 2
5 23 5782499 7
21 82 1462568 5
6 87 219339 6
67 84 6111979 3
44 87 6037480 5
14 32 890808 3
13 40 6759164 7
4 83 5777261 2
32 86 9697390 2
16 38 281522 3
41 54 7776504 6
29 87 2611763 2
29 73 9510774 3
3 92 7814041 4
51 58 2001551 3
5 50 1020993 4
47 91 636542 6
19 70 4624190 5
3 88 3235311 3
22 68 7357110 7
59 60 9792803 5
25 78 9345702 3
19 65 9936835 5
19 78 6508328 6
86 94 8297915 6
33 80 1653273 6
33 95 7809284 5
23 45 6802046 7
49 61 5518483 5
66 74 8689954 3
50 72 4731108 2
23 56 2887694 6
28 78 7401797 4
25 52 5563976 6
50 70 6500445 4
3 19 6592528 2
42 89 654729 6
23 37 7537602 3
21 94 7453593 3
42 49 8941361 3
73 86 2812454 4
18 22 7628247 4
47 69 3909548 5
57 89 1398774 6
30 72 9289767 4
12 35 764765 4
42 82 1508642 1
19 54 3344188 3
53 90 8590366 1
17 43 7022077 7
1 24 691923 2
26 61 7917287 6
16 92 8528992 1
20 22 9212072 5
6 39 5115111 6
9 31 9914918 7
41 72 7583640 1
20 70 5370061 7
18 93 6727864 6
3 62 3947348 7
71 76 8779509 7
16 94 2086433 2
69 74 9484357 6
13 65 5110862 5
21 38 5849253 5
52 66 8707286 3
75 82 673669 5
9 24 9152938 4
69 82 861006 2
49 63 7515644 2
31 82 9748586 2
34 89 8986616 5
37 75 5443123 4
36 91 3203164 7
54 70 951369 4
7 61 3342776 1
60 68 3549428 2
20 25 8414906 3
4 74 9171933 7
2 59 4077866 3
51 65 431649 1
5 24 3998678 1
41 76 9899369 2
10 64 6395657 3
48 92 1523755 5
61 72 5081482 2
37 92 4081102 6
27 36 8221215 1
40 61 8793873 1
54 71 3548324 7
70 71 889932 1
59 63 6600422 3
10 54 8258488 4
78 83 5814247 6
18 19 9805392 7
25 55 8436405 7
2 15 9161350 6
33 60 8675853 5
74 90 1510350 7
22 51 3089114 5
4 65 4661445 4
62 86 7506048 2
43 49 6636664 5
31 89 2150416 7
3 15 2295755 5
5 13 2079652 5
58 67 9912174 1
15 48 6957548 2
3 46 5437121 6
49 79 5662482 1
37 48 6670659 4
7 79 836381 1
35 89 7397293 1
39 51 4550994 3
16 85 6735826 2
28 80 1793869 1
27 75 449182 1
29 50 6385271 2
34 94 971372 7
30 87 8465961 6
62 77 6346672 5
17 62 3262632 7
5 20 244031 5
4 39 125832 4
64 88 6083659 2
18 34 9363701 7
34 79 1369649 1
40 43 7797920 5
53 81 8208967 7
68 72 3843224 2
55 73 5783867 1
6 33 8996269 5
66 92 405171 5
25 34 7968196 7
60 67 7085688 1
41 69 3609838 6
18 43 5612252 1
31 68 7732243 7
76 89 8015306 3
7 76 6063500 1
6 48 8005811 6
62 64 8368704 2
36 42 3542210 7
48 59 8406116 7
29 34 8208094 7
64 82 6595467 1
33 92 278358 7
2 37 4338343 3
23 74 8274812 2
17 77 8926340 4
45 76 8856103 3
35 92 6610459 7
62 90 3839392 3
72 84 5887820 2
28 79 1937936 4
7 58 4062807 2
56 62 8622025 2
62 75 4308623 2
55 81 650225 7
16 95 3129040 4
29 72 7546086 5
35 85 9600584 3
76 88 2837715 5
78 90 8159883 6
61 87 4523211 1
8 78 9060937 4
15 18 6788285 4
53 60 6693385 5
35 57 8022101 1
42 58 7693716 2
3 77 8323681 4
34 73 5091884 5
29 86 2322155 7
96 105 2963319 5
10 24 3030842 2
4 37 4699794 1
55 64 3249590 3
69 88 1370313 4
32 95 3506633 5
43 51 7958203 3
23 77 7894683 7
32 77 5934592 2
20 47 7312728 2
4 14 6032690 1
32 93 8378720 3
4 80 2052777 3
5 47 994541 2
44 59 5967087 5
10 50 7133627 3
45 52 1300612 2
72 83 8177776 7
66 76 1508928 4
37 85 2147179 1
30 74 526778 4
48 52 1601954 5
47 83 6812419 4
56 59 4379001 6
29 32 8431681 4
70 87 9292302 6
22 75 9310326 4
23 28 4884569 7
55 93 4228590 5
28 95 4689723 2
46 68 6069900 4
12 65 3830833 3
74 91 81289 3
13 50 5738167 4
54 58 3078248 3
46 69 2647000 2
50 89 314022 4
44 56 2734616 4
32 92 9692932 5
2 94 3208599 6
31 79 5897615 4
32 75 346224 1
49 70 6074050 7
19 49 7819003 1
66 75 6792105 5
15 28 9673957 7
25 75 2056202 1
2 57 1924030 6
21 93 3463684 1
10 85 4976029 4
38 81 8156971 4
58 60 1764354 1
10 53 1604086 5
73 91 3534694 1
11 28 954891 1
1 31 1180631 5
44 70 5268963 6
20 41 5868077 3
29 63 847454 7
63 81 2461751 3
40 89 2486623 7
15 41 7844459 4
3 6 8765807 2
33 65 4397020 7
13 78 8129179 6
80 82 9672061 1
17 18 819060 6
16 43 1277125 6
7 84 9481223 1
8 54 3537099 7
21 62 8390371 4
33 57 1235531 2
17 74 5569446 7
25 63 3237846 7
3 34 2599041 4
83 89 1960535 5
12 79 8662648 6
29 70 2840415 4
28 31 7203698 6
27 51 400340 2
76 94 4568390 6
16 54 6433419 5
72 77 5741713 7
25 65 1803793 4
6 54 7666179 3
30 70 239239 1
16 79 33870 6
38 82 6929456 7
89 94 5108074 3
30 42 7823824 7
7 55 3926278 6
33 64 6528007 1
41 48 174321 2
2 88 3555265 5
59 91 4740307 6
17 83 3632065 7
18 69 8973446 6
35 65 2175818 5
23 88 6016717 6
96 98 7291335 7
52 76 9429488 1
37 43 4250525 1
16 24 1438929 3
88 93 89609 7
4 59 9482592 7
16 77 4945656 6
25 45 343492 4
27 49 2853406 2
37 49 689707 1
26 39 6226936 3
53 62 3433616 7
32 76 4364715 3
18 82 9481483 6
104 106 9475856 3
1 39 2492462 2
2 22 122282 3
86 87 9576942 7
53 72 8442930 4
20 76 7708961 5
27 72 9936275 5
1 73 5004675 3
62 91 1559371 5
26 76 927820 7
9 85 728102 5
27 54 6549619 3
47 74 9793531 5
42 50 9037864 6
25 91 6528069 4
37 60 5650682 5
28 86 5451065 5
41 42 1571778 1
64 95 6121041 6
85 87 3451869 4
4 10 5743702 6
3 54 537017 6
19 69 6197971 2
27 47 5118847 4
44 81 2809884 1
14 46 7875469 1
66 89 3380750 6
44 75 155311 3
3 42 7516473 7
65 94 6054611 4
49 56 4127887 6
17 87 3850137 1
32 38 6489189 4
24 64 9710798 3
62 71 5021196 2
35 39 8258668 7
42 60 462932 5
39 76 2272676 7
65 86 8899427 7
10 34 9440115 4
39 91 9151891 4
5 84 3036570 1
9 65 7171838 5
6 94 9709525 7
8 16 4478310 3
43 69 7807836 2
21 43 3331642 5
5 90 3213042 6
49 66 2386320 6
64 90 4172126 1
3 64 9247764 5
34 38 459868 2
41 81 8307522 6
38 63 6848960 6
12 49 5003823 6
70 92 8429189 6
27 88 3160787 1
1702871 8364618 7996617 2794716 3185351 7131031 3966869 