150 3379 7
14 29 61254953 4
14 30 20142741 6
40 53 99371478 5
21 29 86835799 1
2 10 15647186 4
48 65 13055824 7
96 134 24535350 6
82 109 45509418 3
21 38 40753907 3
50 63 24489034 6
77 110 31818991 1
3 35 98286436 6
87 133 16362229 4
80 114 56549772 3
112 133 88713792 6
116 122 70422013 6
2 17 23926222 2
39 43 17560797 5
105 114 57912214 7
100 130 29248359 5
76 107 55653370 3
101 105 54140425 6
127 129 88724543 4
84 112 16637146 1
2 21 66405451 3
77 105 29357602 3
105 131 47557549 4
108 111 85334618 7
9 21 80940881 1
42 72 5911146 2
125 126 73533468 1
2 20 32162893 3
87 110 63281946 6
126 132 89391914 6
29 32 83036157 3
24 27 25789014 4
111 129 38243573 2
110 125 74264213 5
80 83 99458579 5
44 60 38006230 5
88 113 19969814 5
12 22 12491558 1
80 135 38526847 5
76 78 97821714 3
55 67 83806562 5
85 137 52721897 1
89 119 32563714 3
12 21 97022350 2
59 74 61242552 3
5 28 14795756 7
43 54 79059024 7
115 135 63338391 7
5 16 77113994 7
78 98 37852234 3
88 119 74508743 3
50 55 61374354 2
52 59 9200076 7
128 134 74425936 1
41 61 3671371 7
6 38 41346717 3
84 119 96055790 1
78 102 51988410 7
118 137 84812772 1
48 63 8291693 6
117 122 27438780 7
110 113 76160837 4
87 120 29135583 3
93 124 36557946 7
85 86 96849122 1
21 31 47803786 5
98 123 40498654 1
93 116 83779823 6
90 96 21074760 5
6 9 90671160 7
147 148 78899935 5
80 88 38842388 2
43 68 5244531 1
44 53 88507542 5
44 48 11437136 2
81 123 49531386 1
4 33 94264111 6
86 116 97694617 3
118 126 98044389 1
36 37 71473037 1
8 33 28915341 2
28 34 73144040 7
114 120 87833204 7
88 131 42601335 6
86 91 75274874 6
120 123 44043034 7
89 109 54724932 4
77 104 80863655 6
53 54 95409163 2
108 138 45531413 4
123 136 84425429 6
125 128 77266323 4
98 113 26689697 1
6 36 16444948 7
141 142 98407710 4
88 122 48601530 6
81 132 14500216 7
81 134 86835199 4
97 138 87576619 5
87 97 47901549 3
3 34 69056750 1
98 134 87990350 6
88 90 40281678 1
82 104 23420152 7
103 111 3925883 4
60 61 48451874 1
90 134 87115766 5
90 127 39873958 4
76 97 18115045 6
107 111 91226578 4
102 134 16961203 6
85 134 67217490 3
112 113 17171991 5
115 126 74320064 6
34 38 78134506 3
17 35 56529372 4
76 101 17619611 2
108 137 35749835 6
7 15 26493005 1
84 100 15211203 7
112 125 31452737 3
4 28 33168159 5
95 101 81025479 5
108 113 2406869 4
97 130 10469993 1
1 32 44955515 5
79 90 78668023 3
90 95 35341236 7
87 89 32488925 2
87 113 17554489 1
98 101 49602509 5
126 130 65052260 3
87 138 91088275 1
45 73 37437037 7
8 15 8392524 6
8 38 88054917 3
106 114 61223801 2
7 34 55493727 6
7 26 35533745 1
107 113 44030463 1
45 49 16349620 7
14 22 5293737 6
111 123 59771055 3
80 82 21862940 3
102 129 59031825 3
22 23 8605998 3
107 126 46922350 2
10 27 10290265 1
96 108 37728548 7
83 103 86026177 2
77 87 9064329 7
96 101 39274561 2
88 111 83273268 4
14 20 58085631 3
59 60 91748805 4
118 136 5051484 6
24 37 48077217 1
94 126 90954694 1
109 118 80274046 7
103 104 95186815 6
119 123 45949717 2
126 131 81978002 6
111 125 7840530 6
92 111 33295382 1
85 131 78397802 7
127 137 79924646 4
13 32 46609974 2
133 137 7209873 1
111 126 73582082 2
69 71 61740823 7
111 121 40384087 3
23 31 65268842 1
90 121 1027882 3
111 136 12338263 5
26 35 98312059 2
44 64 3799410 3
87 105 11895277 1
18 34 94985029 1
120 131 72168876 1
109 126 78546177 4
47 54 16953695 3
86 135 74068859 6
53 73 72014410 2
112 135 87275544 1
84 110 29811530 3
102 125 43740621 3
100 135 33000062 5
81 109 58556901 5
64 65 54483301 7
88 97 58664102 5
47 63 24839342 7
11 26 55272251 3
54 72 20628305 3
86 107 11736557 6
2 31 52707878 4
59 73 42891146 5
90 106 40189908 6
77 114 8350105 7
91 96 79325377 2
99 105 59268597 6
7 29 76382455 7
5 26 11495416 5
36 38 26162918 4
139 142 80983476 2
94 136 59500530 6
22 27 19828744 6
86 120 54703893 3
77 132 90828476 2
65 66 68224609 2
91 122 65737833 3
19 36 23719868 5
104 123 84001377 6
79 134 45270336 1
7 25 14580295 6
88 95 4002332 6
114 116 49929937 3
47 48 49887053 3
107 129 23410425 2
102 111 68534490 6
54 70 25000120 7
39 59 27603437 5
114 126 42782355 7
83 88 47922462 5
101 123 99696697 1
10 18 16360744 4
85 106 71594463 6
108 128 14032571 3
31 36 8329173 3
104 110 46794419 6
75 84 82255323 4
48 54 26699782 6
82 119 54145090 1
3 36 69634226 6
95 122 84294930 7
92 130 46686622 7
44 51 8823918 4
41 52 53280874 5
101 134 29076452 4
41 54 9066210 4
48 67 86880642 1
131 137 90517201 3
66 71 4885403 1
95 98 55221363 5
96 121 87475093 6
94 133 40956479 3
99 137 34376485 1
75 138 83596895 4
47 58 43870358 6
97 111 60672792 5
6 15 38184981 7
112 116 61049751 4
78 126 59226748 7
99 135 36163722 6
79 109 77040492 6
101 119 74425208 6
77 122 68920926 6
144 149 36970147 3
50 57 85465152 4
125 134 21624862 1
104 116 93409135 2
34 36 97984588 5
68 73 60371612 6
92 110 83064691 6
75 109 42940681 3
100 104 73751685 1
41 49 78180510 1
46 63 98745573 6
51 70 61729248 3
93 106 46386932 3
8 10 11008036 3
107 132 42128450 1
6 30 2968006 4
57 61 62272330 2
64 69 30943358 1
120 134 89517623 3
80 81 89496748 5
80 125 38932258 7
32 38 59517713 3
139 143 30326355 7
86 128 28358094 5
50 72 29324621 3
92 134 58092078 7
11 30 99337750 4
95 126 62949619 2
42 43 77011607 7
92 123 72959711 7
82 85 12996653 6
105 132 76631359 1
51 52 94136072 5
76 122 44399949 6
98 119 9018262 2
110 111 19790886 2
92 112 98469737 3
76 118 65542819 1
109 114 88710895 5
43 74 13271868 1
62 65 26625622 5
81 120 37069353 6
75 95 34560969 2
88 129 44670140 1
100 109 49650666 6
77 91 42429862 1
84 130 10742378 4
88 118 7596012 6
49 67 1118100 6
135 136 86669540 3
92 97 12765311 2
18 32 24845421 7
109 127 71212273 1
63 71 48345518 1
115 119 46728330 3
46 48 69802196 4
109 120 77437766 4
15 17 41396858 7
9 23 23068574 6
117 131 40608383 4
115 117 15222786 3
85 90 72943588 4
85 109 86813619 3
42 70 48255524 1
39 65 66445680 7
120 124 4292018 7
84 108 63325640 6
21 37 65772704 3
20 30 894927 3
98 106 16696982 4
82 123 92810223 3
106 120 99980108 1
40 69 59770871 7
100 116 2799680 2
102 119 49920778 5
86 132 13608997 7
117 134 68154823 3
117 121 46704261 4
95 138 712075 2
83 106 72982768 5
2 18 5604592 2
76 96 91012813 5
40 71 62314129 3
41 44 18312066 4
88 137 32862046 5
47 74 30806913 1
91 113 67187061 1
112 118 38368609 3
121 130 17711664 6
76 116 26349521 2
90 93 53868317 6
25 35 35042602 3
78 91 92877264 3
44 67 2532832 1
31 38 33551597 7
67 70 27064213 5
19 20 12329406 1
59 68 69353700 5
119 125 7740973 4
11 19 13605012 5
96 125 47245584 3
84 121 71402197 1
51 72 56820099 6
89 94 60344726 5
45 53 55877316 2
4 9 79826007 2
27 34 17865481 3
11 37 15839358 7
80 106 216588 4
77 115 153220 2
49 50 61807366 5
81 83 86841496 5
20 34 26432490 7
87 123 9693245 1
112 117 69549514 2
58 72 33706151 6
1 34 75006213 1
94 117 6284606 4
113 123 55103984 7
43 57 97553502 5
53 64 14182192 4
82 124 15534188 4
106 138 74137568 5
95 130 92724771 6
86 127 47690281 2
1 28 38241201 2
87 130 19802329 7
117 123 79010613 7
90 117 93566909 2
115 136 72853606 3
89 125 31029928 3
22 38 70046325 4
70 71 26234679 5
89 114 29673056 2
53 59 54151927 5
26 31 77689834 4
125 131 49889430 5
46 70 92785072 5
50 51 26284131 7
15 24 31987832 1
71 72 5961708 6
83 114 38570484 6
125 130 18976492 3
77 120 3364794 5
119 129 33860920 3
80 110 17250356 6
85 100 59870151 7
10 16 62413158 6
83 124 88098126 1
92 119 20614489 7
3 38 27481240 7
99 132 9029900 1
11 13 50925349 7
47 49 30125962 7
43 53 37374752 7
14 18 37719612 7
52 69 39764240 4
90 114 76324111 4
85 102 843335 3
4 17 6537735 4
78 111 91089659 2
104 119 49764523 3
103 107 29378441 6
96 123 69751674 4
57 66 74878583 2
45 68 77032514 7
103 118 76447483 4
104 128 8887425 4
77 81 65682336 4
19 37 82168112 2
42 64 68299899 4
39 51 2535558 7
113 130 6137104 7
105 119 46485535 5
83 111 37111154 6
47 53 13750296 7
116 135 9234984 5
82 121 81282990 6
45 50 66368927 7
98 114 73371030 1
89 118 33852135 6
92 103 62944276 3
26 32 76143862 5
34 35 64037367 7
12 31 22561259 1
113 124 79015033 3
140 143 73356092 1
88 110 31694713 5
29 38 48682432 1
100 113 88740186 2
80 99 44338783 6
97 135 16188815 3
46 64 35096111 3
9 37 49434340 4
113 120 1664944 4
3 4 63170597 4
45 51 38860944 6
93 115 52782094 4
3 32 96652364 6
55 61 727542 4
29 34 13829267 7
45 57 41304195 7
102 109 68798897 3
86 130 95369457 1
85 114 32294138 2
103 109 13742106 4
44 57 53900458 1
118 138 52684823 1
124 127 72666017 4
43 67 9232204 6
88 109 974638 7
100 121 30681781 5
3 13 59720067 2
67 73 48943809 7
25 34 16650250 7
76 120 50431419 2
87 93 68924851 5
98 120 75497165 2
103 119 48056719 4
116 120 91041041 5
87 135 48582354 4
7 11 44604477 2
79 115 60334290 3
114 115 42153998 3
43 72 66786591 4
46 71 2227565 2
97 99 79701936 2
99 100 57117144 1
80 95 53871708 1
8 18 78635548 4
52 73 88981334 4
88 120 39895045 2
1 33 460889 6
83 118 11621979 2
60 70 80767045 6
75 136 64443936 3
99 108 36715502 4
102 116 25270728 3
98 105 36850129 3
3 14 65425516 7
91 111 27375353 6
39 70 49082715 7
12 15 56318457 5
76 137 71065339 3
77 130 75536226 7
16 23 51937743 4
52 74 71990154 5
43 49 92418895 4
92 121 81597377 4
130 131 74056347 4
56 67 55470506 6
22 29 34523762 7
8 20 97642116 1
92 106 242361 4
144 147 69550622 7
83 86 22859367 6
122 137 61509671 2
99 121 76705288 3
52 62 78705313 3
54 57 4961812 1
1 14 34880440 3
54 66 35555277 2
130 132 92920838 7
59 67 37108764 3
102 108 86622079 7
75 91 35597589 7
80 132 61247217 1
8 9 65684025 6
85 110 99601491 2
110 138 97485175 5
92 116 20880457 2
79 116 61382490 1
109 116 58776405 7
59 64 20464351 1
3 30 16577300 7
28 35 48886964 3
105 116 4279298 2
97 137 2799460 2
79 96 28273636 7
94 99 34161577 1
11 36 90753306 3
94 101 9941862 4
115 122 42289550 2
52 57 1958627 7
96 100 16912380 2
86 136 82712499 1
44 52 54394218 2
46 67 96435300 5
111 133 5190502 2
23 30 81574306 2
76 127 89202744 3
90 135 27083296 4
17 33 35032607 4
41 57 62345197 2
50 68 95555996 3
94 108 4604880 2
103 130 73615613 6
87 112 85620782 7
20 22 91764394 5
13 21 11394641 6
89 124 905120 7
9 22 4570170 5
86 121 43775138 4
52 61 9111333 3
103 116 5910476 3
82 102 63244097 4
78 109 39207444 3
96 103 29460721 2
8 32 23627832 4
95 105 11870541 4
60 74 83791208 6
83 108 97458575 5
98 99 715142 7
52 63 12830034 7
84 106 56532396 7
1 2 63627837 7
75 94 36849780 6
129 132 67626866 2
44 69 3440788 3
98 122 13605113 1
8 31 50404593 6
93 117 37896089 1
11 33 68890398 1
55 62 34160738 5
51 57 75815207 6
57 62 96723003 3
84 102 9783887 3
39 57 52801470 5
104 122 6221836 7
47 65 73207952 1
19 31 79124246 4
81 82 91429842 1
92 117 35554105 2
101 127 64941713 5
53 72 80549528 7
117 130 70081733 2
19 30 24970709 7
120 130 20823138 1
15 20 48789591 4
6 8 12359529 4
76 103 40366813 7
113 117 91559206 4
50 56 38549260 6
58 59 75848149 6
53 70 23769809 2
75 78 50633314 5
89 117 78473416 6
24 29 4331253 3
101 137 67543090 1
98 104 40753546 5
91 99 55441066 3
43 44 68869356 6
55 58 33203941 3
66 69 72743565 3
75 106 57572138 7
76 130 7356213 5
13 22 29110807 3
104 132 89455065 4
78 106 3559657 2
81 107 13432341 2
76 105 3829366 1
55 65 98533516 7
82 93 72923088 2
58 63 59308997 1
14 23 15859211 2
121 123 92853815 2
113 127 83837575 6
11 17 97441776 5
29 33 81284107 6
17 23 79496919 1
99 103 29233972 5
11 20 90942252 6
116 137 78366385 5
93 96 50535299 1
84 129 12542649 4
96 120 39422618 2
122 127 84304936 6
106 121 28061691 6
18 33 85778741 6
18 20 89792191 1
16 37 72258706 1
67 74 90978439 5
85 88 14564703 1
54 73 49575303 7
30 36 98516247 3
86 134 52975314 5
9 24 72406856 5
55 66 87884183 7
56 68 2756559 2
85 116 17693258 5
16 30 33732872 3
118 132 19393247 6
93 111 28901721 1
3 7 18757596 2
103 110 62612761 3
118 125 43367483 5
90 137 68372002 6
82 114 56233952 5
78 95 21021304 3
52 72 67433950 7
122 124 89292373 2
1 26 67574363 6
104 115 2308744 7
106 110 39403325 1
13 20 47224905 7
110 117 94811724 5
10 15 44762292 7
97 114 14508291 4
118 120 78622696 4
102 126 48421424 3
128 129 39078892 2
16 36 31060622 1
31 35 64742227 3
93 103 11189957 4
120 126 81957250 2
1 13 36261231 4
19 26 14433723 4
4 38 70839322 2
56 58 51515005 5
40 42 98735337 4
110 128 39095854 1
65 74 22155415 7
82 135 62027016 7
98 100 69847835 4
96 118 65405029 5
91 135 56315653 7
80 109 48067715 3
82 89 27594856 2
56 72 45426679 3
104 114 99248890 5
78 112 28111123 7
39 47 14011153 6
47 61 93875201 2
114 122 4959174 6
9 12 38884737 7
48 51 61465275 5
20 25 78273250 1
91 136 69565770 2
96 112 56782252 1
108 136 72377632 6
94 115 2177932 3
44 58 78819769 2
134 138 90231635 7
93 131 51370425 5
104 107 74080888 4
126 127 91298742 1
143 144 28828920 3
81 93 47784647 1
95 109 41572718 6
101 129 62812649 4
84 115 14309373 5
77 128 2442127 7
7 19 84385357 5
92 120 4549830 6
7 12 76915388 4
85 113 91500432 6
42 55 86031191 2
90 94 14235409 4
95 97 71578872 7
92 129 20228275 5
86 90 93448190 7
63 74 10357939 6
42 51 67124409 5
107 135 6864754 1
114 138 28772392 4
90 128 57087815 2
112 114 54917358 6
126 129 91933871 6
79 84 80283373 4
42 49 62562284 7
58 68 15770322 1
11 22 25296638 3
126 133 88624416 1
77 126 19436407 1
97 134 54815280 1
41 74 15028095 1
58 73 45575907 5
80 92 39448952 5
21 23 2954095 6
105 110 73106513 4
43 69 34442871 7
42 56 37930334 3
77 111 76369088 3
77 99 76557695 1
14 38 89575664 2
113 119 32327233 1
16 17 83638334 2
5 37 90964887 2
127 128 69647755 6
48 55 99919075 5
16 35 63276718 5
75 90 12659178 5
7 24 60188203 3
16 34 78669295 3
108 135 52063194 6
84 104 17728153 7
13 37 87680292 4
97 116 26359188 3
111 122 50220661 4
61 73 72052686 2
82 95 47854618 5
116 118 519320 5
93 123 44990071 6
5 24 48083105 5
126 135 58120246 5
127 133 82989527 5
95 112 80211141 2
114 125 48311706 1
89 122 13011836 1
87 124 41949214 2
88 115 44036972 3
21 22 26957742 4
80 134 1004569 2
100 114 22747555 6
98 135 12217401 7
86 95 69474823 5
77 101 44435660 6
93 107 23373098 3
51 73 12304410 6
78 128 73190354 4
1 16 61370861 2
3 26 1996756 4
104 131 51087902 6
129 131 52937354 1
4 25 57914273 6
77 95 17602300 7
91 98 16335716 2
32 37 9270064 4
5 19 24158036 1
98 126 85458347 3
89 126 61246479 5
59 72 21383160 4
1 38 41156766 5
75 102 43762219 3
100 102 65534892 6
76 88 75003212 6
55 71 86918790 1
116 130 96844786 2
96 119 24781697 6
17 20 93632571 7
19 34 92247500 1
12 25 88937483 6
9 34 91475050 6
115 134 27758911 7
111 131 81958499 7
106 133 89377865 7
65 70 63177395 6
7 16 73662889 3
43 70 7043479 7
20 38 28399095 5
5 29 77527840 1
95 103 70291850 2
5 21 56154567 3
105 118 72568552 6
76 89 55564526 4
49 52 68164145 2
134 136 83180137 7
78 138 74508803 1
51 59 72261435 6
105 130 80193381 1
16 25 32634128 6
82 86 28228479 3
22 31 47356077 3
12 30 26578222 1
91 92 38104380 1
93 132 48844989 5
98 127 199797 3
94 137 98665743 1
82 97 45407931 3
103 122 57258992 4
44 56 71832927 3
100 112 70423132 4
81 96 81461983 6
72 73 98532791 1
66 72 25304549 1
76 113 93184995 4
106 125 72640821 7
87 103 25740670 3
47 55 25229423 6
27 38 56594621 2
16 29 19120815 5
95 125 95806211 3
87 128 12324542 4
116 127 51102977 6
51 60 27636347 3
40 52 53450963 6
4 8 45578231 5
81 127 1592171 7
28 30 78672023 6
31 32 70830767 7
76 134 98442111 6
109 128 73843562 6
101 133 15088185 6
1 5 89813828 2
87 127 78488525 5
44 70 93017008 1
43 47 92179647 6
81 87 33994009 6
5 32 31605266 7
8 22 84399359 2
21 35 87048432 4
96 116 91894179 3
123 126 3617787 3
81 84 92728390 3
97 136 86978739 3
78 113 10466047 1
85 91 40018341 7
86 98 32489910 7
85 87 50914512 4
51 74 98764163 1
79 102 80933932 5
111 118 13474684 7
10 34 60377078 1
9 14 79317319 6
95 121 34024828 3
118 133 24261510 1
40 70 51951039 6
79 137 30589205 6
102 122 52344195 5
103 114 12693772 5
5 36 67704315 7
90 122 90130282 7
20 21 43454844 5
105 121 58131614 1
114 128 17482111 7
114 117 45706626 2
94 127 73409228 4
118 119 59546181 4
90 100 73277242 7
79 112 58175892 4
17 29 89094084 2
95 132 79782131 2
44 71 11921905 3
41 67 27877523 3
106 132 9405884 5
14 21 34603607 4
1 7 47489452 6
3 22 91233034 5
2 5 98684157 6
126 134 62348049 5
82 87 57665536 2
50 52 78368827 5
145 146 34003309 4
97 132 23443239 6
110 137 66540419 3
88 116 10980304 1
79 86 30495643 6
1 20 48975210 5
79 81 51060900 3
77 109 84927108 5
101 121 51978063 3
76 125 59182840 6
86 101 68424146 5
49 57 88429446 2
94 105 28957919 2
98 137 4050754 7
106 112 70225930 2
44 49 46020261 7
92 94 63883322 2
80 113 29757545 3
39 46 59486615 1
77 78 23139423 3
12 36 55817272 3
1 9 43760727 4
13 31 82350708 4
48 58 81499867 7
87 91 3392904 5
28 37 44202107 4
9 26 20012905 3
102 107 82923318 4
110 119 84993216 4
101 128 80321613 1
139 140 26853804 3
95 106 5475579 7
7 18 49772931 4
18 36 85850295 6
106 111 14826002 6
77 133 55881678 1
83 100 11788788 4
83 120 8360624 4
42 68 78729138 4
113 122 15452407 1
103 115 44658129 3
92 137 96963292 4
104 105 9754878 1
63 68 702735 5
18 35 76936028 2
80 133 16404776 7
119 137 18619925 7
120 121 40989264 2
96 129 64750087 5
118 121 51383235 3
129 137 64008786 4
94 124 29815636 6
83 119 60977098 4
53 74 80653932 6
53 65 87035516 7
47 67 57590518 3
124 130 97224344 3
13 17 33060610 7
92 133 23957022 2
22 33 12000496 5
106 118 67892743 6
23 28 15477979 6
89 90 11703828 7
29 35 98720852 6
82 117 76662277 1
127 138 4045617 4
29 31 26023485 4
117 135 63430339 6
126 136 62600493 7
80 102 62672212 1
46 74 69394069 5
77 86 4493609 3
81 118 28942195 3
80 97 81562410 1
104 137 11251930 6
42 48 89195298 2
110 126 55527437 1
46 53 68757405 1
59 70 48388248 1
99 113 27492297 6
103 127 89139133 4
95 135 2716829 5
21 26 72401195 5
92 128 34647639 2
92 95 82214071 3
106 107 92896614 6
3 17 83796204 4
90 110 72342879 5
115 138 75596077 4
88 94 50355507 1
144 146 25861392 6
144 145 60839513 7
122 131 41440018 1
119 128 23292466 6
103 126 87195111 5
76 92 84594421 3
81 115 88218799 7
101 104 92526466 7
1 3 49208297 2
51 55 16951091 5
111 132 95737991 2
9 29 22247216 4
60 71 29764805 6
132 138 94752186 5
109 111 28590724 5
105 123 15692844 5
48 50 75284396 7
39 55 83783006 1
80 138 48633135 7
115 124 77820883 4
51 69 32815924 7
40 67 76668392 6
9 13 60151389 3
79 135 22044316 2
100 131 23652558 3
2 4 21171127 6
82 99 94567699 2
121 135 67491054 4
87 122 50363764 6
39 58 88638586 4
18 38 63758408 5
87 111 53895396 2
42 58 68231402 4
94 128 51548736 1
58 71 35826536 2
99 102 70395342 2
84 122 47042150 6
106 128 82362900 1
124 131 71691781 1
87 109 68195954 2
96 126 13500135 3
81 124 69094871 2
101 114 74283661 2
5 20 78267832 1
48 57 44659731 7
101 126 63796895 6
53 58 93354190 6
40 61 59502661 4
24 34 22538746 4
21 32 64552929 1
15 35 17464708 7
25 26 23198874 5
48 52 67810005 4
82 96 43414564 5
105 137 28656682 1
11 16 78323511 2
75 133 45358160 5
84 97 30684127 3
15 21 29654185 1
18 27 86212835 2
105 120 77607734 4
89 135 20811221 3
53 57 87643620 3
78 136 27246092 7
92 104 47091324 4
83 92 52744005 2
6 20 65146964 7
2 35 62228892 5
124 138 22713082 2
4 27 27077770 4
4 20 241739 5
1 10 35944717 3
89 92 20342328 1
7 20 42310277 2
84 120 70206784 1
63 66 68846103 6
7 37 77245367 1
29 37 52783048 6
76 126 57563446 5
95 116 95658668 3
1 23 21701347 7
112 132 10335567 6
41 64 9367379 7
39 54 59090516 4
47 66 60632060 2
116 126 9411088 3
121 138 8861236 2
76 90 48253837 2
95 114 31746163 4
57 74 38322766 3
93 136 32167958 6
131 136 29340247 7
95 131 30409269 6
39 68 59085145 1
109 121 10800848 2
149 150 51565377 2
2 32 70896241 2
77 90 70711738 2
90 129 69028668 1
86 114 70854755 4
116 124 16773747 7
24 25 45260055 6
122 135 5059892 4
7 33 38285994 5
40 66 25923778 4
40 50 2562812 3
10 20 57879448 1
84 127 73499272 7
83 112 63100013 6
84 98 89255830 7
99 109 48092635 4
88 89 13648687 4
99 122 32758595 6
123 137 13862391 2
115 123 75028032 3
101 110 36805699 3
62 70 87988559 6
42 54 86358827 5
88 130 63978760 4
137 138 12898651 1
103 137 91165350 6
4 35 93960759 6
129 130 78351217 6
97 102 71287366 2
78 79 36115532 1
89 113 95907477 1
45 72 43629032 1
46 49 68666956 2
7 28 41540857 3
103 124 68442149 5
17 18 32422474 3
136 138 80840996 5
63 64 11238854 3
117 126 70825759 2
89 132 77808348 7
93 100 73099683 1
79 128 332761 6
98 124 74046943 2
77 100 95220153 2
105 124 46853158 7
92 114 43061814 7
97 120 42893988 6
98 131 70614665 4
49 51 84955482 1
145 147 19428379 6
96 97 37565947 4
88 96 42866638 6
47 73 61520525 7
19 29 38916069 6
75 117 14166470 6
83 136 57452438 4
95 102 31514288 7
77 124 92419592 5
79 138 29681704 6
42 59 87986323 6
49 70 2307377 6
45 52 54681210 1
92 125 37529636 5
90 115 86952210 3
102 113 58848097 3
78 110 36280146 3
75 98 63507639 6
8 27 86395568 2
7 13 64095110 7
43 59 5411251 3
103 108 15574891 3
75 99 1437056 4
115 125 67830172 4
56 62 96514994 7
108 120 2329931 7
4 6 56839396 7
91 125 9248 3
72 74 47898916 6
4 21 90200977 3
116 119 69052886 4
113 136 16659591 6
75 89 39306972 4
78 83 18738129 4
55 60 45337877 4
94 95 32137848 7
3 5 2441135 7
47 52 88730026 5
12 23 71295524 1
60 72 97756598 1
84 133 72063474 6
117 137 41249826 7
4 26 53191201 4
61 68 16505774 1
43 45 50689013 5
80 108 40348837 3
120 133 30712587 7
86 110 87778033 2
55 70 30630657 3
99 111 71102514 2
125 137 53908906 5
54 63 32183386 6
81 92 9991123 5
64 68 51855712 7
83 89 56476158 5
91 115 61110406 5
87 104 35578807 5
107 108 85959218 2
88 117 3655068 2
9 27 49399612 2
12 28 28278479 3
104 126 77607424 2
10 33 83838726 5
96 124 46398576 6
75 121 47106534 4
78 107 71694484 2
100 133 1811360 6
117 120 66132781 5
77 107 4078886 5
80 126 71156323 6
91 95 75606351 6
90 131 77578273 7
6 29 31649735 6
25 27 41849588 5
6 23 23190267 6
78 120 41327170 4
13 34 72432940 2
12 37 27330429 2
96 113 82444126 5
91 118 37046150 6
12 27 24171850 1
80 118 16906737 7
105 138 30681625 2
8 37 30168321 3
48 53 79474566 7
49 60 52986163 2
3 16 11638524 3
92 122 923937 4
82 136 6531986 1
106 134 83093321 6
126 128 52447626 3
86 112 48643422 4
82 91 13125307 7
84 85 68554733 4
132 135 24136978 5
40 41 71708752 1
56 74 12300996 5
83 123 54734848 6
123 131 63396404 3
77 125 62743015 3
78 90 73930418 7
78 132 6833535 3
125 136 77830958 6
104 112 43651871 4
43 55 41037623 3
75 79 70907996 6
88 103 71703502 3
62 72 99175118 3
107 134 26842697 5
79 113 62706131 1
82 129 87371002 3
100 110 44477184 7
106 113 65932803 7
58 70 93352861 1
87 129 68859344 4
53 55 32432484 7
101 103 40666578 6
98 110 23550326 7
5 7 65848357 2
1 22 10512852 3
15 30 25607690 6
115 116 42085870 1
122 125 43212102 5
45 71 85794655 3
119 132 69695844 2
95 134 78148317 2
99 138 11411945 1
76 133 48074040 5
107 119 7962303 7
91 131 16386388 4
16 28 69617138 1
95 128 53721237 1
81 90 18309948 3
89 131 48363479 3
112 134 83668536 6
3 8 70381581 7
122 130 18731910 1
119 121 93901469 5
113 134 56776215 5
90 108 3817805 4
94 98 47369993 7
77 136 60258726 1
109 115 28190194 5
79 88 113488 7
124 137 41989740 7
80 112 41344058 5
125 127 3924931 1
26 34 13943316 5
91 129 25824715 3
107 125 90693816 5
45 70 91143412 7
22 24 51301894 1
13 26 82660715 5
4 15 83146713 2
78 131 40208453 2
119 126 44340984 7
75 87 88198571 3
130 136 47716116 1
40 58 32352982 1
56 59 87985898 4
46 54 58772043 1
105 125 85210753 7
6 16 80820251 3
27 33 70502972 4
84 88 29363846 2
80 122 81191375 4
20 26 16843673 1
27 37 93635158 2
2 27 24631509 2
101 113 81158160 5
99 115 82277051 3
42 50 25001268 2
101 122 52422647 3
65 73 67625618 5
104 127 76688674 3
109 131 52209025 6
98 109 48801056 1
117 136 65302206 7
90 116 17387504 1
84 132 59375065 2
108 116 43771512 6
18 30 60155810 6
101 102 84388357 6
138 139 22874515 6
121 129 26954092 3
80 115 64399849 3
91 108 14084571 3
81 99 72711364 5
87 125 47669 6
14 36 30248919 2
85 111 47778638 6
41 70 74123486 3
90 125 18562480 7
99 120 76693959 3
93 122 69095218 4
54 65 86029597 2
108 130 73532667 3
98 128 13321303 6
14 16 93587434 2
97 131 44903387 5
23 32 37552281 2
76 104 10455970 2
40 43 10544724 3
56 63 35839579 3
18 28 52055212 1
95 123 44994105 1
5 31 33547685 3
133 135 96833790 1
80 128 68607738 2
97 112 96334157 4
5 30 14621341 7
121 126 49204641 7
77 85 4800427 2
84 92 77456942 6
39 63 3469999 1
103 113 91464061 7
81 131 45509821 2
103 128 7698922 3
87 137 23116466 3
80 111 60050443 3
82 122 465320 4
42 66 82951133 4
75 123 22151206 4
88 99 90907654 3
114 135 91032378 3
61 67 70242540 6
78 103 11108230 6
89 102 15559618 5
9 35 87667477 4
26 36 64416806 6
78 104 67481973 4
107 127 25930202 7
106 137 29881532 2
61 62 17478242 1
54 55 98822537 1
2 24 3538585 6
49 58 69119620 5
96 115 7978718 2
89 129 83928223 5
85 101 98716217 4
115 132 72285924 7
92 131 70850374 7
21 34 60091164 2
25 32 5975504 6
94 116 94196328 2
92 124 46322574 6
10 25 96988804 5
9 28 21478707 7
85 107 20580129 1
62 69 20374637 4
77 117 56876217 1
18 21 81865004 7
101 107 58218654 1
86 102 67627513 6
116 117 29193731 4
59 65 87242937 5
81 130 45121934 6
94 104 54261074 3
19 28 32999315 6
85 115 79451740 1
88 128 73201861 2
111 124 3604 4
41 46 19313292 1
94 106 8926743 1
110 122 53374343 5
83 105 86137058 6
99 118 40779388 4
77 127 24176381 1
83 90 95837074 7
91 109 75238468 2
41 60 82334210 6
25 38 10339066 7
82 92 96522673 6
83 110 54063768 2
68 70 36446733 6
39 73 4637633 7
106 136 14187760 5
75 126 82576714 6
22 28 62680749 7
42 52 21655211 5
32 35 53391035 2
66 73 25684781 2
98 125 91709921 3
108 126 3507961 7
20 28 92796523 2
102 132 97443425 5
112 137 95020702 2
83 125 75020262 3
108 112 54243900 1
40 62 4895560 6
102 115 10336274 5
92 113 30928369 4
75 96 18929935 6
33 34 98544600 3
8 36 92927657 4
26 29 27429664 4
91 104 94932787 2
25 36 38694687 7
92 115 28257794 2
93 130 17248713 6
107 118 61765022 2
3 10 86742278 1
31 33 87248245 7
100 103 93291168 5
78 80 87101854 1
81 97 94034143 7
11 38 28417043 4
90 105 2086479 3
87 134 96579174 1
44 47 32148387 5
51 54 23952364 4
47 72 7891466 5
75 80 44931060 2
90 112 77048210 2
2 15 12129232 3
61 72 70570009 4
66 67 81030844 2
82 137 92765820 5
90 107 74009010 5
73 74 10312756 7
84 116 52344765 4
1 12 28279807 1
49 69 88088296 3
24 36 23930241 6
78 129 95803063 1
10 24 94110498 7
2 33 7044232 1
140 141 22848260 1
75 134 96305855 7
102 138 19558350 7
86 105 54074086 4
60 65 6630410 4
41 45 25423595 7
85 130 94839237 1
97 124 25753086 1
28 38 37406792 1
41 50 30229107 7
93 137 52332312 2
18 29 74212394 7
76 119 11018322 7
77 131 58268660 5
28 33 46993401 2
19 33 21234026 5
4 29 84734985 2
51 62 64188764 5
76 124 81300049 2
20 27 86060236 7
40 57 66967014 4
85 122 7974499 4
87 117 31635057 1
47 59 14482961 1
120 138 51361341 3
78 101 81011827 1
99 119 55043958 3
99 107 74987572 7
100 132 95321157 7
76 94 31786068 5
55 64 58118352 6
55 72 55118161 5
81 98 284222 5
113 129 23068524 7
4 10 82507711 3
100 127 5203917 6
62 63 59641798 6
39 74 47423561 6
75 100 43233474 5
24 31 2862127 6
65 72 47275498 6
63 69 81657286 5
46 61 11523688 7
110 132 3673911 6
45 46 60498131 4
84 86 84091045 5
43 51 79479980 2
11 27 59777707 3
108 125 48168192 6
84 113 92738195 5
5 33 90696170 3
84 135 8929568 3
80 93 55250172 2
119 135 91422639 2
49 53 23440052 4
84 126 40170066 1
82 115 73128700 7
87 121 46971275 3
45 69 55412095 5
41 51 59696432 2
66 68 46714370 6
112 126 729906 1
127 132 16789024 4
8 26 59392040 6
6 21 12652242 7
41 43 65532295 6
34 37 85705621 2
103 120 8436060 4
100 124 11092287 7
79 98 32742401 6
99 125 92683971 5
48 56 66807926 4
97 108 83246009 3
91 110 94538198 7
107 120 53743067 6
1 6 25909031 6
79 118 53190995 1
79 132 1243433 4
110 135 94390311 4
69 74 21517288 2
94 107 86705252 2
61 66 25867584 7
41 65 19826572 7
26 37 24459459 5
42 74 28461371 7
52 70 97269703 1
17 19 54821371 2
113 116 5976943 3
103 136 22377004 3
105 109 82693295 3
86 119 18804072 6
45 64 22106669 5
13 25 18013191 2
96 132 55743598 3
81 116 31822441 4
91 97 52537881 4
78 105 85481921 4
8 23 92420925 1
49 66 96406453 2
141 143 64232502 4
89 107 51391978 2
102 136 85353980 2
142 143 63830436 1
75 108 81411164 1
122 129 3491978 3
3 31 81866442 1
81 135 4131901 1
14 37 60942053 6
39 60 88740225 2
83 130 77260241 1
14 24 11504981 5
120 125 53717434 2
105 112 53716959 6
57 65 53881252 4
44 59 49583659 2
82 134 77780176 2
116 138 72742139 6
39 48 34176719 5
86 131 18055821 6
3 23 541544 1
89 127 19829133 2
99 117 41647008 3
77 119 10927294 3
130 134 88812936 3
7 30 66061787 6
39 50 67390630 6
86 117 62632766 7
21 36 65332310 2
83 93 58918718 2
15 37 56527413 6
99 110 21692455 5
70 73 40458487 2
106 115 29170947 1
80 86 86421021 3
113 114 16955908 5
16 24 7759936 3
12 24 97006949 5
46 60 56779105 2
81 94 54016937 5
95 111 8443615 4
18 22 52613344 7
44 55 14160585 2
11 28 31185960 1
24 30 17041743 4
43 61 14915550 7
18 19 27902403 1
87 90 76468687 4
121 133 59683931 3
104 138 49785631 7
81 121 71646791 6
113 126 9164164 5
107 110 67136916 1
50 59 32701059 6
76 93 88332132 5
48 62 37427195 4
85 138 6166229 3
20 29 66900831 2
101 106 84129233 1
103 125 50748149 3
69 72 27783174 1
132 137 20714766 7
81 119 74734645 7
85 105 31745043 4
90 103 19853808 7
7 10 21438815 3
40 51 14630055 5
17 25 38576065 4
82 116 67528764 1
89 112 29088569 6
94 138 94949304 4
90 104 92513141 2
77 135 22662875 6
95 100 65567403 3
9 20 89643175 3
76 123 81409123 3
106 123 46767012 2
50 66 65122147 1
102 120 27652200 2
24 32 57445229 3
114 121 86065513 2
45 54 54598737 3
128 137 75107828 3
89 136 41797698 5
24 35 84524931 6
87 102 88116944 1
23 35 95839686 6
92 98 11970337 3
4 37 24724888 2
13 19 81386651 1
102 135 19521942 3
102 123 44610296 5
9 18 91565082 4
53 62 44359414 4
124 134 38345047 6
92 118 68164059 6
101 118 69540405 2
1 18 94645698 3
75 132 54530869 6
91 124 76457591 6
111 128 43360123 2
97 129 78759021 3
76 80 66118736 1
85 119 46955155 5
16 18 84808454 2
109 113 30882260 2
100 106 26813344 6
56 64 83826017 7
21 24 43476371 7
6 12 8279416 3
61 64 9287024 6
90 123 99011462 5
45 58 34987792 3
121 125 10636470 7
13 30 4175397 5
52 60 84790801 1
47 71 35612289 7
35 38 68762991 1
115 133 18476674 6
98 138 20680414 2
43 71 11136376 2
84 94 29045796 1
19 35 45143240 7
82 83 17810630 3
57 69 25858227 4
44 66 1791752 5
41 63 65827377 3
58 67 82368435 4
102 110 87650806 7
86 118 93575196 2
86 97 1640502 7
85 135 24092174 2
109 117 54600632 4
100 138 91740427 2
4 7 78987087 1
117 124 12661517 7
83 98 38279221 1
7 21 47024418 4
89 105 38951111 5
100 123 28090126 3
96 109 95344221 3
49 64 43572275 3
81 105 59982823 5
60 64 78501976 6
88 127 93229878 5
47 70 95756259 4
100 108 40622712 2
92 108 60054866 1
60 63 51596737 1
117 127 13989787 1
100 115 2140364 3
96 111 32294074 7
8 29 47156338 3
5 12 10552738 1
39 52 33434394 1
13 27 75423650 4
22 34 85280566 6
12 29 65887859 3
39 45 57684165 5
14 17 38965676 5
83 129 91407320 7
100 126 20226943 7
17 21 42160176 1
118 122 54115725 3
79 117 15919657 7
92 132 61298116 5
107 128 67784941 4
39 56 94801925 1
84 114 85175599 7
91 106 7337734 2
125 129 63911434 7
79 87 35687309 3
75 92 38868131 1
90 111 13657515 1
87 136 96272970 4
60 62 79279519 4
54 58 4170535 2
107 117 54138593 5
108 117 19468961 5
107 124 6648753 1
1 4 7110489 7
16 21 82405474 4
88 91 53709884 6
105 135 3029932 2
44 45 2589495 5
110 118 19083483 4
113 132 87869242 7
83 104 74910881 3
80 130 35913466 5
75 86 93119430 1
93 110 23305456 1
84 95 5418482 6
3 25 40069074 3
86 126 90680509 6
95 110 40146513 1
99 133 82439925 2
81 101 48316035 4
47 56 71942032 6
117 132 87000733 4
101 132 91294222 2
120 137 80847601 5
79 97 74171657 3
107 123 85994265 3
5 11 75355021 1
79 85 69586747 7
100 119 44115346 2
22 25 17915429 5
40 59 54687403 3
140 142 63793109 3
41 58 1413679 1
111 137 85075037 4
87 108 79631546 6
8 17 36191674 7
59 69 6795587 3
83 117 38306475 3
121 131 22082769 2
10 38 87821285 5
146 148 87771369 6
94 119 78613758 6
71 73 25117879 4
39 41 49980821 2
90 109 85278504 1
57 67 29976103 7
15 19 53865274 3
67 68 93685741 3
107 115 69942803 1
40 46 542350 1
113 128 28308005 1
105 106 64431488 7
75 82 51864628 7
6 35 76698263 6
17 36 97321832 4
40 48 50848823 4
51 63 9901211 5
74 75 18860266 5
40 74 81131824 3
145 148 9916600 4
76 129 74331613 2
109 137 26374697 5
77 106 73985975 4
94 131 16681455 2
50 70 2637357 2
117 128 82939156 1
79 125 85000869 5
14 31 13609924 1
47 69 62788601 7
50 65 57966927 5
97 104 28315453 2
77 138 87099529 5
112 136 49414348 2
4 19 99201690 1
111 130 10284035 5
82 132 62403122 3
96 102 74929206 5
96 117 72245894 5
25 37 58739057 1
89 110 48403678 3
93 126 27031703 4
19 25 90374939 1
119 130 6155756 7
77 83 81019646 5
100 134 92946831 6
2 3 25850258 2
114 137 94442463 7
48 64 42365780 1
5 15 91307903 3
113 115 55815752 7
110 130 43552156 5
9 38 9398736 6
33 37 48281221 6
128 130 71945653 3
75 88 38799270 7
6 19 69331657 5
121 128 50605259 1
41 47 58896150 3
133 138 86787777 3
61 65 30798825 6
80 98 49451287 3
77 112 89200707 6
92 105 32643467 1
81 137 8979419 4
15 38 97170326 6
85 99 66348215 6
109 125 97199972 1
98 117 44653219 1
4 14 51652598 2
124 125 93023208 3
82 126 36039013 5
99 126 75638581 4
28 32 59801077 2
46 47 4041529 3
51 68 86844370 1
48 60 609261 4
79 82 99165888 6
23 36 75971010 3
86 111 7487245 1
52 65 55218476 6
79 127 3429026 5
104 121 63476391 2
98 121 40639445 7
113 118 22556097 3
90 113 57523487 3
86 123 49655206 4
76 77 9014147 4
87 98 96388366 3
12 38 70200169 2
123 125 83244861 3
28 31 15235782 5
53 71 10707110 3
94 121 44656309 3
9 33 86920797 1
95 137 13178726 4
44 46 30585836 7
89 101 35984195 7
48 66 59020382 7
111 116 69681301 3
7 35 8391661 4
8 13 75913406 2
109 129 61939872 7
44 73 63513018 7
93 112 69440834 5
113 137 95716055 5
53 63 67824013 6
76 100 50739606 3
93 120 68736493 4
95 118 74580669 7
101 135 93535716 2
110 129 89022039 2
58 65 53308917 2
6 31 68207238 2
78 99 34539173 6
101 111 57486660 1
107 112 46598040 3
62 74 6273223 5
82 107 56888889 5
78 89 78498682 2
52 66 18286369 7
78 133 92773600 3
89 130 25041124 3
4 30 47226344 1
43 48 55788694 7
76 135 26070174 3
4 5 57250245 1
27 31 89967972 2
77 82 81893969 6
11 23 38120077 2
88 114 7000004 1
67 69 98585038 7
100 125 19754878 4
98 116 45041760 1
123 133 99269237 5
47 51 16652737 2
110 114 26690057 5
88 104 98623150 3
79 119 80130442 1
94 96 44643705 5
118 127 24950914 1
86 92 70250091 1
92 107 94534717 6
85 126 80756374 1
84 123 76099095 2
11 35 1876844 6
92 100 81124945 5
82 100 96312445 1
15 18 72728931 2
11 34 71953996 1
99 130 12598962 6
82 138 93635308 7
78 118 66851926 7
93 105 70612347 4
9 30 33420128 6
114 118 64787768 6
94 120 69043511 2
112 122 58593996 3
116 125 8684097 6
93 134 76633477 1
79 110 45359250 3
81 128 15603716 3
93 129 28102865 3
88 136 94022534 6
39 69 55389657 5
102 121 63979916 7
110 112 78217375 5
12 17 25575315 3
103 123 67983093 5
108 115 72972140 1
79 124 81958834 5
42 67 78458186 7
57 68 90059137 4
64 74 27738596 6
92 136 55308695 2
105 122 7802786 1
78 84 59627130 2
80 124 61271039 6
43 46 49153906 2
32 36 58862222 2
103 135 30208151 5
144 148 64697592 6
13 38 70171184 4
65 68 79925089 6
114 130 73597120 6
54 62 20689128 6
119 136 26598519 7
111 134 64371106 2
108 123 82894443 1
109 138 15266940 2
85 120 58647450 7
42 45 68477905 1
6 27 91940162 3
108 134 59398065 4
27 29 75169451 6
53 68 24562455 1
7 14 56531831 7
84 109 58462804 1
106 126 97046623 5
87 116 73685891 5
10 11 2387786 6
118 128 53592722 1
111 114 1856520 2
11 18 2712307 1
123 138 65885332 5
99 104 50706595 5
104 125 19724089 4
46 56 97146545 7
117 129 7236327 2
108 127 77046337 6
78 96 71410900 3
120 128 14209896 4
87 106 41003303 3
79 103 65832487 3
42 71 84116346 4
122 138 48259033 7
126 138 7230535 5
54 59 5249812 5
81 136 49197516 5
12 26 42333375 2
78 114 95869424 1
114 127 77655227 6
41 42 49425309 7
68 71 29778819 5
120 122 59731922 2
76 79 57828186 6
37 38 90040572 4
76 131 37517149 5
41 73 11871676 6
3 37 57013748 5
110 124 10063551 4
27 32 87131541 1
117 133 96591867 7
33 35 27409777 7
79 99 75725175 2
94 109 94442495 1
1 35 29396887 2
61 74 74580628 5
44 65 22551365 1
78 124 61378487 7
97 110 80032409 2
3 18 33805098 6
82 111 86554303 5
43 58 53920694 2
83 87 17482007 6
86 88 45336024 6
10 22 15764242 1
81 88 41338154 5
83 96 23591189 6
116 136 94913863 2
22 32 78697079 7
64 70 21960830 3
100 137 85274056 6
100 122 59055682 4
127 135 45501937 7
92 126 86033887 6
5 13 52509360 3
7 23 30553340 7
80 107 10961606 1
97 122 59937240 1
46 72 54932071 5
45 59 77511187 6
4 13 87281612 7
92 99 23622444 1
84 99 34191981 4
39 62 25647742 1
89 121 2139629 5
96 128 46555663 2
9 10 92645033 3
118 129 9395226 6
112 123 14074801 7
11 15 52423416 4
62 71 34824482 5
12 20 7075555 1
50 53 66716075 4
69 70 17087500 7
97 109 38093909 5
2 37 26928021 4
84 124 55930345 4
45 62 55390653 3
80 85 76081208 2
40 63 78578494 1
18 37 62211201 5
89 108 20558268 1
1 24 33267930 2
100 105 43004390 7
48 49 47860072 3
128 135 35407326 3
87 92 7861964 4
63 70 22624222 4
61 63 92129742 7
14 32 94925835 6
76 136 17874878 1
40 45 15622740 6
110 120 95831599 4
103 134 24943839 7
95 136 49082201 5
102 137 18495803 2
91 119 35889386 5
75 76 38251106 7
103 121 64163225 1
110 136 9652476 5
108 124 23613569 2
97 126 65033224 5
43 56 8951332 7
86 108 35323689 3
85 96 64622246 5
87 114 73504328 1
44 61 81348797 5
114 134 48013419 3
76 114 37488231 6
65 67 28894173 3
44 54 54161347 3
99 131 67545233 1
11 14 21113801 7
116 128 45642348 2
98 133 53576519 2
86 124 30366954 7
13 24 90193082 3
75 110 55420592 5
4 23 24354767 5
28 36 73624729 2
97 121 69642712 6
30 34 36486193 3
89 103 95699107 1
20 37 51565924 1
19 23 25235237 1
114 131 12089164 2
123 128 13078651 5
81 110 19494259 5
19 22 72601033 2
96 136 58060512 2
122 126 65808606 5
44 74 19784955 5
15 29 63886840 5
98 111 92486869 7
3 29 76365969 5
16 19 12399853 3
86 93 33896781 7
46 55 26298740 6
115 131 37005207 1
97 98 27586311 5
2 16 51019602 7
113 138 90801425 5
105 128 53836562 7
4 12 88835574 3
40 60 90957311 4
94 135 96250209 7
88 93 96888991 2
86 96 21289662 3
75 122 76594393 6
112 119 44516121 1
96 130 85771320 4
127 134 83853365 1
91 102 42093482 3
67 72 7108122 2
9 19 50174805 5
97 107 9235032 7
109 136 78153035 1
48 68 76349391 7
24 38 72306270 6
117 138 85530962 2
107 130 47280918 1
80 96 20033829 5
117 119 54949711 5
48 61 35145322 2
91 103 60401090 1
91 93 68481856 2
6 18 71998552 7
76 98 77891820 3
121 134 96558834 6
48 59 68212326 1
81 133 74901550 5
78 100 46051206 2
91 138 33399240 4
107 122 53926755 4
39 40 66009784 4
80 84 78925362 6
109 124 67530784 3
5 35 68943685 3
101 108 47388163 1
14 27 35439507 6
8 21 52324700 7
115 127 79948661 6
91 137 28538863 7
110 133 2159792 1
108 110 53253434 4
88 101 77228810 1
89 115 8223056 5
49 55 54432181 3
103 131 27429689 1
45 60 15339201 5
107 114 32472804 4
58 60 65031383 4
131 134 38513746 5
132 133 96216675 6
75 120 19783877 7
83 135 73994594 4
9 15 76801703 3
22 36 4023313 5
76 128 20903919 5
45 55 71890319 5
86 122 45652823 6
9 17 26292986 7
50 71 96725051 2
42 62 67860275 2
88 107 47588129 6
96 131 12767794 6
8 35 42475089 5
90 92 46099782 5
80 129 84757100 4
78 123 7280615 2
105 108 22731248 7
43 62 3087131 6
24 26 84224998 2
100 136 6581204 2
121 122 34668444 6
92 93 77328757 6
135 137 91351436 4
51 53 46082596 4
88 138 69303789 4
85 103 37876573 1
115 121 12697672 7
10 23 98131766 3
59 62 38589894 5
10 28 63032941 5
47 68 28389347 1
85 93 64456303 3
5 34 1431307 7
108 121 39178294 3
118 130 51950094 4
89 116 62186555 7
23 24 32874969 2
102 105 8855032 1
81 122 4108159 5
5 10 86812398 6
42 65 98255377 4
80 87 9149388 2
130 137 53668990 1
6 10 41890455 3
97 133 87066709 5
57 64 20087511 6
97 119 50716338 7
83 99 18185310 6
110 131 44417968 6
82 127 159313 3
45 48 74759682 6
17 28 69051530 6
99 114 10008844 4
89 111 56162685 1
76 106 54424874 2
102 124 70421248 2
2 36 18409511 2
79 129 31702800 7
86 104 36304658 7
94 132 12408148 1
6 11 45999695 3
90 101 82594484 1
64 67 80808270 1
82 125 85238876 3
85 124 14720508 4
84 111 68622236 1
95 113 25370238 2
93 119 72174439 1
50 69 39059142 1
76 99 84284692 1
57 59 34288050 7
130 138 17592795 4
118 131 34317804 7
100 120 68769973 5
119 120 67844844 2
112 129 80018471 6
109 132 39324152 4
1 31 43762664 1
89 93 74798938 2
92 127 32444626 5
52 56 53027514 3
31 34 24880142 6
77 118 29332530 7
56 69 60553828 4
125 132 45024060 6
55 73 82214771 6
52 71 69347649 6
17 34 8705738 1
2 25 8653046 3
101 124 88421411 4
87 132 73960142 1
79 93 78768349 5
120 136 73869346 2
4 16 75313320 4
97 128 18775865 6
101 138 84484980 5
43 64 56916172 2
14 25 46634021 4
105 126 40722102 6
76 85 90248147 5
30 32 45891242 5
89 137 41149143 5
75 113 66947535 7
61 69 657560 4
107 109 47596131 6
41 56 29116455 7
6 24 6376206 3
106 119 5254930 1
100 101 13636045 2
99 112 66652248 4
45 56 27267031 3
109 123 88958242 7
90 102 5268933 7
39 72 58071295 4
2 6 62550147 7
29 30 37331958 7
104 111 28341835 6
113 131 94724882 3
49 71 1700837 2
103 112 53228531 6
102 130 10970141 2
50 74 84475754 4
42 57 84490103 6
49 72 48687660 3
101 115 68650450 5
88 92 53391657 2
44 63 14958987 1
52 67 88917239 7
43 65 24045363 5
95 133 92101335 4
57 73 4180732 5
78 88 31826350 2
42 60 46529356 1
40 56 64986318 7
132 136 12672492 1
88 106 58441841 4
79 130 8960517 6
11 21 31497843 4
88 134 57775500 3
112 130 65370445 5
79 126 64164234 1
119 124 98899828 3
70 74 98242828 4
127 130 93114650 1
76 117 58998561 5
15 36 54749 6
54 56 38646616 4
43 60 29889431 1
47 57 40106008 7
122 133 22711493 3
8 28 70930973 1
79 111 62298770 1
85 125 24937348 4
119 134 74985576 2
82 110 38627618 7
123 132 45530546 1
12 35 90989797 5
79 107 81756451 1
13 36 34455514 6
6 14 24445007 4
94 103 71864569 7
116 121 86198750 6
99 116 55092525 3
27 36 62826657 2
105 113 45419878 1
114 136 18049518 7
93 135 61894740 6
93 114 85102252 6
105 129 71647287 4
53 67 37139149 1
110 121 62497052 5
106 122 43116411 2
85 133 70119458 7
85 136 48470484 4
17 22 41431136 6
97 103 88899371 3
12 33 59382689 2
79 123 17518729 6
2 38 48652185 5
103 117 70237458 3
78 130 60198808 6
133 134 25886176 3
114 129 35808551 5
44 62 30738862 7
88 126 37448611 6
4 22 63697155 2
87 100 74598354 7
58 61 91038828 7
94 130 27013010 3
54 74 88937679 6
15 23 31438016 5
102 103 28855544 5
111 138 1245935 1
55 69 52589254 4
58 69 75414529 4
106 109 52061918 5
5 9 57918231 3
89 120 3998873 4
85 123 45858587 3
47 64 9378323 6
92 109 15916617 2
9 31 95252524 3
87 115 36398397 7
147 149 18627549 6
101 125 32933720 3
4 18 45753885 5
3 33 44191403 7
94 134 95915246 7
80 127 420027 1
75 107 78410068 7
81 112 70436488 7
105 107 14695871 5
31 37 92292241 7
46 59 3337336 7
75 119 40246526 2
79 92 55666234 6
111 117 12158767 1
10 36 64053449 4
96 114 9433506 3
104 120 74836949 1
2 26 31141219 4
82 113 36123610 1
108 122 62401898 3
90 126 23307416 4
108 118 91928501 4
23 37 42137261 1
81 106 55621044 2
33 36 40146620 1
77 97 72173300 6
38 39 91706984 7
56 70 90856904 3
89 106 12679566 1
111 113 15272743 3
4 34 61390217 5
90 124 72160786 5
84 105 19817406 7
16 31 22970173 2
43 50 44965416 3
15 27 73086599 4
94 100 16716915 7
86 94 46727745 2
120 129 61263929 4
19 27 15123992 4
116 131 90810467 2
81 104 20405491 3
76 115 83140506 6
57 72 34139648 7
8 12 21883047 3
82 88 48044531 4
6 26 60498615 4
8 24 6899621 1
13 23 77069246 3
111 119 79573290 3
89 100 35741570 7
64 72 44344859 1
65 69 32788262 2
112 120 62433723 4
8 16 95921968 1
97 101 34368450 6
76 81 10901578 6
77 94 73198219 5
3 20 4924090 6
45 61 17233473 5
99 123 82441329 4
66 70 42260349 5
94 114 33703595 3
84 134 72259933 1
86 87 84063665 2
107 138 2528337 2
82 84 75054729 7
100 111 65285306 5
85 127 21028139 2
75 129 7051748 7
51 61 39783573 1
131 138 58495250 4
79 131 53299473 5
2 22 69336472 2
104 124 66695765 2
91 107 70970067 4
15 25 27668589 2
146 147 5015818 3
86 113 60907200 4
80 91 17536367 4
93 121 59057977 3
46 62 16624833 6
108 129 15801150 4
40 49 34872403 2
110 127 96286074 3
48 73 39579685 4
8 14 17567785 7
2 13 76510743 2
5 22 1630734 2
15 22 74907438 5
129 135 68582277 3
22 37 34438588 5
91 127 28046634 2
30 37 32540138 5
80 117 60069282 3
75 101 85058817 7
21 28 17155274 2
78 82 51533736 2
12 14 74424246 2
79 89 30937142 4
78 108 77954544 5
78 122 23342079 6
25 31 5980278 6
76 87 96392494 6
55 57 47421922 7
61 70 41917426 7
77 121 53598657 6
76 112 22682339 3
81 111 70663980 1
93 109 33703315 1
91 100 99451053 1
14 15 40776061 4
82 118 81843581 7
91 112 39726188 5
99 128 59467571 7
80 90 79659147 3
90 99 69416524 3
52 53 26459212 1
56 65 7824860 1
13 28 49661660 1
118 123 2465296 6
129 133 89828832 4
2 8 13649683 2
16 27 39090403 1
68 72 1321025 2
86 125 50513432 6
8 25 17124546 1
104 108 2874741 6
51 56 39582952 5
84 96 40094037 3
32 33 47175329 6
45 65 57379826 7
100 107 30701481 6
128 131 20332944 5
33 38 66354614 3
15 32 27755157 6
111 127 8966225 2
119 127 38733097 3
41 68 9619078 7
105 115 9689921 6
6 33 22047059 1
139 141 24425192 1
78 117 90681777 3
81 100 36917108 5
84 128 96246661 6
89 123 4545693 2
12 18 32505814 6
57 60 45508097 3
101 136 63361950 4
83 126 72202259 5
51 66 64790220 1
52 54 80528609 7
115 129 524883 2
50 58 74019456 2
1 37 30200906 1
26 28 60636842 6
124 129 1504343 5
81 108 39363649 5
48 74 75133792 2
113 133 96881394 1
94 111 86780069 5
125 135 36424113 3
93 102 95365178 4
17 27 48995431 1
80 101 51038224 4
83 94 83521880 6
77 84 83510345 4
108 131 70424238 4
51 71 50234722 1
42 69 55977785 3
75 97 20660482 5
46 68 27303303 4
124 133 57524973 6
75 105 46236143 1
81 91 18635018 6
41 59 68642053 5
30 31 59294804 4
83 127 22497022 6
17 37 65168719 5
83 133 54593533 6
83 91 70631615 7
76 121 35638095 2
81 113 87315863 7
113 121 83681470 3
17 38 83670501 6
43 52 28690055 1
129 134 69052113 1
112 138 81661611 1
108 133 19339325 7
58 64 9593902 6
87 107 9311212 6
83 138 50402668 6
108 132 11688038 4
114 133 22054562 7
123 135 30087516 2
87 88 6512903 6
10 37 13678026 5
97 125 95530912 6
80 121 25139018 1
79 101 62951277 7
2 14 24860242 2
53 69 99580208 1
20 23 38623550 6
30 33 57797678 3
128 138 13200736 7
75 131 38528881 1
76 109 28300233 1
14 19 10323882 5
60 68 51167748 1
75 81 481035 1
91 126 30034987 3
17 31 7184034 2
43 66 3664465 2
114 132 16329546 2
27 35 38602540 1
5 18 3414760 1
101 131 25310903 6
10 14 23163458 3
17 30 34182643 2
104 136 82055472 5
77 80 62654822 5
32 34 60384482 6
103 132 31775237 7
88 98 83193666 4
117 118 93503094 5
83 115 69749481 1
87 126 66716861 6
81 117 77457963 3
10 21 15480123 6
104 130 91767445 5
91 130 55033138 1
93 113 30293767 6
95 108 28922161 6
49 59 36319684 4
18 31 38568032 7
62 66 31106761 6
119 138 85586244 5
91 114 37017381 1
112 128 21263861 4
24 28 38596902 4
83 102 77208499 3
127 131 57671500 7
11 24 55605757 3
42 61 58402785 6
45 74 6368269 3
97 106 64653861 4
130 135 23600309 1
6 22 4025070 2
109 130 69779536 4
104 106 55333453 5
103 129 97027232 4
56 60 81933437 7
96 122 54875779 5
46 66 81453908 6
99 106 34121158 1
102 133 54125146 1
86 106 85381079 5
109 122 22351928 3
134 135 73502771 6
97 117 22207833 6
79 80 26331934 6
16 20 29196438 6
20 33 34547316 1
85 98 42501403 6
19 24 46171500 4
104 118 90409358 6
55 63 69754878 2
54 60 63643105 7
55 59 30616115 7
86 133 79289516 3
95 124 48341127 4
78 94 66787625 1
49 56 22143055 3
109 135 12792437 2
81 86 83320872 1
80 89 70905972 7
63 67 68381803 2
93 95 32983664 1
98 107 48088447 3
96 104 59363777 7
85 89 26782859 4
11 25 41491568 2
93 133 21322988 4
76 82 1199497 7
94 110 79681144 4
79 120 79091993 4
104 133 12500428 1
88 123 91898168 5
111 112 83740949 7
94 112 43238627 5
94 113 23249380 6
106 135 92589592 6
83 113 37543642 2
14 28 79409438 6
42 46 1500457 4
110 115 65747646 6
11 12 54911364 1
95 115 69061052 3
83 109 6973095 5
60 66 56935396 2
106 130 76490117 4
86 115 5555821 7
63 73 72698819 3
105 134 68419988 4
82 133 30002211 6
8 19 95842855 3
77 123 33694767 4
92 101 16090393 7
18 24 8908448 6
1 15 46713465 3
107 116 65294027 5
77 129 83636920 1
87 118 13513731 1
81 125 42321098 4
108 109 8382709 1
93 94 19889347 7
79 106 7996709 7
90 118 28803993 6
1 21 82499260 5
78 137 3396122 5
27 28 19148731 1
90 136 3115586 1
6 37 50918293 6
123 129 53888301 2
3 6 31492120 4
77 88 23175993 2
10 26 20948014 1
97 115 38944534 7
18 23 63843897 3
89 91 83379602 6
91 128 9601230 6
82 98 20001227 2
50 67 82596444 6
3 12 57447932 1
56 71 15018535 7
98 115 8364426 4
77 98 32564796 6
54 71 72811530 6
46 73 94217527 5
98 118 58654394 1
85 129 8118231 7
84 90 81833367 5
88 100 44906166 6
20 24 65935162 3
56 61 19645450 5
79 104 87250146 2
77 92 71740359 7
46 69 16449655 5
48 69 66892417 6
10 35 51213438 7
101 117 76449972 5
91 134 77647386 3
41 62 64085389 1
2 23 50901977 6
10 32 4748788 4
97 123 59731300 7
23 33 99964325 2
136 137 2095274 3
97 118 13104366 4
78 121 63762616 4
126 137 44481744 4
77 96 87572793 7
40 55 88194861 6
78 125 20956811 5
112 115 86441287 3
75 111 55616280 5
22 26 79101578 1
83 85 32131915 6
67 71 90969791 1
8 34 63643498 5
87 101 47249615 3
39 66 25412040 6
5 8 51751657 4
79 100 64041389 5
109 133 65783443 1
83 116 71077594 3
2 30 48473764 4
115 130 588530 7
86 99 57214575 1
90 133 53638356 7
80 119 51152081 2
78 86 46429233 7
89 97 62569547 2
55 56 81152961 5
21 33 43559579 5
2 19 88305918 3
89 128 4411488 4
98 136 62305449 3
51 64 47163056 3
19 38 60642269 2
81 85 96094738 5
46 52 50429846 1
85 121 45877646 5
1 25 218197 4
77 79 61523814 4
82 128 32096998 6
85 128 97037525 6
81 138 93200725 2
95 120 58423112 3
130 133 82345981 2
1 27 25544161 5
1 30 47325308 5
88 133 33448043 5
10 12 33425153 4
75 127 96876813 3
120 135 35888654 4
94 129 8022961 6
40 54 21481928 5
50 64 32541418 2
76 111 50333765 2
40 73 32485416 4
96 135 74626418 7
78 119 74021487 6
111 120 88376071 3
57 70 37087800 5
86 137 90908624 2
102 104 46231870 6
148 149 97134031 5
2 7 29392227 6
85 108 58975062 2
6 34 92963490 5
54 67 91459713 4
96 133 26171827 2
3 27 52503804 6
42 47 97418818 3
81 114 61890294 5
110 116 80595554 5
85 94 21481490 1
2 11 50707377 4
119 122 73435397 4
104 134 44905226 4
114 124 90463105 5
87 95 52285027 2
120 132 41846238 6
102 106 54402378 1
75 116 83908246 6
76 95 25012015 3
85 97 8517491 2
39 64 60068642 3
80 105 89087524 2
46 65 32591976 4
100 118 74741199 4
81 89 94961362 3
102 118 20235326 7
80 94 48076154 2
122 136 73699185 2
80 131 90392668 3
75 130 53756613 4
78 81 88392247 2
35 37 65121666 1
103 106 97749365 6
39 44 39489633 3
2 12 65000282 2
119 131 39706828 2
83 137 55482409 1
86 100 30583810 6
63 65 26913670 6
26 38 50670034 5
83 84 46943446 7
98 112 1129001 6
90 138 41852559 1
82 130 99406445 1
48 70 47956156 6
76 132 64834462 3
112 121 51454762 7
78 135 38010495 2
84 89 96320433 5
91 101 80141102 7
50 60 17944614 4
50 62 64633452 7
91 117 66375624 2
2 34 96617400 6
53 56 85350407 3
10 19 8347723 1
59 66 90220118 6
3 11 43760580 6
131 132 40403615 3
13 29 5449604 3
118 124 28464606 7
20 31 5625372 2
116 132 65151464 6
84 137 56380130 3
87 131 90404692 4
83 121 151238 6
83 107 54371207 1
81 95 29580318 4
53 61 60086920 1
92 138 53404668 2
23 34 32467234 7
84 131 4187951 3
103 138 70168478 5
75 125 11527026 1
128 136 1322910 1
77 134 34812614 4
12 19 12863003 7
76 108 36038862 1
81 129 66220225 1
1 36 5775265 7
75 104 56056605 3
86 138 95992691 2
123 124 27012967 7
52 64 68130719 2
98 103 31091759 2
108 114 57499610 1
91 121 66378987 3
79 122 95604525 6
64 73 66018401 5
20 36 3832851 6
110 123 21189492 3
82 105 97436489 6
87 94 11865561 1
120 127 2757998 7
88 112 70558480 6
96 106 892744 7
5 27 26077626 2
100 129 57998072 4
66 74 43425679 6
119 133 26318224 7
10 29 266363 7
53 60 88594843 6
7 17 74811039 6
131 133 66897437 1
16 38 94390922 4
28 29 7052842 2
122 123 60072809 3
45 66 60448639 5
75 83 61372884 3
9 32 28839693 7
98 132 36778032 7
16 32 53287393 2
4 11 77611292 1
81 103 11341107 3
110 134 58864390 5
79 95 46929025 1
23 25 22438815 7
96 138 14592310 1
86 109 81096368 5
40 44 45882592 7
78 93 67620522 1
75 85 53993333 3
90 97 96448221 1
42 63 18581697 1
59 61 5637031 3
90 98 16377293 5
85 117 56004675 1
45 67 58815385 3
57 58 50082260 5
82 101 89257870 6
82 106 32342062 6
85 92 24014880 2
59 71 86841555 6
62 68 78190738 6
79 91 58632125 6
104 129 82929762 5
87 99 79780629 7
7 32 70474489 6
93 99 92837852 2
88 105 71101075 6
102 131 17116349 5
106 124 84119050 3
86 89 28743455 2
43 63 68692375 6
91 132 54535745 2
90 120 25640422 4
61 71 19273322 6
1 8 27836093 2
15 16 56441403 3
7 31 79319258 3
80 137 39124938 7
82 94 69705663 2
52 68 55106889 5
79 136 27452242 4
13 15 81515530 4
125 138 95879155 2
107 131 48903416 3
13 35 15402889 1
81 102 45492273 3
94 97 2785129 5
46 58 64463517 6
58 62 72208503 1
5 6 39317024 3
84 138 29446632 7
103 133 40062491 7
82 90 93713836 7
96 105 89186207 4
91 123 4104510 4
43 73 71559131 4
35 36 62050825 6
95 117 79481708 3
3 28 94658819 5
114 119 46412203 3
106 116 17934355 4
87 119 70641641 3
97 105 22322027 3
49 74 58475492 4
7 22 16541687 4
88 124 44166766 4
11 31 98089787 4
116 134 39320506 3
22 35 57045054 5
52 58 77579703 6
4 31 84456461 5
96 137 77508009 6
98 102 15874184 6
113 125 48945914 7
96 98 15701033 7
5 25 71089922 7
135 138 51423453 2
42 44 90269101 2
46 50 25825287 7
123 130 91702184 7
105 133 2738668 7
83 128 15720994 4
17 26 98578953 7
95 104 93915577 4
91 105 47996601 6
111 115 7857402 5
40 47 36873838 3
93 128 3218982 3
18 25 33191548 3
3 15 24208275 6
53 66 93696518 6
78 87 61543097 4
65 71 83359106 6
115 128 30410540 1
121 136 26536555 6
46 57 86004880 3
59 63 39377724 5
80 100 32615422 1
89 96 14223672 3
78 92 27790119 5
102 117 62320458 3
93 138 12164704 3
52 55 85634297 3
41 55 35523941 3
105 127 32305978 6
124 132 29431462 1
76 102 739646 4
90 130 38450212 1
105 117 89829723 5
41 72 90557941 2
12 13 83830333 3
99 136 10937718 4
15 26 86962668 1
75 118 40464726 1
9 11 66409340 6
45 63 54207657 4
79 133 71321837 2
146 149 48632296 7
105 111 94596430 3
40 65 36701932 4
109 119 39256996 3
82 103 73669785 1
3 9 613082 2
82 108 30528094 5
84 87 19476030 4
15 33 70061906 5
88 108 36937035 7
3 19 20485683 2
49 61 66895054 5
124 126 22311883 7
16 22 67147597 4
41 71 13761350 5
14 33 76479600 3
39 53 59458545 6
78 97 64349146 4
109 110 84827932 5
23 38 75340657 6
106 108 90285156 1
21 30 22135267 3
106 129 87160314 7
27 30 43196233 2
51 67 36093093 2
122 128 94771954 4
93 101 74715756 2
49 65 20052704 3
30 35 44165196 5
13 18 91437684 2
80 136 14253654 4
5 14 47147680 2
2 9 62081161 2
102 127 78503384 4
95 129 43940713 4
7 38 28875246 2
82 131 21416296 1
111 135 64278119 6
51 65 48067123 3
55 68 62535837 2
75 114 94150825 2
77 116 65144004 1
14 26 72848525 6
26 27 67315570 5
94 118 51291468 5
118 134 66399218 2
75 137 7021522 7
94 123 53928886 7
56 73 19782488 7
10 17 39643205 3
124 135 44746309 4
22 30 32506335 1
13 14 76585616 4
46 51 5721216 2
100 128 85971120 3
75 128 45207951 2
14 34 58350477 4
100 117 83983270 6
51 58 91061076 4
95 107 38942096 2
77 137 19042098 1
23 27 6444151 7
88 102 79159281 4
96 99 77317771 4
39 42 87179194 5
89 99 85409351 1
11 29 46774580 4
80 103 74283563 4
2 28 12551631 7
86 103 18573208 7
121 132 77293337 2
68 74 1672198 4
44 68 940246 6
84 125 5986929 6
85 104 93335851 7
104 113 61585894 2
85 118 74796026 6
79 114 36522907 7
57 71 10492278 7
1 19 60910552 3
80 104 52913735 3
10 31 89671190 3
78 134 34812992 2
12 32 20715843 5
40 68 93244196 1
4 36 18825615 3
41 66 50519956 3
90 91 36985747 4
75 93 75809172 7
121 124 88500107 3
21 25 54242776 2
105 136 73528931 1
18 26 28046674 3
40 64 88599475 7
129 136 38063729 3
17 32 20197179 1
117 125 7737225 5
88 135 68334385 5
91 116 11568937 1
78 127 68365285 5
121 137 12942728 6
99 127 94305276 3
116 123 93190742 5
16 26 5086252 5
94 125 62534940 3
99 101 96873230 3
5 38 21489059 5
107 133 15010863 1
84 117 17481213 2
14 35 20772225 1
60 69 626967 2
98 130 18958543 3
115 118 98066630 7
115 120 28819462 5
92 102 16698193 2
93 104 23143602 3
10 13 91068507 6
101 120 22296417 3
79 94 91949486 3
83 131 31887895 5
83 101 30893529 2
68 69 9929283 7
2 29 84934287 2
89 134 15493881 5
96 127 48035252 6
54 69 98290084 6
109 134 62210860 1
42 53 32685903 2
47 62 31818605 2
44 50 8321087 4
84 101 88582514 3
84 118 43002191 6
13 33 86582773 3
24 33 75407595 1
84 91 43446575 7
133 136 29801747 4
95 127 17471737 7
97 113 69698939 1
50 54 12020139 4
25 30 98621714 2
76 110 68718492 2
112 124 99135216 3
75 135 4846683 1
80 120 91506480 3
75 77 73876284 4
9 25 1361024 1
92 135 51898027 1
6 17 922634 4
77 102 25914979 5
98 108 20540570 2
54 68 53235405 2
7 8 30819371 2
71 74 79793236 2
16 33 81745473 4
83 122 96383711 6
101 116 60814130 4
39 67 13051278 1
25 29 48775183 1
107 136 78846759 7
83 134 18502911 7
78 85 2231194 1
9 16 68851224 3
93 127 32269192 4
97 127 66996083 3
93 118 92610257 3
93 125 58026210 2
109 112 25540764 4
76 86 40517335 3
82 120 46969112 7
107 121 36512129 6
7 9 20868570 1
85 132 64804955 3
80 116 35171514 4
101 130 90377896 4
57 63 46047573 1
23 26 88423786 7
104 109 51197643 1
102 114 88526811 4
104 117 2371468 2
77 113 34641571 6
76 84 69803608 2
75 124 99311191 4
70 72 62775536 6
98 129 25127029 3
49 73 48673750 4
77 89 17478610 5
93 98 9298196 3
121 127 66967159 6
45 47 2220022 4
102 128 98628524 6
56 66 66013878 3
48 72 66296900 2
89 138 82613768 2
10 30 17335468 5
129 138 98160148 3
7 27 92149494 7
82 112 32243154 5
84 103 57399020 7
49 63 67029870 5
91 94 92678413 1
127 136 86233275 5
134 137 70178584 1
39 61 76023468 2
115 137 10250007 3
128 132 90247417 3
75 103 21006940 6
102 112 84319197 3
54 61 50763646 4
83 95 43876547 5
132 134 65581795 2
128 133 81563533 2
123 127 60951741 2
25 28 11645374 3
95 119 10066262 6
1 11 14926606 5
44 72 88290030 6
106 127 64188081 4
77 93 48926396 1
60 67 75572092 7
3 24 81037673 2
104 135 23892757 4
9 36 52423280 4
84 93 11511178 3
95 96 34682908 4
5 17 78244991 5
90 132 89345771 6
50 61 97897662 1
77 108 54116605 5
94 122 1523854 6
125 133 51058347 2
92 96 67185117 7
124 136 39375846 5
11 32 82713424 4
123 134 94038903 7
84 136 54349930 1
40 72 51490133 6
39 49 89604093 1
62 67 7177180 2
29 36 65412707 5
85 112 82652725 7
41 53 35864337 6
5 23 59725081 5
54 64 44397168 2
76 138 83826176 1
47 60 31057190 6
85 95 92970220 1
60 73 18743859 4
78 116 97476334 6
15 28 17535115 2
7 36 34793217 3
63 72 40188753 5
91 120 7153845 5
89 95 80544602 2
88 121 27304931 3
19 21 83497001 2
122 132 20961136 2
103 105 46810114 4
101 109 28012148 7
62 73 47741207 2
83 97 32721348 4
25 33 2868085 2
112 131 45426392 1
6 7 37735743 3
99 124 72277524 4
124 128 68580932 3
62 64 39888264 7
108 119 93692310 7
20 35 41001196 1
76 91 77242351 6
118 135 57848716 2
90 119 13806789 2
12 16 98483970 4
112 127 7706512 7
50 73 43824701 3
79 121 96172557 7
101 112 40004650 6
79 83 90363720 1
116 133 90104852 3
97 100 10194179 7
87 96 12190199 5
113 135 86665594 3
88 125 25381579 1
75 115 86332396 1
145 149 41763074 3
107 137 23323476 3
1 29 46470317 4
91 133 69430375 5
99 134 94018062 7
86 129 10930848 1
49 62 10160912 4
21 27 62643623 2
88 132 11101487 4
116 129 41505680 1
20 32 86890775 7
23 29 5227454 5
19 32 70212269 5
89 133 52198041 7
55 74 80803298 4
69 73 45229373 7
78 115 86836566 1
64 66 23982920 5
76 83 84480468 5
8 11 45808247 1
6 13 19469804 2
81 126 16841241 6
80 123 59423057 4
64 71 89666565 5
75 112 21751662 1
26 33 10553674 7
89 98 89221736 4
1 17 33253194 5
99 129 25997264 4
106 131 60074081 1
58 74 96762334 1
41 69 13658092 6
96 107 38588630 2
42 73 32087004 3
4 32 89653738 6
84 107 25549854 5
131 135 21516942 1
30 38 61790645 7
49 68 85991937 5
77 103 90974979 3
83 132 82805660 3
93 108 94159225 1
12 34 56670664 6
6 32 39167899 2
39 71 55546747 4
15 34 33454404 4
47 50 67131691 5
26 30 86542195 7
79 105 22459023 3
58 66 54351210 4
3 21 27589178 3
6 25 52294983 3
94 102 77378264 7
49 54 8256247 3
106 117 59908858 6
93 97 26173012 3
114 123 67591545 6
96 110 92248425 1
56 57 41649704 6
89 104 48660636 3
6 28 72679939 2
17 24 85210350 5
13 16 70003439 1
8 30 59114644 2
41 48 80287254 5
4 24 43254649 6
15 31 89687127 6
95 99 21586308 5
79 108 33431184 3
48 71 34048947 6
122 134 34952458 6
29467649 82330886 79861578 70623214 42588064 29991605 8597967 