21 84 3
2 17 986 3
12 15 712 1
9 17 282 2
2 14 53 3
15 17 373 2
11 17 769 2
4 6 996 1
3 6 570 1
2 5 133 3
10 15 76 1
6 12 862 3
4 12 911 2
1 8 854 1
9 11 355 3
14 17 177 3
15 18 586 3
8 9 777 1
3 16 714 2
2 15 572 2
13 15 587 1
7 12 775 3
5 12 717 1
2 19 327 1
11 14 196 1
11 12 259 1
5 17 101 1
6 15 536 2
5 13 711 3
7 17 685 3
7 18 873 1
1 6 60 3
4 7 440 2
1 10 527 2
9 18 162 1
1 5 417 1
2 4 366 2
5 8 126 3
8 13 144 3
12 17 853 3
6 8 155 3
3 17 744 2
6 17 786 3
11 16 557 3
12 14 657 2
13 17 393 1
3 4 972 1
1 9 206 3
5 6 471 2
1 16 762 2
16 17 164 1
3 5 909 3
1 17 898 2
7 15 488 1
3 14 399 2
6 16 741 1
2 3 510 3
7 10 280 2
4 17 809 2
1 12 905 2
4 18 747 1
1 3 606 2
3 8 914 2
7 16 359 3
4 14 376 1
14 19 520 1
8 10 743 2
1 14 235 3
13 14 880 3
2 10 463 1
11 15 884 2
7 14 525 3
7 8 911 3
4 15 541 1
8 17 600 2
10 14 590 1
1 2 328 3
2 6 94 2
18 20 973 1
5 14 491 3
3 12 239 2
8 19 350 1
10 17 373 3
1 18 318 3
2 8 64 3
208 418 50 