40 415 4
10 36 3247 2
19 20 1518 1
3 16 8975 2
1 5 5547 2
27 38 893 2
15 34 4126 4
21 36 8570 1
2 3 90 2
9 29 7977 3
16 20 2923 3
15 25 5530 1
13 31 6748 2
30 31 707 4
10 26 4129 2
5 40 3090 4
8 40 6765 1
10 11 76 1
1 8 7380 4
10 33 3695 4
11 28 1582 2
27 35 3494 3
17 35 5141 2
23 39 1708 4
2 6 5843 3
8 25 7659 3
3 40 343 3
37 40 176 2
33 35 4272 2
16 40 790 3
26 29 4970 4
37 39 8618 2
15 20 7369 4
24 40 1353 1
17 30 555 4
13 15 6530 3
11 23 718 2
23 25 8179 2
6 37 9831 2
33 40 7155 3
21 31 8832 2
9 12 2629 3
22 32 6536 1
3 37 6407 3
1 15 3937 2
9 25 7215 4
34 35 9618 4
28 35 8627 1
12 13 6926 1
32 33 587 3
1 39 5765 2
12 22 7999 4
11 25 3512 1
6 32 5463 3
32 35 5613 3
20 21 3061 3
2 8 8994 1
4 39 9041 2
8 36 1594 1
3 28 7191 2
5 29 8260 4
4 25 1030 3
13 35 3087 2
17 25 4148 1
9 33 6612 4
28 30 7215 3
14 35 3264 4
15 40 9492 1
7 30 2692 3
10 20 5100 1
3 21 1299 4
25 28 1912 4
11 37 772 3
4 11 1709 3
14 20 3959 4
26 36 9613 1
35 36 7970 4
2 18 1327 3
6 29 6200 3
6 31 3056 4
8 11 7793 1
24 26 2561 4
17 32 1850 1
4 15 5882 1
13 25 9030 3
14 36 1141 3
20 31 5941 1
6 13 1364 3
19 31 1487 4
5 18 8022 2
9 11 9301 3
31 33 8110 4
23 40 8728 3
22 37 3208 3
11 27 9715 4
18 20 2840 2
19 35 5099 1
1 38 7228 1
19 39 8772 3
3 11 4119 3
3 20 2901 3
1 29 9327 2
9 19 6135 1
3 12 5541 3
16 29 5451 1
18 21 1530 1
19 38 4392 2
6 35 7592 3
33 39 7527 1
13 37 592 4
7 21 8674 3
10 28 6623 4
13 36 8501 3
3 27 5392 4
9 32 260 2
2 40 2182 2
19 28 4509 2
2 33 1753 1
7 28 9771 3
28 36 5575 2
9 30 8015 2
7 36 9587 4
22 35 6680 3
17 28 6194 2
21 40 4672 4
4 8 2693 2
11 40 9983 1
5 30 3684 1
11 32 5058 2
15 36 5116 4
30 35 9014 4
16 22 2813 4
3 29 7079 1
19 37 1004 4
22 36 6726 1
8 22 9360 1
34 40 8054 4
21 25 5797 1
8 10 9948 4
1 7 4659 3
19 25 2443 2
2 11 2986 2
14 37 1961 2
5 33 5861 4
5 28 1006 2
7 37 4927 2
18 25 1604 4
6 9 1907 1
13 20 1395 1
18 33 295 3
10 25 7305 1
12 27 6255 4
19 30 4164 4
12 37 8062 4
4 38 1250 3
11 21 4427 2
7 29 2558 3
2 21 5003 1
2 10 7175 1
32 34 6164 2
20 39 2526 2
7 25 2868 3
8 35 485 4
33 36 5755 2
1 4 5442 3
24 36 4061 2
3 31 5735 3
4 34 3133 3
5 27 3628 2
4 35 8288 3
27 36 5808 1
10 15 8181 1
1 2 6087 2
16 23 6758 1
10 38 9659 4
12 14 1852 2
24 32 6035 3
25 37 2083 3
2 7 8525 3
8 9 4525 4
18 39 3266 3
26 31 3511 1
21 35 5562 4
5 10 7224 3
25 35 114 4
24 35 7459 4
28 29 9131 4
26 38 417 1
17 31 9444 3
2 30 3026 3
16 18 4134 3
11 12 5812 1
10 22 6966 1
9 22 5886 4
15 29 7349 2
6 15 3141 2
3 33 3386 3
4 40 2694 2
12 39 2696 3
17 21 5481 3
11 31 9417 3
16 25 1296 4
8 31 7752 3
12 30 7293 2
6 12 5186 1
15 39 7325 1
21 39 4796 1
8 23 3557 2
10 14 6545 3
22 31 3797 2
12 40 7070 4
7 35 4413 4
32 40 6779 3
31 35 7402 4
24 33 6314 1
16 30 5049 1
22 30 5974 4
8 39 3867 4
23 28 4251 1
9 13 8497 3
3 13 8389 3
11 30 5794 4
1 25 5477 4
9 35 7699 3
7 39 4053 1
9 10 9736 3
6 7 5772 1
12 18 7516 4
29 37 7595 4
18 22 5642 4
8 37 6599 1
20 23 9206 1
25 36 4072 4
12 35 5052 3
14 28 1544 4
13 28 8547 4
21 29 5438 1
9 31 4622 1
3 8 458 2
5 15 1979 2
15 28 7465 2
26 27 3835 2
10 21 361 1
16 21 7323 4
2 15 656 3
29 35 1333 2
4 31 8369 3
30 39 1113 1
7 38 2485 1
28 31 4604 3
29 39 5358 3
19 36 8621 1
3 4 628 3
7 10 8709 4
11 36 3332 4
2 31 2096 3
28 39 9999 3
7 11 1683 4
15 33 2115 1
7 8 1553 2
17 22 5781 3
3 39 9293 1
15 31 2693 4
4 20 4440 4
3 35 8587 3
32 38 5790 1
5 25 9407 2
7 33 4221 4
9 39 9247 3
26 33 4164 3
6 20 8959 1
36 40 5464 2
4 36 1323 2
13 39 4130 4
8 21 6446 3
5 21 1493 2
5 39 511 3
17 39 3196 1
17 40 3616 1
22 33 3878 2
15 32 9572 4
26 40 1076 4
6 8 9701 4
23 33 5583 4
31 36 7555 4
18 35 3534 3
14 27 5806 3
36 39 9620 1
19 40 1387 3
7 31 8144 2
21 33 5354 1
6 40 8533 3
18 40 8910 1
11 15 2085 4
5 17 9585 2
4 10 3621 1
31 40 7204 3
23 35 6547 2
3 5 7582 1
26 35 805 4
1 40 7631 2
7 15 1386 4
13 22 7073 2
2 20 6713 2
16 28 2253 4
14 39 8361 1
27 31 4495 1
4 21 8007 4
4 29 6099 2
6 11 2266 2
24 27 512 4
2 22 3706 4
13 23 6075 2
4 9 5635 2
6 27 4973 4
11 39 4338 4
20 40 2003 1
14 30 5600 4
1 21 2166 2
6 10 4337 4
34 36 2633 2
2 25 9942 4
22 40 521 3
23 36 5012 3
24 31 6473 4
10 24 3887 1
30 36 8474 2
7 9 2329 4
18 34 4393 2
1 9 3612 2
11 29 1445 4
1 10 4387 4
18 31 7882 3
6 22 4116 3
7 22 8034 2
9 20 7483 1
1 11 3890 4
38 40 6287 1
17 34 3488 4
23 31 2774 4
10 31 3837 2
1 6 220 2
20 22 9393 3
20 28 7818 4
11 35 7916 3
4 12 8796 3
20 36 9408 2
7 40 1723 2
5 31 6804 2
16 35 9661 2
3 10 1580 3
23 38 7880 1
25 33 1227 3
35 40 1053 2
16 39 7038 4
10 35 9703 1
20 35 8654 1
2 35 6210 2
14 22 7406 3
8 15 6217 4
28 38 5302 2
29 30 4965 2
5 9 1626 1
9 15 6680 3
10 19 7848 2
12 31 6580 1
30 40 1852 4
13 38 3401 1
15 35 4520 1
1 28 8621 4
24 30 268 2
11 22 8887 2
6 18 3395 3
13 21 7815 2
9 40 1532 2
25 27 3 1
5 6 3880 4
4 7 2898 2
39 40 7354 2
2 9 6242 2
6 25 9458 1
17 27 3472 1
6 21 355 4
16 31 4265 3
26 39 8820 4
14 21 9118 4
5 35 1579 2
14 40 9227 4
25 30 3122 4
21 32 9947 2
13 33 8764 1
24 25 7601 4
9 38 9566 1
9 21 7508 4
12 23 7624 3
14 15 4625 1
5 12 5448 1
12 29 1948 4
24 28 6780 2
10 40 2282 4
12 15 6962 4
3 9 8855 2
8 13 5313 4
12 21 641 3
18 26 7036 3
25 39 6473 1
1 32 4282 3
14 25 8976 1
5 22 1141 1
7 20 471 1
27 33 6056 4
22 38 4892 4
1 35 2224 1
10 12 2274 2
6 30 8870 3
12 36 7018 2
1557 6241 702 7351 