50 730 5
13 49 95714 1
12 16 39422 1
33 37 71281 1
18 37 64447 1
17 24 39888 5
8 48 94459 2
27 35 47858 5
1 25 52155 2
1 49 98211 3
13 32 50313 1
34 37 24045 3
21 23 25762 2
8 37 84362 3
30 47 72884 5
38 41 14503 5
37 38 41883 3
42 44 90573 2
5 23 21207 5
5 38 4441 3
2 45 87401 2
38 48 54508 1
20 49 50476 3
18 49 34570 2
16 30 92237 1
5 31 87591 1
19 21 24623 2
6 24 30120 2
24 46 45855 2
14 23 10971 4
6 32 7027 5
1 20 92372 3
2 40 30948 3
33 47 31138 5
27 48 56994 4
8 27 8595 5
2 34 21961 4
26 47 92467 4
27 43 75578 2
1 2 40311 4
11 48 7735 1
5 15 53653 4
6 7 43220 2
18 24 59066 1
14 43 65676 4
13 36 57757 4
24 35 64032 5
8 35 33274 2
3 4 86278 1
13 37 11979 2
7 18 5571 2
6 39 12484 4
3 40 849 2
21 49 3054 2
17 40 20269 4
22 38 9341 4
4 44 58526 5
16 32 3642 4
29 44 9551 3
34 49 46328 4
1 37 37504 2
20 44 105 5
14 40 78171 4
28 34 66474 4
11 46 67455 3
24 34 30977 3
10 14 48747 5
12 38 20280 3
1 19 72094 2
10 16 11760 2
15 38 67526 4
13 24 20178 3
8 38 72840 5
36 47 31600 1
23 47 1676 2
9 40 3354 5
28 50 46725 4
11 19 54834 5
42 46 84123 2
6 16 44742 4
22 26 48924 4
11 24 58267 4
27 47 20411 2
3 12 61347 4
1 38 94012 2
1 24 12735 5
3 20 62606 2
9 20 23653 3
20 24 80441 5
24 26 36789 5
6 23 64082 3
4 38 46038 1
20 50 29419 5
26 48 63640 5
12 30 96645 1
9 48 24757 5
5 20 29616 5
26 43 8563 3
9 17 26251 3
9 38 91900 5
38 39 85492 2
3 48 13059 5
5 46 80194 5
22 47 99555 1
4 5 81363 5
4 27 30904 3
30 40 78962 5
45 46 45291 3
12 41 75573 2
31 40 32366 5
33 45 30863 5
34 41 97289 2
12 15 47694 2
7 46 40882 3
27 36 59278 1
42 43 27307 4
8 36 21402 4
25 27 88841 3
18 47 95324 4
22 24 76427 5
13 35 85878 1
3 32 69437 2
14 27 99507 4
10 26 13133 5
40 49 95183 1
26 38 71463 2
5 34 15263 4
17 23 64494 2
2 3 89339 5
26 34 17767 4
16 34 2518 2
27 45 81 1
20 48 49130 2
14 44 6373 1
47 48 75643 4
5 25 92453 1
8 47 27903 4
26 31 52978 1
14 48 15188 3
15 21 51560 5
45 48 51720 4
21 44 58469 3
1 22 95815 4
17 34 50351 5
29 38 70801 4
11 25 21195 2
14 32 74220 1
39 48 84386 2
41 46 91574 2
13 47 11061 3
3 17 96717 5
11 35 96904 4
8 31 87008 4
6 36 44928 3
36 40 33228 3
26 46 91470 1
7 27 55062 1
2 48 6330 1
42 48 78668 4
36 45 7295 2
9 47 77329 3
7 43 31646 5
6 48 11504 5
17 32 9152 3
47 49 47508 4
25 44 46730 3
4 6 94055 3
48 49 71610 1
15 46 62261 3
38 40 87208 1
20 34 25235 4
3 27 68477 3
19 41 63571 1
16 19 6101 5
21 24 61147 1
6 49 85263 5
4 25 55895 2
1 7 46746 1
15 35 94820 5
19 23 48866 3
4 21 75317 4
11 47 20920 5
3 9 15828 4
21 36 52839 3
24 25 17953 1
17 49 78626 1
35 41 47857 5
29 41 36560 5
4 46 63584 3
4 49 38557 2
11 14 41610 4
44 46 39655 5
15 19 15163 2
9 19 37108 5
6 18 86085 3
11 33 37528 4
8 43 95099 2
6 46 69242 1
12 40 20808 2
27 49 84666 1
14 25 32972 1
31 34 25836 2
9 34 11393 2
27 38 25478 2
2 30 11115 4
14 47 47705 3
34 46 5757 5
4 20 94328 4
26 35 92698 5
1 41 74471 5
20 45 88983 3
42 47 79093 1
14 24 72361 4
12 23 1764 4
26 36 34499 3
9 46 51882 1
2 36 98086 5
1 47 49647 5
13 27 38030 3
46 49 63257 3
28 46 82845 1
6 35 23866 2
37 48 46135 4
26 33 76312 2
4 43 2064 4
3 23 52585 1
27 46 97022 2
34 36 95801 5
31 32 79213 5
3 26 61932 1
30 44 47360 1
34 38 87603 4
19 47 52010 4
3 35 29814 5
1 10 46419 4
5 40 20465 1
25 46 25275 4
11 42 25861 3
13 48 49580 1
13 28 22120 4
12 35 28629 4
10 48 26171 5
19 20 17245 2
30 49 57300 1
11 17 40640 3
1 33 40202 1
15 41 83723 5
4 14 97553 5
42 49 34275 4
12 46 77570 3
39 47 17924 4
12 48 90156 3
3 7 29805 3
24 27 72480 5
45 49 44612 3
12 26 2850 4
13 30 98357 1
10 32 98875 2
18 28 17743 5
11 44 61506 4
7 48 83671 1
19 34 22248 2
40 44 33012 3
23 41 58605 2
36 44 46794 5
1 35 77217 5
43 47 44908 5
22 49 51141 4
18 20 66155 3
10 49 7849 4
24 43 93515 3
18 30 83605 3
13 44 10772 1
25 47 32044 2
11 18 43782 3
2 41 53231 5
1 32 56737 2
16 36 2555 4
35 45 75204 1
10 13 81625 2
29 42 51513 5
43 44 80136 4
30 46 85492 2
22 30 44504 2
11 45 75085 2
7 36 34987 3
22 34 88382 2
4 16 90669 3
32 34 81716 5
23 38 22794 4
24 49 16072 1
2 25 35288 1
33 49 72565 3
23 49 94180 4
16 49 89034 3
25 28 7302 1
12 17 68470 3
3 11 60919 4
5 47 44809 2
32 35 77491 2
36 46 16529 1
19 49 40818 4
10 23 57253 2
11 32 27464 2
5 41 88641 1
33 46 33759 1
8 49 94116 1
11 20 25691 2
34 47 52164 4
29 45 42420 3
31 39 67522 4
36 38 73042 1
18 46 66568 5
11 50 60057 5
33 35 62575 1
21 30 64009 5
22 42 72414 4
5 11 85774 4
41 47 13010 4
2 26 30576 4
9 49 7391 3
18 48 12806 1
18 31 65038 4
23 28 16977 1
3 31 86748 4
39 44 93921 2
43 49 65180 4
8 23 44450 2
19 35 79792 3
15 27 74338 5
5 21 98740 2
4 15 73446 4
14 28 33638 1
2 9 65085 5
9 15 45506 2
3 18 86672 1
1 13 74394 2
22 32 42968 1
35 47 77431 3
15 24 54059 3
10 50 14719 1
30 48 74880 2
21 47 1087 5
35 36 97277 4
37 46 9493 4
13 15 18480 4
7 17 39339 2
15 26 81853 4
5 10 80514 4
16 47 59446 1
14 16 56932 1
22 48 20184 5
6 38 15362 2
41 44 77554 3
46 48 29167 5
9 11 86649 5
32 42 66861 5
7 23 34396 4
11 21 86773 2
13 23 52016 3
9 30 63864 1
21 28 2041 4
2 49 90683 1
32 44 8375 4
35 48 65150 2
25 35 46612 5
33 44 69384 1
16 46 13245 5
3 14 35211 5
11 38 18001 4
10 38 81922 5
18 35 94975 2
29 32 85722 1
8 9 83327 3
39 46 40010 2
15 45 42074 3
5 16 18343 2
24 32 21619 2
36 49 36537 5
43 48 96151 2
5 43 84031 1
17 18 33181 3
39 49 21921 1
22 41 45554 2
28 49 54421 2
17 48 40825 4
31 37 35035 4
7 41 41127 2
1 3 21871 2
2 20 50652 5
2 15 92170 4
8 11 70188 5
7 34 41132 5
8 44 10504 2
38 49 764 1
23 30 6537 5
28 35 60551 5
35 44 38996 3
29 40 59967 2
1 40 11976 2
33 48 90320 3
11 27 7809 4
20 38 48 3
7 38 12050 3
14 30 47293 2
14 15 36086 5
17 19 26410 5
40 48 63396 1
27 30 81787 3
20 40 30773 2
31 38 17438 2
7 40 19101 2
41 43 3930 3
15 30 86304 5
5 12 34957 5
7 24 56022 4
22 23 7207 5
38 45 43873 5
4 11 26483 1
1 27 2219 1
37 47 40002 1
30 34 42041 5
3 49 48515 1
6 27 70551 3
19 36 15906 1
19 39 69100 2
40 45 78735 2
6 34 23641 5
28 42 19304 3
19 48 78349 3
26 37 6720 5
31 41 28376 5
2 44 33937 4
40 43 58370 1
3 8 61713 1
40 47 20769 5
28 33 76346 1
11 23 7919 4
2 21 60588 1
41 48 60308 5
10 46 38334 1
1 16 37988 2
29 49 48292 5
42 45 72193 4
17 47 78339 2
1 48 99058 5
20 47 33126 4
25 42 47182 2
2 12 80680 2
40 42 7635 2
4 47 24230 4
5 13 38490 2
16 20 12838 2
17 31 60181 4
6 9 546 5
9 42 61521 1
12 42 83006 3
35 38 14860 2
20 27 64019 4
4 48 3428 4
23 27 60232 4
26 49 65887 4
23 25 35258 1
33 38 40934 3
16 44 87104 4
7 13 64971 5
8 17 38251 5
14 17 60121 2
8 16 74338 1
12 28 61165 2
7 16 93654 1
8 42 27977 5
7 15 42126 4
28 47 1734 2
2 38 93149 2
26 30 61949 5
27 32 6424 2
8 46 74302 5
44 47 58442 4
23 44 74199 5
18 21 32884 2
25 48 48167 3
22 43 87661 2
7 33 5834 3
9 23 69632 4
23 34 5911 3
7 10 70163 3
10 30 63807 1
5 17 212 4
36 41 82391 3
44 48 7068 3
29 35 96813 1
14 38 39639 1
13 46 25946 2
20 37 22242 4
11 49 61456 2
4 24 7563 3
38 47 19762 2
24 44 88902 2
14 21 61151 4
10 21 74415 1
34 48 1946 4
7 47 90296 1
2 37 34649 3
6 42 92026 4
17 26 99169 4
32 49 47887 4
18 27 59196 1
20 21 78649 4
5 26 58118 5
46 50 23652 4
13 16 88426 4
1 26 79499 1
15 47 95730 1
7 25 11699 4
40 41 83485 4
25 45 90965 3
1 42 52949 2
24 47 31603 1
29 48 43743 2
28 38 29673 5
21 38 86746 1
15 16 31824 4
26 44 48762 4
20 32 79533 1
25 36 21144 1
25 30 95411 1
8 34 17818 3
21 34 91943 5
12 24 81947 2
20 30 71167 1
38 42 91596 2
31 48 51280 1
1 36 47327 3
2 47 40127 1
9 16 64409 4
19 32 64176 3
14 18 38542 4
30 38 77842 3
5 48 53243 2
18 25 82382 1
20 26 58491 2
1 50 24317 2
23 48 5484 5
37 49 44585 2
35 37 17299 1
21 41 16407 3
34 44 47452 4
9 26 14666 3
14 20 72822 4
19 44 92523 3
18 38 25148 3
36 43 84534 2
2 11 47929 1
5 49 66342 1
8 15 36258 4
13 43 88284 1
20 35 72803 1
16 48 94863 5
29 47 13402 3
9 35 21070 2
27 29 61093 1
17 50 69059 3
7 37 14000 1
32 47 44085 2
1 17 37487 4
3 24 66895 4
3 34 66962 2
27 41 79723 5
10 24 3401 4
19 31 16967 3
32 48 63526 2
12 32 23260 2
13 34 24418 4
20 31 12447 1
7 26 52528 1
16 23 31353 5
31 36 68184 3
3 36 67724 2
11 40 49200 5
25 41 85062 2
14 49 47162 3
31 49 39118 3
9 24 95402 1
40 46 65049 1
7 20 71408 2
12 47 34703 3
13 19 68477 4
31 46 22081 3
22 28 82082 2
2 18 46451 3
17 28 77219 3
21 43 6257 5
1 45 30640 2
4 17 66399 5
38 43 83111 4
26 45 73245 2
16 40 37404 1
2 17 84078 4
15 42 65207 2
30 37 77633 2
3 38 65147 4
31 47 97198 3
10 20 99282 2
16 24 45653 5
17 30 40130 2
46 47 5784 3
5 35 81908 4
21 31 98397 5
23 46 74764 4
6 21 54224 4
30 32 94762 1
13 20 24624 2
2 27 24466 3
32 46 36345 2
25 31 22208 2
19 46 48117 1
10 31 63575 3
12 49 57665 4
4 36 48255 3
12 13 47937 5
2 24 36928 4
19 38 17903 3
25 37 70306 4
6 17 73859 2
9 32 12205 2
10 27 69275 1
10 47 9610 1
22 46 75312 4
20 46 48571 4
3 41 66759 2
22 44 93137 2
1 46 68578 2
25 38 16774 1
24 38 84473 4
19 30 65741 1
4 32 16564 2
7 35 13537 5
8 25 55750 4
18 34 35402 4
4 23 52537 3
39 41 38123 3
3 46 30795 3
10 42 46676 3
7 11 16250 2
36 48 11683 5
18 44 23461 2
3 16 76130 4
17 38 47226 1
10 35 87679 2
8 24 16606 1
15 48 36456 3
27 40 64184 1
10 17 37671 3
10 44 59812 2
29 46 77249 1
13 38 7930 2
12 21 68746 1
19 24 23215 3
1 43 56576 2
14 42 45898 3
24 40 13833 2
23 42 90427 3
8 20 20919 3
16 38 84904 1
16 21 92083 4
14 19 40165 4
15 49 97522 1
19 25 5124 2
6 45 93652 1
14 36 19852 3
16 42 17864 1
24 48 52087 2
20 28 94577 5
1 11 14927 2
14 34 99662 3
10 11 27014 2
6 28 97603 4
15 17 50094 5
36 39 85027 4
2 16 45956 5
15 32 25754 5
22 37 29786 2
39 50 19990 5
27 34 30907 4
5 7 69475 5
4 8 18928 1
17 25 77403 2
19 37 2321 3
2 46 38999 5
12 37 99384 1
17 20 69923 4
14 26 79693 2
6 20 86366 2
9 41 55693 4
21 46 49922 3
16 41 58672 1
9 25 27260 1
4 35 69091 1
37 42 1738 3
6 11 65509 1
15 37 10547 3
17 46 31909 5
12 36 64004 2
31 35 9934 2
22 25 26596 2
3 21 63852 3
35 40 63988 1
33 40 50823 4
1 18 78473 3
35 49 87114 5
44 45 24689 1
38 46 25210 2
45 47 88863 2
12 45 98315 1
29 36 73889 4
15 34 2611 3
3 47 18725 5
1 34 92087 3
15 25 18058 4
11 16 76888 3
17 35 5822 3
24 36 43071 2
21 25 87994 5
6 26 2144 5
35 46 60163 1
28 36 71864 5
14 46 49140 5
19 26 58283 3
7 30 2065 3
32 38 27634 3
76957 67630 52559 88100 96243 