100 2487 6
53 91 867572 4
4 31 985634 1
1 15 147637 4
37 40 345384 3
71 81 314339 4
12 51 708655 2
6 33 238089 6
1 96 304299 5
39 96 500211 4
13 81 294572 5
62 63 635982 5
19 81 51696 4
12 93 978405 6
16 70 360798 2
23 32 659606 1
33 91 832026 4
24 78 777456 5
20 49 446189 6
11 79 841059 1
27 68 454825 3
11 88 826373 4
42 93 793934 6
25 58 279003 3
31 38 128811 3
13 49 764165 2
14 60 738770 2
13 59 320313 4
21 30 617332 4
20 76 99819 6
5 13 527112 6
1 61 597655 5
18 25 292238 3
28 96 233795 6
18 54 764465 1
25 75 977971 1
33 36 10442 1
51 67 350514 6
10 57 807479 5
21 95 437331 1
26 31 480220 6
5 63 657741 1
11 56 380864 5
14 71 716913 3
56 93 740184 1
4 82 851191 3
70 84 506240 5
13 24 22424 5
80 95 470560 3
25 35 941640 3
31 90 41263 4
30 34 348022 3
52 59 853902 1
64 79 352839 2
38 64 661126 2
51 53 559111 3
5 11 933060 5
25 28 379555 3
19 65 607534 6
1 50 62378 6
25 87 362997 3
21 80 762925 6
17 93 206288 1
32 46 917807 2
26 87 455803 6
49 88 746896 3
2 51 582490 4
28 80 975132 2
71 92 621586 3
77 90 249819 4
23 28 503833 6
51 78 200666 6
20 83 287726 3
43 63 771245 3
16 52 983765 3
65 70 838669 4
25 54 507945 3
15 60 260242 2
84 93 603607 2
39 53 310999 3
10 69 530092 3
50 58 73394 6
38 41 419254 4
12 82 158644 3
17 60 36607 3
46 50 301773 4
18 33 206868 4
7 87 817406 3
8 46 125333 3
23 83 578562 3
79 94 207666 2
4 56 389454 2
37 71 71549 2
42 80 549516 1
24 47 242862 2
9 34 435288 2
1 55 418809 2
24 53 797159 5
25 50 510676 6
59 87 502187 2
63 85 459034 6
12 73 127289 6
16 76 465286 6
48 60 699659 3
54 65 16928 6
3 27 770546 5
36 73 101528 5
5 23 702451 6
6 15 283921 6
39 80 498422 2
6 27 568791 1
14 76 423611 2
74 87 736783 4
88 95 475603 2
10 27 26410 2
7 65 309888 2
50 70 17575 6
11 84 516483 2
80 84 294950 5
20 21 454497 6
26 73 100637 4
12 62 449977 5
35 57 823794 5
46 63 316062 1
30 37 650936 5
21 27 479861 1
24 73 659188 5
2 81 618098 6
42 61 824768 2
66 91 673317 4
29 58 276778 2
24 52 775714 2
14 36 171603 5
15 29 639286 2
43 50 775225 5
11 61 296990 2
3 73 418881 3
35 36 530217 1
7 69 302157 2
45 72 576631 6
9 65 339043 2
58 73 997319 5
45 82 562833 5
30 96 63115 6
19 77 19194 3
50 83 788270 6
11 53 919526 3
34 42 530351 2
37 50 407635 3
2 100 659035 1
41 93 840510 2
26 80 558814 6
35 74 554689 1
10 62 12604 4
19 69 564457 1
3 93 381788 4
11 57 677769 2
18 84 219645 5
3 82 884401 5
22 47 952583 1
59 76 605770 6
45 73 527755 4
35 49 98676 3
28 85 272302 5
28 66 70763 6
22 82 278363 5
2 30 745515 3
46 82 506720 4
16 53 617726 2
26 66 332666 4
18 69 957334 3
20 42 301576 4
53 60 680182 3
32 49 636 4
26 35 817261 2
74 76 165735 5
7 36 706693 3
17 48 266986 4
23 24 890476 2
43 46 271888 1
39 93 769251 1
19 74 157788 1
46 69 12366 3
4 93 127636 6
69 100 148397 3
56 63 189617 3
30 81 46180 3
60 65 535192 3
2 6 41267 6
2 48 123902 5
45 87 656384 6
56 92 710427 6
22 93 57218 5
57 79 493080 3
39 75 326994 6
8 41 640355 2
2 15 393471 5
61 82 936048 5
16 54 925216 4
24 51 44772 6
3 31 648914 4
34 80 59093 6
57 60 256470 6
9 92 662232 5
73 100 453273 2
12 75 834387 2
27 41 517857 1
40 79 292042 2
1 87 672370 6
50 79 854918 1
16 39 108103 3
8 26 495158 6
2 46 198518 5
12 16 449113 5
17 41 794756 3
56 87 351628 1
4 12 517976 3
16 34 539102 3
4 62 668973 5
42 56 36955 5
67 80 257623 2
19 60 307486 6
39 41 657008 5
15 54 169125 3
74 91 584994 3
13 36 436547 6
4 73 411915 4
28 91 386408 5
46 96 427277 3
25 69 448095 2
32 52 753990 2
9 95 49777 2
28 33 931109 3
42 63 210244 2
3 88 599418 5
67 87 896442 4
75 81 38078 2
48 73 666637 6
16 74 464527 4
25 78 347664 6
42 74 820462 1
27 58 197872 2
13 92 917187 6
1 33 504710 1
30 52 217886 5
65 74 661484 2
18 80 879107 6
38 75 393526 1
25 74 942841 6
3 22 443297 2
28 50 18302 5
2 27 622733 2
44 49 437221 2
72 95 491964 6
10 93 666779 2
14 74 795439 2
27 81 723135 4
54 59 775553 3
7 63 821004 4
33 50 756235 2
47 80 799057 5
41 80 773519 4
43 62 666231 6
4 68 225588 4
50 73 788949 6
41 87 2661 6
21 97 171857 1
50 60 246896 1
10 18 176126 4
8 62 920645 4
13 18 419820 3
12 24 744134 3
3 69 492066 3
17 63 888363 1
2 60 248902 6
10 35 816406 2
17 20 241623 2
7 91 934447 2
70 87 945793 2
12 36 431877 4
56 74 216915 3
58 69 986001 2
12 81 647618 1
61 73 848085 2
1 82 66153 6
1 48 693985 4
5 52 923923 5
46 81 74606 1
59 93 224058 1
12 50 349079 4
10 92 132453 5
26 96 756605 4
48 80 187151 6
54 62 509522 2
70 93 111531 6
57 74 70211 2
3 92 127804 4
21 88 612287 3
71 98 399359 1
4 22 884142 5
61 66 528260 1
11 85 609311 3
52 78 210719 4
64 88 757355 2
9 10 312926 4
64 74 755099 1
15 88 286423 6
61 80 91991 5
24 58 611033 6
63 73 452985 5
30 87 237434 5
25 61 126249 2
3 6 716807 1
32 47 431952 3
27 79 744020 2
19 79 898605 3
22 66 109845 5
43 57 822398 4
11 72 103747 2
9 46 264301 3
38 57 207793 3
41 61 345983 6
50 81 310389 5
9 28 390427 3
40 80 833268 2
42 76 258915 3
55 58 270414 1
34 36 632634 6
55 68 309105 3
15 22 231940 1
73 86 115178 2
39 84 995673 5
49 63 410282 4
24 32 183599 5
21 70 380712 2
18 41 881359 1
17 28 733782 6
6 49 618978 2
2 24 608827 3
34 84 51659 2
29 31 339857 1
5 32 559712 5
60 83 553786 1
17 87 185589 6
39 52 196303 4
6 29 199099 6
52 98 96638 6
34 93 577437 1
41 88 285129 2
55 60 724555 4
30 73 484047 5
53 69 194796 6
4 80 14889 6
9 38 685267 2
9 47 301627 3
33 60 811259 1
49 53 381740 2
24 93 919697 1
61 76 758828 5
9 88 432323 6
52 54 84518 1
51 74 624156 6
80 96 261168 6
25 79 363214 2
3 64 868418 4
45 97 468654 1
25 62 456862 1
63 93 830651 3
12 41 438033 5
1 42 972401 6
54 69 31779 3
64 84 790124 4
5 57 106827 1
33 53 480741 3
15 49 599711 3
12 17 686251 5
6 63 174263 3
94 100 378608 1
6 58 771117 4
60 67 233373 2
16 60 913177 1
42 79 869940 3
20 34 706822 6
49 68 201449 2
61 93 679285 2
36 76 588211 1
37 41 761045 1
9 25 214789 6
37 64 324663 4
37 58 595258 5
57 84 357685 5
6 90 56824 2
77 87 949989 4
54 92 550602 6
3 48 47918 3
23 84 131145 4
63 77 174124 5
7 39 54872 6
39 49 563043 4
49 62 413201 6
14 56 915356 5
47 59 936165 5
13 79 169033 5
19 46 236157 4
4 96 365445 2
52 76 181660 2
44 88 916439 4
52 81 755392 6
44 75 52680 3
32 35 86660 1
34 46 525784 2
40 46 136980 1
35 75 649245 6
56 59 288884 6
30 80 451969 5
45 50 627573 6
48 83 54331 2
51 61 700004 2
81 84 820091 6
49 84 170425 1
36 53 530754 3
36 69 187622 5
26 76 277240 4
46 73 489024 3
47 49 8679 5
53 55 871270 6
13 64 705678 5
23 51 786503 4
41 54 100173 5
47 76 898618 5
85 86 926975 6
53 59 4043 6
21 90 97274 6
59 74 295537 5
19 45 17916 4
65 88 5192 5
43 73 898606 5
47 54 153738 3
83 97 332583 5
35 82 288294 6
51 87 865340 1
76 96 465847 3
11 76 137791 5
76 92 130633 4
45 79 70362 3
68 84 154624 4
19 88 130955 5
6 76 780583 6
11 25 232521 4
54 80 68652 1
15 36 230919 1
4 9 604922 3
38 87 518756 3
3 49 179328 3
11 30 80504 2
15 80 664874 3
5 58 292998 5
32 96 213415 5
41 72 393035 2
22 57 526780 3
8 59 975381 4
1 16 389620 3
47 87 875409 6
9 35 441114 6
15 32 765058 6
39 63 28907 6
44 58 65866 5
17 39 9269 4
31 88 23020 6
38 45 22273 2
52 53 963847 1
41 51 386454 3
34 87 623394 1
10 34 180992 4
85 94 939733 3
65 100 116858 3
42 97 630288 2
65 69 723045 6
40 51 446340 2
10 63 943734 4
7 32 883227 4
10 25 273770 1
82 95 395832 2
61 87 803360 3
19 21 132637 2
22 74 77230 5
76 84 97667 2
21 31 284120 3
23 60 150854 4
59 91 906883 6
34 98 129890 3
13 55 177837 2
4 72 246916 4
31 75 437295 4
68 80 922672 1
23 53 690910 1
32 81 180339 2
32 41 645135 2
14 28 64001 6
51 57 897779 5
12 58 565185 5
26 30 381742 5
21 41 799581 5
3 18 448677 5
30 62 329477 1
41 100 155007 6
5 90 445451 4
17 54 842662 6
58 96 1367 4
40 93 39687 6
32 88 476343 2
4 81 189879 2
24 75 449840 3
51 81 6992 1
13 25 6612 2
83 98 189487 1
20 50 886338 3
82 96 988728 5
30 100 813765 4
13 73 942131 2
47 88 127357 5
33 58 159277 6
35 80 387047 4
5 16 848497 5
42 58 343508 2
57 95 307136 4
73 97 360276 1
16 29 688528 3
45 80 454751 5
37 47 718438 3
4 98 576562 3
83 92 46335 3
23 76 331529 6
30 53 116730 4
42 60 908902 5
27 53 989627 5
30 61 957035 5
17 59 205876 5
54 88 233225 1
4 25 465809 6
69 70 780389 2
3 54 298980 6
33 86 174815 4
10 74 260189 3
38 82 949269 5
58 66 898674 5
58 75 28719 6
80 87 333044 5
63 82 39369 6
43 81 730503 4
60 63 932282 2
54 74 696036 1
1 11 712934 5
78 84 17595 4
53 98 224227 1
9 60 240873 3
67 84 802555 1
71 76 677100 4
95 96 213590 2
37 100 159693 4
22 80 76560 2
7 81 81617 6
25 59 903727 6
18 91 833259 1
42 84 562662 4
79 80 672684 3
16 81 148202 2
40 73 79682 2
48 75 453203 6
47 65 577071 1
14 35 216426 3
16 57 126716 4
45 96 312805 6
10 49 327154 2
26 91 83864 4
9 79 569737 6
52 62 957150 6
3 63 803762 3
15 35 489625 6
30 51 908812 3
67 82 46806 1
31 35 197416 5
9 18 592722 3
12 53 497938 2
77 84 137915 2
28 34 118249 5
7 52 480824 2
43 61 736027 4
8 76 686938 3
43 82 103178 1
38 84 891916 3
53 58 975927 2
4 30 607547 1
51 80 485216 4
27 30 185962 2
39 51 815778 1
52 60 682185 1
10 24 641464 6
13 75 967701 6
6 18 503663 2
33 69 634709 3
6 71 836229 5
2 7 174426 3
24 59 65796 4
34 88 435475 4
13 52 387631 3
25 66 945654 1
58 79 976519 4
74 78 36290 5
92 96 288759 2
95 100 937347 3
9 84 722088 4
60 93 262267 3
33 47 153716 6
1 25 78766 1
8 28 681157 3
51 76 682828 3
31 87 877723 3
55 67 234118 1
22 60 65480 1
8 56 251958 4
14 18 218625 3
10 87 514284 5
40 43 786224 4
18 28 987026 6
9 39 236791 2
54 76 317474 2
83 96 543573 2
53 61 456974 5
7 73 510413 2
19 54 354896 3
38 63 482918 5
62 76 839347 6
4 53 512526 2
9 36 573529 2
71 93 341911 1
69 80 395194 5
75 82 716408 1
22 46 794309 6
5 85 339367 2
72 79 89450 1
7 10 275406 4
17 45 662642 4
22 36 669127 6
7 49 734568 4
35 56 207998 5
21 50 910786 5
44 54 732444 6
23 82 114508 6
28 30 201133 1
2 87 986694 4
67 69 677044 1
49 98 300138 5
17 34 513382 6
4 33 77246 1
20 100 949422 2
47 72 96753 2
7 48 701874 4
24 30 458376 5
41 50 146658 4
58 62 361572 2
64 83 987740 6
5 48 132208 2
34 66 831232 4
10 51 496483 5
20 72 315921 6
79 92 231839 1
14 52 971669 2
45 46 724384 4
15 30 293502 3
78 93 895579 5
61 95 420643 1
54 58 981620 5
14 51 130325 5
27 72 282089 4
24 48 731672 6
3 51 721327 6
24 88 23525 3
44 61 773865 2
77 96 672706 6
30 49 751955 2
41 83 137101 4
9 51 800803 5
55 62 816528 6
21 28 734293 3
15 28 184649 6
54 99 54734 1
10 73 588956 2
57 88 213002 3
21 66 289084 5
65 77 814466 6
26 71 309645 4
1 84 221319 1
10 80 859574 6
37 91 220691 1
93 98 481013 6
24 42 725335 5
10 72 35755 2
81 87 274743 4
56 72 142897 4
38 96 596922 3
59 75 997188 2
58 61 894340 1
10 33 890774 2
64 80 868755 5
17 53 927007 4
38 53 464214 1
39 48 389835 4
63 91 174427 1
54 84 174860 5
68 76 890016 3
38 58 437614 2
2 93 393432 2
22 25 465168 4
42 96 853202 2
21 62 23718 5
35 81 840406 1
30 63 154555 2
41 76 730953 5
34 53 22643 3
1 59 876695 6
59 68 896109 1
31 63 289383 1
42 47 763983 3
75 100 108196 1
44 87 110833 2
4 61 476140 2
14 81 225909 1
41 77 708634 6
43 98 203557 4
64 81 802972 1
31 89 956136 6
30 68 517550 3
11 52 832561 3
4 40 860859 1
44 76 891056 1
14 21 149984 3
30 74 761241 5
20 61 874966 1
33 73 701801 1
26 93 7692 1
21 73 771498 3
7 54 415953 6
9 13 87157 3
40 81 20051 3
21 45 598400 3
17 76 965365 2
5 8 412626 1
8 10 469087 4
9 52 223805 1
81 88 501105 5
56 66 827777 3
62 66 319345 4
78 81 279746 5
59 82 589391 5
14 41 836927 3
5 94 484775 2
46 60 492527 3
58 72 275593 3
27 76 866796 3
2 16 489122 6
31 61 747521 2
23 30 849123 6
5 54 479711 4
60 98 34323 2
9 58 142548 1
74 90 524635 2
24 64 31863 1
43 53 967500 2
25 94 528948 4
48 57 206500 5
85 88 799602 6
13 22 898299 6
54 79 682069 5
29 45 778421 3
13 87 337229 1
19 58 356804 2
16 49 638995 5
16 27 53237 1
8 60 274792 2
49 50 936279 6
16 22 302308 4
40 55 786888 4
10 22 518248 4
24 74 482051 3
44 97 967318 6
8 81 420211 3
5 82 65948 1
74 85 610162 1
5 56 287626 2
24 91 441573 2
6 56 161216 1
19 42 244335 4
12 69 326232 6
39 69 940674 4
63 69 536578 5
29 76 244146 1
25 81 438247 3
11 49 206081 5
7 58 7825 1
50 78 856215 3
56 98 246671 4
12 59 643147 1
41 82 972826 6
37 76 83402 1
61 74 12882 6
1 14 837264 3
39 65 794022 1
42 51 62620 1
18 71 715102 2
2 78 305340 6
39 74 740804 6
28 59 658663 2
54 60 219261 5
15 41 311564 1
12 74 364902 3
20 63 327684 4
28 53 518579 2
39 81 304925 3
27 55 826220 1
30 56 165481 5
14 32 482322 3
6 34 878715 4
62 80 25850 3
7 30 540584 3
47 58 690511 5
58 77 319917 2
51 59 285920 4
43 84 546749 5
5 21 797125 6
14 87 941862 5
55 87 238294 2
28 32 421053 6
65 67 246289 2
11 81 178489 5
27 91 56593 1
31 66 346078 4
13 34 160116 5
24 76 598443 1
4 49 332375 1
3 60 260453 2
46 87 735733 5
30 59 687846 2
36 50 71731 2
26 61 103010 4
24 49 443924 6
22 23 872026 2
34 49 635750 3
5 42 509768 2
6 88 907595 2
22 59 423722 5
44 81 810541 2
54 57 822209 3
62 99 856520 1
64 77 158120 3
14 96 819509 3
59 81 678593 6
55 56 678210 1
3 59 710477 1
72 76 936516 5
58 87 964968 4
8 24 617011 3
29 49 746795 5
49 59 781964 4
21 79 516710 6
73 76 906249 1
42 52 972508 3
5 95 969539 4
37 82 657889 5
52 87 673508 6
9 76 213841 3
7 53 649925 6
2 35 582856 4
23 52 748544 2
60 74 558410 6
20 53 803226 6
6 52 416416 4
84 85 45937 1
15 53 944777 4
20 30 221020 1
85 87 412549 6
8 14 728174 5
36 61 210012 6
27 67 288952 4
23 59 746480 3
31 80 981562 1
57 62 255744 4
6 69 929819 6
38 49 90174 1
60 81 134246 1
13 96 819613 4
40 54 291600 1
25 42 391144 3
33 41 286212 5
5 28 310876 2
70 79 271690 1
38 73 151373 2
87 96 402147 6
59 80 558804 2
37 80 937656 2
14 77 212862 5
25 63 373627 1
79 90 389297 6
82 90 366230 3
68 73 440679 6
48 52 692363 5
11 33 53334 5
37 59 149349 2
57 61 90867 5
73 81 467246 4
56 83 749716 2
77 80 90283 1
5 35 364395 3
36 63 588044 6
41 97 730671 2
35 41 300544 4
44 96 674853 3
19 34 98481 2
39 42 111838 4
1 76 551783 5
31 67 82730 3
8 85 948780 2
5 69 397117 2
6 12 835140 1
72 93 968895 3
31 62 407297 1
31 79 36115 1
17 61 364576 2
34 73 203303 6
41 46 917864 1
34 71 868726 2
2 32 590340 2
49 93 169230 6
48 93 652794 5
14 34 846117 5
64 91 260706 6
27 74 295866 3
38 54 5316 5
6 62 613050 3
8 61 715657 2
22 53 565542 4
28 65 774528 2
17 66 738850 4
35 60 306184 5
23 91 562363 3
29 35 172523 2
28 68 458417 3
1 78 643653 4
58 84 209405 1
24 29 981145 3
3 16 241329 1
43 49 155118 6
77 95 662594 1
54 75 366240 2
19 89 989089 1
91 97 502760 3
18 31 46538 6
32 34 922648 6
6 80 853757 1
14 80 117385 2
13 28 997538 6
35 69 643224 1
51 72 626798 4
18 86 843692 6
28 74 639267 1
41 57 128339 5
41 53 231956 2
22 65 74658 1
21 36 716748 2
20 35 202425 4
40 65 887261 3
26 52 934297 6
8 11 659785 6
20 32 416591 6
8 100 194361 2
69 72 806265 6
53 87 343695 6
80 82 93287 4
56 58 761399 4
77 79 33177 2
66 81 301127 6
12 14 779646 5
35 95 20108 3
78 83 203423 3
62 92 835656 6
10 48 247930 6
13 54 516105 1
60 76 122587 2
19 80 481887 6
8 42 127412 5
23 62 634919 5
31 100 745810 6
7 100 134953 4
47 74 492044 2
14 53 208284 2
60 88 913113 5
15 64 737897 5
63 88 591314 4
28 42 882313 2
50 62 547304 1
75 91 732109 6
57 73 861224 4
47 92 854735 5
40 61 260809 6
31 36 509231 6
60 73 356454 2
62 74 121737 1
31 96 104309 6
78 96 17385 3
1 7 611860 1
11 18 346532 5
50 52 238939 2
35 53 691861 5
7 47 323996 5
38 88 195056 4
8 69 618700 3
28 95 378535 2
4 15 753095 5
49 74 167898 3
47 62 572189 6
10 76 379376 5
41 58 705356 6
29 41 35577 1
69 78 913712 5
38 92 11219 1
28 73 795373 2
15 84 945438 6
31 50 808469 6
42 54 895554 2
74 75 340161 4
3 87 633140 3
60 84 878928 4
38 76 803795 5
43 58 287520 3
10 56 269705 2
55 70 55863 1
35 42 408661 3
40 85 249533 6
48 62 538741 1
9 54 903996 6
29 32 602333 3
28 81 948770 2
45 49 409318 4
2 80 557780 1
79 93 535502 3
32 76 828116 1
74 92 565120 1
6 73 914001 4
39 61 280652 1
31 52 789049 4
24 67 639103 5
20 60 478351 1
16 50 608265 4
3 24 504726 1
53 81 147268 4
86 96 166200 3
5 99 958207 5
4 63 249626 4
12 87 492049 5
60 62 835078 3
3 96 35330 4
56 81 938537 4
18 50 626603 5
61 65 229203 4
41 81 345047 4
27 54 77849 3
20 88 41672 5
18 61 668638 5
20 84 986465 3
35 63 412778 3
32 44 106694 1
27 88 457045 3
12 28 698475 6
2 41 871343 6
7 97 616995 6
49 61 619184 1
42 83 478947 3
29 59 738098 2
25 77 988974 3
24 69 936880 3
19 61 492760 2
25 34 849847 2
22 34 413616 3
18 52 894536 3
11 73 323056 6
37 63 503574 4
49 52 538875 1
49 51 117328 1
21 55 5828 5
2 63 334827 1
2 58 26034 2
27 75 321631 1
25 53 494826 2
25 93 453274 1
20 27 433887 2
42 46 717886 3
33 84 64223 3
23 34 655351 6
47 75 137277 1
29 42 592629 2
41 96 566146 3
79 85 947211 4
47 81 150895 2
34 74 223711 5
3 50 309243 4
20 73 711508 3
43 72 986700 2
18 81 40630 2
50 84 861764 2
47 78 530964 1
8 73 119784 2
44 99 330232 5
31 41 272161 1
56 96 211831 5
7 76 766901 3
33 83 44960 1
46 54 339998 4
20 33 394771 5
15 83 784780 2
79 87 72633 1
13 44 328465 4
21 58 288061 2
59 65 341448 4
26 32 595246 2
32 55 759350 2
62 81 924848 6
21 75 921534 4
2 77 628830 4
69 81 936596 2
82 93 90211 3
68 87 247339 5
3 57 214400 6
62 87 408884 2
59 95 212664 3
23 49 148494 2
13 72 818531 1
22 49 508507 5
13 48 577147 4
21 24 682590 3
73 80 192565 1
28 54 587735 3
33 81 209434 6
33 63 679107 3
76 83 131931 2
21 71 909366 2
70 91 527991 2
69 95 377562 1
9 61 84810 4
13 30 197644 6
86 90 104636 4
37 81 336199 5
14 84 292475 5
8 58 466597 3
50 69 636662 5
3 74 816958 4
3 26 747574 2
23 54 273312 2
22 41 831988 2
57 82 729986 4
70 96 1510 1
49 82 824694 2
12 35 439164 5
48 61 582762 3
20 24 967241 2
30 93 759565 6
14 65 135731 2
56 60 24702 3
55 88 52679 3
73 93 826634 4
13 53 322750 6
20 54 60726 5
11 24 353599 4
17 52 837768 2
11 96 124509 4
65 81 94796 6
26 34 905564 2
41 47 495145 3
6 66 815205 1
44 72 19022 1
15 63 520221 6
6 28 630530 1
52 63 377726 5
46 58 265539 3
29 80 439628 6
25 84 257398 2
28 63 884017 3
3 17 413924 5
60 77 975225 3
33 56 88131 6
33 79 695930 1
17 46 349355 3
3 34 817316 5
37 79 570499 3
41 85 419312 5
1 38 566846 1
52 100 455842 4
14 79 206957 5
5 31 453167 6
17 58 254317 5
1 41 877754 3
20 28 492313 4
3 80 893349 1
11 80 86098 2
28 58 946884 3
19 50 7219 6
66 74 431999 3
35 62 68723 6
1 18 93385 2
63 74 762486 5
52 90 402207 1
19 25 808209 1
46 80 998325 3
65 84 130082 3
76 87 842018 2
8 34 912060 2
61 64 633154 3
34 63 497069 6
8 54 570542 2
34 52 483826 1
21 25 333406 6
3 36 411531 1
3 77 154098 3
9 62 562611 3
6 60 649061 4
18 87 655557 5
20 31 735132 4
19 24 79825 5
5 76 76361 1
39 47 949102 5
66 80 885513 2
48 54 678129 6
1 69 586460 4
1 22 960700 6
52 80 609903 2
68 95 297966 2
8 32 567987 5
31 81 12342 2
30 42 245378 1
49 75 71956 3
41 62 575904 2
49 58 788243 3
49 69 238926 6
51 58 670397 5
47 61 807775 2
47 73 362541 4
12 27 807988 4
6 93 987661 5
5 88 587330 4
18 38 688671 4
44 82 922348 3
71 79 192788 6
23 70 987967 3
17 51 122508 3
27 69 210776 2
8 35 598589 6
2 8 168071 6
7 75 663685 4
21 32 915833 6
26 28 243436 6
27 83 25533 3
14 82 356319 4
30 84 596987 3
19 87 665156 6
4 47 737566 6
48 88 772856 6
27 92 208973 2
13 58 469227 2
57 77 777301 6
25 32 933484 3
32 98 801830 1
56 68 104703 2
9 63 234124 5
57 93 723291 6
25 41 378305 2
17 21 852378 1
69 76 744667 2
46 66 84761 1
85 100 255967 2
58 82 208422 4
32 93 693396 6
18 76 313402 6
45 51 665343 6
16 48 641481 4
47 83 152490 1
27 87 10621 2
67 91 52187 3
17 35 150875 2
45 52 145125 4
2 52 825164 5
40 88 559284 4
3 5 921251 3
42 73 52508 5
18 24 615978 4
22 81 337323 2
18 36 942172 2
29 34 634752 3
24 62 179690 1
64 75 167962 1
36 55 701708 5
12 18 433618 2
37 49 315137 1
36 96 130292 6
53 54 876924 5
17 72 814563 1
70 88 820835 6
7 41 22052 2
52 79 155560 2
29 72 567425 2
16 41 331117 1
32 74 792461 1
12 30 517627 4
48 51 231815 4
14 30 480631 1
1 31 439350 2
20 22 546221 6
92 93 77029 2
1 54 627640 1
28 49 727708 5
24 41 523428 2
14 26 12552 4
25 80 922941 3
55 75 554279 2
14 61 703476 6
43 60 248549 4
21 91 479133 2
51 60 49226 3
36 56 501310 4
11 22 439056 5
9 21 250951 6
69 93 731032 6
79 88 340254 4
74 80 617256 3
4 84 862459 5
57 96 908272 2
1 4 423453 4
10 100 771918 5
19 49 883209 6
31 51 936403 1
12 71 563182 1
32 42 844631 5
5 87 209486 5
10 52 411716 6
1 62 529424 3
77 82 72075 4
20 51 413309 3
35 45 101187 5
25 51 806821 1
18 72 968880 6
55 74 221131 1
10 46 364400 5
5 10 246667 4
34 79 85788 1
48 56 271399 3
13 80 42387 2
14 94 381918 3
40 58 255085 1
25 38 30468 5
3 20 366851 3
52 69 6177 6
40 84 326220 2
18 58 354364 3
1 51 741756 3
57 69 990341 4
2 18 414368 3
33 59 661697 5
17 79 684357 2
30 83 89003 3
37 73 738822 4
8 50 295666 4
3 95 635867 2
32 54 112518 1
67 95 490909 2
48 53 235300 6
56 73 161258 4
15 90 370388 3
19 97 176287 1
36 87 962940 6
93 100 976574 6
8 49 309368 6
20 81 230352 1
16 28 89367 6
63 79 538384 5
17 36 156620 3
71 82 876345 1
15 62 875223 3
69 73 327749 5
27 84 911095 5
57 63 478961 4
71 87 740041 1
37 62 193749 3
47 91 267899 3
29 87 153396 6
45 94 593112 2
82 87 442055 3
44 52 591851 3
84 88 944114 4
63 96 987497 4
18 88 488807 6
9 42 654511 3
46 75 947529 4
42 48 105103 1
64 87 606654 4
48 59 277781 6
34 81 404985 3
37 53 1295 5
29 36 289302 4
13 91 439159 6
10 60 462820 2
70 73 358379 1
56 70 741721 5
44 79 884698 2
23 58 99929 5
7 77 598179 6
81 90 134478 6
12 48 489337 2
82 88 188964 2
7 28 752427 4
46 48 824083 4
72 74 778782 4
35 58 811444 4
32 62 425151 5
32 48 32596 5
16 61 485188 1
80 97 360599 2
7 24 454242 6
6 25 519408 4
44 66 417839 2
21 52 602161 1
68 78 781832 1
45 62 663362 6
28 55 374376 4
28 69 219892 5
14 31 278070 2
34 69 911974 3
42 92 293924 6
21 42 148717 5
60 90 909550 2
34 55 726914 1
62 73 514642 3
66 88 148857 1
29 91 730360 1
12 43 842133 6
40 82 491098 2
55 63 307293 4
19 41 545810 1
2 62 796560 3
12 31 652256 2
75 76 869366 5
4 32 324630 6
18 22 770020 5
35 67 50554 4
17 81 986577 6
38 51 780827 5
19 73 955276 3
46 84 710600 1
91 98 210188 2
19 53 506202 2
90 96 585859 3
73 84 806811 3
51 52 780186 2
9 53 123033 3
42 57 663932 6
21 69 959916 2
8 66 738317 2
25 73 413804 4
36 100 592184 3
36 88 218841 3
79 98 180675 3
64 71 8538 5
42 71 697787 2
37 60 7910 3
16 96 725555 4
23 80 942295 5
41 75 914823 1
50 59 267207 1
32 53 774272 5
34 65 998045 1
8 38 501871 4
14 43 874474 5
15 24 787604 3
37 90 737621 1
7 84 549159 4
34 76 942218 4
59 73 208473 2
11 87 381272 5
23 63 115111 4
43 93 881200 5
19 28 155263 5
75 87 46762 3
17 80 545735 5
49 81 155696 4
19 31 832225 4
53 56 320525 6
53 84 751187 5
71 84 764425 6
18 48 920069 2
23 74 857756 2
21 60 456315 5
61 100 136336 2
23 85 856513 1
63 76 928825 5
33 54 970413 1
49 56 751002 6
11 51 726402 2
84 87 704981 6
25 30 517654 1
73 82 933023 4
72 81 651698 4
1 34 702061 4
3 100 463153 2
44 84 909875 4
10 36 182663 2
40 42 856744 3
14 46 305066 3
15 76 958585 6
35 66 695487 3
74 93 395230 1
6 51 591368 1
16 32 36895 1
34 58 973243 3
16 59 915624 2
66 69 63914 2
77 81 167296 1
9 74 331805 4
24 81 847671 6
38 52 940437 3
64 95 732225 2
11 46 849710 2
2 53 66807 2
29 44 239100 2
25 31 378107 3
39 60 877940 6
73 74 161531 5
4 87 816007 5
11 50 545069 3
44 47 490776 5
70 94 237803 1
5 34 450906 6
17 26 282963 3
40 75 481595 6
35 54 421812 3
1 52 343646 2
77 83 165238 2
11 100 779590 3
31 34 785610 4
30 32 158768 1
3 84 110605 2
43 87 857121 5
53 96 428958 1
5 46 174734 5
26 59 483203 2
10 32 389571 3
46 49 933096 3
43 89 388553 5
21 51 836184 2
40 48 724775 3
46 68 409653 6
29 63 687134 5
12 22 416699 1
41 48 106674 6
85 90 734449 5
16 87 500304 6
55 79 48280 3
50 61 487783 1
47 63 35013 1
39 59 769847 5
25 82 387134 3
56 95 180726 4
19 55 925933 2
35 77 926008 6
71 73 344955 1
12 88 105230 5
15 65 404552 1
31 74 169348 6
3 72 52189 5
9 87 484134 2
48 84 585001 4
6 35 569280 5
29 81 991492 1
66 92 309084 2
21 22 684166 6
2 34 277322 2
18 39 767414 1
19 76 178707 6
22 30 956627 5
39 79 369607 5
3 83 433328 6
46 59 422093 6
33 57 887746 3
51 73 222682 4
31 76 616152 1
37 65 859536 1
23 36 743489 5
31 69 470784 2
8 22 443860 6
17 18 249687 4
49 64 645930 4
27 62 915895 2
66 96 270296 1
48 58 603319 1
11 93 314477 5
42 99 252217 3
38 78 257604 6
4 59 253291 3
59 63 224410 1
44 56 610507 2
33 35 811611 6
25 88 96605 4
59 96 584895 2
2 28 595832 1
4 41 980570 6
1 8 838897 4
3 8 124673 5
24 96 214676 5
1 75 617242 5
89 90 617279 3
48 72 502285 1
26 60 257020 5
7 27 492049 6
16 65 801810 1
59 61 264687 4
33 44 215174 4
16 42 906823 2
44 69 313884 2
27 61 784457 2
53 68 509455 3
48 96 961958 2
1 3 893411 2
44 53 163213 5
32 58 842522 5
26 46 591898 5
7 31 961714 6
5 6 977441 6
10 71 111180 1
27 73 318249 2
22 27 300906 5
16 56 268115 3
50 80 951569 4
6 61 519067 4
55 61 982503 3
55 76 917441 4
7 42 336777 5
17 33 493923 3
7 74 24615 1
15 59 542144 5
65 94 907755 3
2 61 940612 1
14 100 916157 6
37 46 819818 6
23 61 118191 1
41 69 941206 3
22 79 600458 1
1 35 433782 2
31 32 677984 2
37 61 515352 4
21 53 753795 5
63 80 186338 2
13 56 365425 2
21 57 355091 4
23 41 643707 5
57 66 177541 4
9 30 67587 5
12 76 720999 4
32 36 101295 3
33 67 621669 6
1 40 439858 3
4 38 333653 6
8 48 171723 2
25 95 294177 3
14 59 310695 2
16 30 601887 1
22 28 337672 2
45 85 648273 5
1 79 956622 4
68 71 304631 3
30 88 611937 1
39 92 595338 6
42 49 224036 2
5 24 738377 2
58 81 713480 5
53 93 104153 2
75 92 57 3
8 88 474870 1
40 53 830007 2
20 45 805250 6
56 69 221103 5
11 38 736583 4
11 28 903139 5
26 36 651565 5
12 54 323207 3
98 100 745227 1
16 31 746768 6
22 63 112889 6
2 66 983855 3
21 81 939961 4
5 7 546488 3
44 62 402387 1
57 58 39018 2
18 74 631290 4
42 75 181009 2
30 76 517224 3
18 47 227617 3
76 97 686369 1
44 77 472041 6
25 60 251818 4
18 29 312116 2
19 30 915202 6
22 45 620088 3
13 41 569743 1
23 45 849208 6
29 50 788175 1
3 58 834987 3
2 22 782782 4
5 75 186864 3
1 27 653028 5
61 62 494469 5
48 87 758079 6
3 62 909429 5
31 82 954395 4
15 81 455055 5
25 52 508542 1
52 75 798019 1
12 42 723145 6
24 54 203867 2
59 84 754758 5
64 100 150066 3
3 35 193588 4
5 61 618615 6
1 28 727500 6
23 100 382858 1
52 58 238150 5
55 97 790286 2
7 95 520682 3
17 70 218054 1
20 79 399855 1
58 63 847816 5
72 91 770746 3
11 82 36904 6
29 53 869109 3
26 79 41788 4
70 75 570440 5
9 75 340750 4
5 12 147608 4
20 47 425618 4
76 88 903783 1
54 100 659125 3
44 74 817098 1
12 96 15781 2
40 72 285270 6
58 100 79225 4
48 77 182983 4
10 77 749803 4
41 63 495029 3
66 67 895228 4
48 81 996863 5
3 75 29931 3
69 74 758568 2
30 58 528794 5
28 75 970481 3
73 91 145828 2
8 71 939830 1
46 55 885267 6
42 87 104103 4
20 87 237192 5
63 87 738631 6
24 34 698616 1
10 91 510406 5
55 80 956140 1
4 58 841485 3
62 72 923036 4
11 95 571067 2
22 24 463829 2
39 73 436340 3
12 60 836699 5
35 88 6992 3
35 79 333030 6
22 52 475023 1
39 83 366857 1
14 49 341303 1
34 97 400551 3
71 91 313063 2
5 39 229097 4
52 66 685172 5
4 92 655963 1
5 18 803462 5
26 42 577454 2
21 49 669729 2
36 74 375072 1
59 77 518665 5
21 94 23797 1
9 27 264531 6
79 81 113530 5
55 59 311915 4
40 47 519817 2
24 84 261994 4
26 58 626689 6
44 63 116644 5
10 88 926187 5
37 51 440474 1
28 52 987889 1
34 59 892485 2
88 100 458065 2
20 62 644621 1
29 46 237354 6
21 87 783320 4
18 73 854755 1
32 45 193942 2
2 88 883280 6
14 54 675348 6
60 87 786343 3
23 73 856071 1
9 49 142081 2
34 78 250492 5
9 69 131571 2
4 90 335500 5
38 46 512 5
41 68 9579 6
26 49 889712 5
59 79 346640 4
40 49 474095 5
28 87 402172 6
87 88 350305 3
56 79 672860 3
45 63 848099 2
21 33 754311 5
26 27 695761 6
71 74 950406 6
29 88 97946 1
5 9 190327 5
62 65 174896 1
62 93 298112 3
16 82 248565 2
6 53 612328 1
36 49 65228 6
20 68 121674 5
4 24 578849 2
5 65 102666 3
2 72 128701 3
14 69 395899 4
22 58 746331 6
65 68 152539 6
14 68 92149 6
36 93 13963 6
24 61 181895 2
3 41 388102 5
33 87 600753 3
41 65 724753 1
72 96 242544 6
6 30 694704 3
10 84 491702 1
31 33 478680 2
9 82 906644 3
16 73 66593 6
9 73 805449 3
15 46 270131 5
5 84 768321 5
50 85 134387 3
50 51 683142 5
6 21 403974 6
6 11 889161 6
29 33 30483 1
84 90 574248 5
52 92 315361 5
13 35 286943 5
91 93 613468 3
24 50 309517 6
19 75 728147 6
36 42 728814 5
37 83 393760 1
26 54 697758 6
18 59 974772 6
21 74 670742 6
58 80 113200 1
93 96 89960 6
29 93 434258 4
43 54 267975 1
28 61 995315 6
6 91 19317 2
43 56 84870 2
41 89 731425 5
54 87 551021 5
41 60 579183 1
45 71 598663 6
11 16 406488 2
35 92 223326 4
35 72 199620 5
55 73 747393 4
8 67 379850 1
65 71 683427 4
28 48 645853 2
46 94 326824 5
35 52 589788 3
65 93 300550 2
41 84 946800 4
48 74 739280 2
6 46 565292 1
31 93 816164 2
23 87 381858 2
28 84 299017 5
54 63 656208 1
47 48 100225 4
11 26 35058 6
7 17 977697 3
1 65 5951 4
18 77 217951 3
1 12 811287 2
2 73 464338 6
10 47 938304 4
2 47 523579 6
21 84 79110 6
3 61 551901 5
34 68 149364 5
3 66 514262 5
75 77 373210 5
8 27 246612 1
57 59 868644 5
65 80 579999 2
40 59 488013 5
16 38 662821 2
3 42 200158 1
65 75 839542 6
21 100 355523 5
27 52 400209 4
16 62 761158 1
23 97 136697 5
15 72 803845 5
7 25 764972 4
5 41 558930 1
74 79 519461 3
25 27 928317 6
55 92 894525 4
61 72 620244 4
37 48 931893 1
5 36 892678 6
51 95 258164 1
51 90 545377 2
32 75 174484 3
55 81 540935 2
25 90 322365 5
45 75 600281 1
48 49 159553 5
24 80 772616 2
85 93 280243 3
80 81 71688 5
1 93 327666 2
21 59 13755 6
15 92 69150 4
17 64 295736 6
43 90 970112 2
5 92 848543 6
5 47 400911 3
83 87 503707 5
7 21 118045 1
32 97 619960 1
46 61 49135 4
47 68 984054 2
45 69 360693 2
21 34 995736 6
5 59 268055 4
90 92 270274 1
17 32 842773 2
54 61 244202 2
20 56 924403 3
13 84 102458 6
53 73 194552 6
32 82 427450 6
49 80 749423 1
28 98 253983 6
36 67 600280 3
84 92 262740 4
33 34 345352 4
53 88 352857 3
4 7 15885 1
36 46 661362 3
59 100 430105 1
49 67 997693 2
4 28 331102 6
17 47 611017 3
81 100 11081 3
11 54 728883 2
53 100 211554 2
48 76 823026 6
4 79 43267 4
37 56 575349 4
16 18 644 5
33 61 451149 6
15 34 973918 4
47 96 898651 1
12 61 405049 5
22 56 883683 5
5 53 620207 1
15 21 1792 2
66 84 171330 1
66 85 948499 2
18 30 950017 2
49 76 157649 4
19 35 962431 6
33 100 451860 4
73 88 434113 1
13 74 197075 5
41 70 888575 3
20 38 342826 5
12 34 989079 2
61 81 932636 6
31 68 825362 6
39 87 930507 3
37 44 677773 2
54 71 691910 6
62 84 30586 5
3 52 427124 4
32 63 468927 3
9 77 848005 6
77 88 613050 4
22 98 165351 6
48 65 917687 2
65 87 622776 6
29 74 334750 6
89 93 874245 2
29 100 457125 2
4 45 438207 2
38 80 113335 2
22 32 614848 4
46 76 264442 3
39 66 338074 3
29 98 297111 6
11 35 630534 5
35 87 987051 2
12 80 31414 6
22 73 863541 6
3 21 151356 1
77 91 473456 3
1 63 819847 2
17 56 504974 5
13 90 343944 6
25 46 373409 3
9 24 264876 5
24 35 491519 2
45 47 545466 6
40 62 43803 2
20 58 322849 2
31 83 576972 3
29 82 365161 1
34 35 95943 2
78 79 599606 3
45 92 992909 4
45 93 921322 4
15 73 134035 5
25 49 266801 5
4 18 43702 4
32 68 4018 6
6 54 147586 3
2 76 749292 3
27 42 239 6
25 48 916339 4
50 74 160694 5
24 66 616571 1
14 48 801456 3
9 12 370102 2
21 82 558598 2
3 53 447148 1
37 88 22562 6
15 58 448768 4
31 86 615680 5
20 80 621307 6
27 90 771335 3
87 100 652506 4
20 36 795271 5
39 62 802695 5
54 66 239219 4
14 58 12525 6
72 73 993447 3
64 92 45458 3
88 97 443725 3
60 61 976576 4
45 95 95468 1
14 63 298242 2
40 60 796809 2
22 96 689011 2
12 46 476832 4
6 41 670519 6
27 49 675152 3
13 32 236548 6
5 30 877327 6
15 48 438538 3
1 30 774785 1
27 35 888722 6
53 77 207749 1
4 52 851866 4
36 65 461569 1
41 49 812968 6
49 54 487835 1
59 60 552808 5
73 98 953294 2
26 63 467732 4
72 87 845991 5
40 63 385549 4
30 50 530143 6
2 29 546620 4
50 66 527231 1
45 61 306427 4
24 89 199202 5
34 48 403906 2
1 80 533313 3
21 29 711651 6
46 79 21003 2
39 82 226852 6
33 66 603930 6
79 84 199708 3
19 32 122559 6
4 13 826341 5
15 93 584340 4
31 45 158826 5
18 35 955947 3
24 36 6947 3
43 55 638112 2
36 52 419570 6
33 51 335508 2
51 91 686733 6
66 83 376629 5
40 52 800430 3
38 44 658994 4
54 56 16518 4
15 79 612482 2
28 35 379341 6
54 96 865466 6
8 65 179696 4
4 86 30679 5
18 63 539478 4
52 61 376450 6
44 59 761051 3
5 49 337843 1
13 57 440670 4
67 92 352981 6
1 17 532598 5
42 94 831294 6
47 67 717643 2
33 42 135502 6
35 46 911410 5
34 40 253724 2
34 41 279865 3
64 69 812536 3
23 93 3348 1
82 92 617856 1
46 62 632026 6
4 60 352076 6
5 25 774865 4
33 62 986256 2
62 90 346780 1
27 82 441317 2
75 97 981495 2
8 53 421513 2
4 39 210549 5
32 87 695183 1
8 25 502696 3
4 77 559814 3
74 96 675134 2
37 55 679211 6
23 50 369605 3
33 76 13526 6
5 72 183619 6
40 70 470384 1
6 47 628550 3
41 56 192957 5
43 100 543206 2
46 74 483047 6
18 19 97709 6
11 74 36529 5
5 51 713807 4
28 60 743701 3
2 74 306173 5
37 84 157160 6
3 12 231664 5
60 80 753133 5
26 74 157070 1
17 24 177516 1
45 77 940301 3
3 28 911928 6
63 71 526762 5
28 57 945978 4
36 80 927177 4
21 61 155885 2
55 71 368230 5
14 90 886770 2
21 63 172513 4
40 95 82462 6
13 38 394299 1
19 63 616525 5
39 58 516828 4
41 91 212681 6
9 48 741075 5
66 73 213317 5
43 85 427035 2
52 73 896255 4
15 74 141568 1
1 74 123258 3
27 28 469860 4
43 88 191664 2
67 76 144005 3
4 76 371483 2
50 93 25487 3
7 46 772187 1
65 96 736307 1
19 33 616145 4
1 6 523397 4
17 71 823882 3
66 87 394630 2
10 28 839901 2
16 67 218699 2
30 41 466380 3
20 69 152427 5
35 73 348766 6
22 88 12921 6
6 79 209862 5
55 93 182897 6
26 62 766863 6
34 83 367037 6
61 92 673647 2
6 32 481366 1
39 72 531748 1
67 93 328049 2
29 51 606778 1
51 64 597426 1
6 50 980350 3
39 88 151414 3
69 85 286088 3
61 69 567320 6
15 42 103755 3
63 84 721519 3
9 29 280550 5
18 57 171435 3
34 82 936437 1
27 56 184060 1
80 94 45509 6
10 31 660568 4
20 97 372937 3
29 60 299696 1
33 77 654300 1
1 2 68305 2
52 71 934718 6
54 81 888452 1
57 71 643955 2
70 80 518928 5
21 54 581037 3
43 95 434168 3
42 53 734600 3
20 52 249930 4
7 29 419997 6
22 35 538962 2
45 58 944565 3
29 73 846973 1
7 71 316411 5
31 60 896570 6
1 49 564330 2
90 93 959891 3
26 45 684660 3
2 4 110037 4
64 76 753463 4
26 88 539469 4
40 41 726325 5
2 84 355713 5
27 31 567047 2
23 79 34834 6
9 32 49159 1
22 100 29824 2
18 60 77613 5
18 34 772614 4
32 72 507933 2
23 29 673967 2
29 62 567834 2
11 27 74224 4
16 51 327945 4
1 24 240432 4
22 84 601239 6
7 78 906655 1
11 34 145700 3
5 80 873693 2
33 72 317350 4
6 96 569286 5
11 41 823903 2
8 63 186607 1
35 100 784860 6
29 69 593869 1
80 83 82080 2
26 81 212520 5
10 61 150388 5
5 67 666137 1
7 66 670049 4
44 80 602552 6
72 97 596633 2
32 60 795923 6
57 76 650773 2
31 54 615502 6
21 56 515443 6
29 57 326642 5
51 63 300887 5
28 47 910274 5
6 87 462983 3
14 24 411942 3
10 41 405454 4
9 81 76467 2
17 22 698143 6
37 75 978354 4
8 96 330501 5
33 93 690416 2
83 88 616604 3
73 92 41113 5
2 36 315170 2
74 82 809588 2
13 42 621862 4
40 98 848099 5
6 81 193127 2
33 88 295795 5
25 76 644996 6
14 22 606014 3
68 82 781607 2
41 59 79691 3
69 89 256640 6
89 96 827227 1
27 48 433047 1
10 30 811175 6
66 72 6080 5
5 22 309301 2
20 66 132961 2
26 53 585013 6
7 92 567905 6
31 59 474356 1
48 69 300293 3
62 82 962292 5
7 80 509899 1
72 80 847353 4
14 73 244095 1
8 51 239762 5
32 50 437426 5
22 51 411956 2
7 68 78903 6
10 58 808947 3
16 63 102334 2
78 91 991019 2
38 74 260588 5
6 42 478792 4
6 92 783446 5
45 76 160713 1
76 81 368284 2
45 81 143812 1
59 69 133942 1
34 60 524295 5
32 61 617067 4
3 56 957229 6
7 8 963112 3
47 52 837785 2
69 84 237004 2
54 93 420718 6
52 74 228949 3
1 23 588297 6
43 80 12052 3
54 72 744584 4
8 45 630889 2
21 35 102113 2
78 80 512445 5
5 73 185533 3
66 75 253088 6
44 51 657770 3
58 88 1074 6
51 79 993110 4
43 69 587542 1
39 100 230732 6
3 76 488120 1
58 59 358045 1
40 74 827069 1
10 96 698959 2
25 96 367124 1
20 48 145817 4
1 53 628718 2
62 75 983462 3
36 59 608356 2
76 93 163242 4
15 51 68766 6
63 81 907298 6
67 81 816233 6
44 85 529223 1
3 47 725694 4
72 92 815834 5
74 84 975228 4
29 77 963460 1
50 56 242618 1
53 63 378449 4
7 35 77507 5
1 73 239677 2
14 27 213048 3
34 95 343166 4
24 28 731249 1
14 91 810166 2
31 73 416732 4
13 97 186322 6
17 83 689463 6
17 91 839767 6
78 92 532981 6
43 51 912865 5
20 25 822601 5
12 52 443912 6
10 21 624477 5
8 52 872414 6
35 84 427093 6
40 50 482359 5
60 86 457367 6
60 68 682708 2
58 76 932480 3
64 96 63904 5
35 76 252301 3
16 58 707501 3
4 54 507754 5
43 79 143165 4
7 93 387520 4
49 96 796031 2
20 41 933752 1
41 42 952587 5
4 44 806500 3
12 63 647324 3
17 49 856291 6
36 75 730952 5
3 89 748628 6
1 88 442874 1
27 34 341369 3
13 63 338680 6
12 92 145961 4
13 45 180151 6
61 79 770467 2
38 70 921239 5
9 72 210457 6
50 92 250405 1
69 87 817299 6
29 52 755027 3
28 76 354275 3
11 58 89774 5
57 80 562228 5
40 87 530743 6
4 6 260050 4
3 97 898638 3
44 50 289565 4
55 66 69843 6
7 61 473811 5
26 97 245369 1
83 84 625815 3
30 54 337420 2
25 92 442417 6
28 56 255085 5
23 35 658139 3
11 66 890044 6
20 59 743376 5
34 72 833817 3
47 51 499925 5
27 63 271610 5
7 34 630125 3
1 32 914213 3
74 81 726007 2
78 87 292396 6
50 87 854977 5
27 93 199335 4
19 20 296672 1
88 93 510278 4
30 78 898737 1
4 34 185567 6
22 69 791289 6
45 74 903636 1
38 47 308461 1
22 50 275977 6
68 81 917066 6
85 97 517982 3
47 90 443254 3
6 8 517716 2
23 42 26565 3
34 51 400332 1
4 74 148815 4
15 27 253764 4
67 78 264731 1
64 66 701072 5
5 81 104901 2
9 41 722285 1
36 58 907553 3
82 91 98986 1
65 73 795545 2
11 69 825968 1
54 73 478524 5
32 69 936361 5
38 61 603032 5
14 25 685714 4
30 57 121471 2
56 61 783448 4
153053 406798 393240 712675 920509 974901 