110 3144 7
53 81 8366299 3
47 64 5687750 5
70 108 9264449 5
25 77 551615 4
71 87 4532927 2
25 53 9743046 7
54 75 9323215 7
63 69 1436451 2
19 23 3167190 7
12 18 443502 6
4 100 2707634 5
36 75 8179897 5
106 107 9278431 3
21 70 735081 3
10 52 4812079 1
26 70 7965096 3
12 64 7034460 4
34 62 44344 3
7 17 8591269 1
23 97 3216485 6
79 106 8104117 2
37 68 7859100 4
8 27 8607824 3
13 57 1716939 1
20 60 4053538 3
15 59 5557284 2
51 81 4470300 7
10 29 443331 3
94 100 4980021 5
22 36 9727845 3
56 59 7285741 3
7 77 667462 6
36 99 6533688 5
17 35 3914780 7
54 95 5793945 6
52 84 9011299 3
60 64 1254022 1
31 77 7006572 7
41 99 7479661 2
48 84 5993872 7
15 81 3299242 5
67 97 2651689 2
16 77 7906466 4
60 86 6371751 3
31 42 1273588 5
22 78 7120046 7
35 63 4940773 2
52 97 9120979 5
25 32 1037735 7
29 45 3661299 3
10 16 1536196 6
10 80 2591883 2
10 11 3327462 4
50 96 6404153 2
18 97 4390129 7
74 97 7776129 7
20 107 4609106 6
4 37 7044863 4
46 90 4494891 3
87 109 7579972 7
58 92 3360726 2
35 105 1401895 4
1 67 8611056 4
36 92 9165216 1
21 61 8317409 2
104 109 2215943 1
55 63 6762971 2
18 71 6010152 7
79 105 678120 5
55 95 6356908 5
2 16 4608798 6
47 97 8258763 3
7 15 6224642 2
10 15 1310905 7
34 89 164864 5
35 100 4612089 6
47 58 8192046 2
2 47 297318 6
3 39 8231230 1
79 81 625270 5
66 81 859142 4
20 63 5502324 1
50 79 3049615 3
2 105 9055824 4
32 99 2237933 3
90 96 6982665 3
59 96 8348398 4
12 72 1578815 5
60 82 9145971 2
2 18 6607315 7
33 96 4054973 6
33 70 3585337 5
18 109 5827093 1
52 54 3939757 2
22 24 9837791 2
13 96 4293319 4
45 92 5802918 5
56 80 9696117 2
59 98 8680577 7
16 23 2912100 6
50 60 3769318 1
11 96 7027987 2
16 26 8817435 5
14 75 2470716 1
4 33 9102836 6
53 57 6166704 4
32 71 5624755 6
33 78 8725786 1
80 100 527303 7
90 95 4583510 4
60 94 1903396 3
4 93 2833471 7
20 110 1078814 5
29 56 2235129 2
71 93 3076275 1
25 87 1930765 6
8 56 9872795 5
14 110 725374 6
13 98 9722861 5
48 100 6189985 2
25 29 321049 4
14 64 8545149 2
24 103 1057722 3
11 48 3661584 1
7 60 1031120 7
43 91 3830955 7
1 81 9966483 2
57 79 2835328 3
39 90 3946864 6
29 64 6108230 1
34 93 3324915 4
2 38 1538389 3
44 82 4471203 5
18 87 6984607 2
65 87 2892574 6
20 49 7513176 6
44 54 7274340 3
1 97 6929605 7
22 57 4942444 5
30 62 5945198 4
57 92 6004171 2
69 75 474292 3
44 89 9951968 1
54 108 3401111 4
91 100 2650280 2
33 87 2409106 4
11 18 1310164 7
21 49 2227804 3
20 109 8458200 3
26 87 4090120 4
68 106 218170 7
55 110 839119 3
18 107 5374855 4
25 103 4821677 7
29 81 1721689 3
50 80 4190884 6
57 68 9774769 6
12 61 5226898 5
42 56 5851927 4
10 38 1597972 1
11 58 1612966 2
65 68 5686123 6
3 89 6860469 5
14 36 8860912 5
11 105 9609986 3
29 77 2922669 4
44 77 5865946 5
15 102 5896600 4
23 51 4749945 7
47 96 5081777 1
37 65 1112410 2
59 97 6097284 4
1 100 4945817 5
7 34 4591363 4
1 10 6169656 5
28 51 9633365 6
59 81 4709686 2
21 107 3270122 7
60 109 8611016 3
4 51 5093242 5
48 78 4189996 2
17 60 5422722 7
29 60 1155822 7
20 33 6470055 6
86 92 9811917 4
49 51 1787176 5
30 105 7465508 5
67 110 4775321 3
28 45 3257326 1
27 82 6166698 3
15 94 1660221 2
11 80 836696 1
58 105 1529834 4
31 82 1637824 1
13 33 8475438 3
91 98 3453455 2
12 48 5675986 5
24 69 6034341 4
38 107 9866826 5
92 98 8499325 1
44 72 9920379 3
24 96 5372648 6
5 105 2721509 1
78 81 5261031 7
31 65 8180105 2
52 71 6464792 5
3 7 7242814 3
73 96 5165485 2
15 96 8800331 7
45 103 690457 3
41 79 782824 3
4 43 9579638 7
3 30 4785605 1
6 59 5144277 5
5 81 2363759 5
2 91 5188786 1
9 15 9408104 2
74 109 5421933 1
95 107 9133693 2
26 52 7315621 7
31 78 4905349 5
27 53 9099960 4
19 56 2174030 3
47 63 1798808 1
9 42 1260481 6
33 47 7155989 5
48 68 637953 6
24 29 4023960 6
24 70 2695956 6
30 100 4029621 5
6 64 2753477 1
3 96 9086983 5
43 62 6585858 5
13 39 2003430 4
26 96 6431160 6
33 39 9350275 4
45 61 5412956 3
2 20 9913773 7
2 15 1965802 2
62 90 4102791 4
6 65 2419362 1
20 29 7586411 1
72 84 1649963 6
50 90 1998143 2
21 56 4696475 3
24 91 9188952 7
49 74 2356016 3
56 91 1243715 7
23 98 3701628 3
70 105 7414952 6
64 82 7934040 7
2 77 9392024 2
5 32 8358470 7
5 15 9671308 6
10 105 9490724 6
18 35 960033 7
58 83 2058429 4
38 60 1741344 3
54 90 6677671 7
59 95 8460763 3
6 11 687815 1
19 37 1765018 7
14 53 7803514 7
27 30 4768172 7
94 98 3569483 5
17 58 3965395 1
1 104 163919 1
33 77 9819742 2
9 65 3688548 1
2 89 2757799 7
28 93 9634613 1
47 57 1174471 3
34 35 6880174 6
19 68 7110638 4
51 57 5351741 5
86 96 6097305 6
3 22 7661223 4
15 57 8417488 7
52 92 645569 5
61 84 7443561 6
35 40 6894319 2
19 70 2631723 6
67 98 7899970 1
90 100 4521438 5
3 60 9876530 6
35 74 8578815 3
16 63 5329207 5
28 91 8630319 7
27 91 1108907 2
29 47 1553456 4
17 70 6577404 6
59 92 5439339 6
53 92 1428855 7
46 93 7766549 6
26 48 3366946 6
63 89 3426812 6
64 89 6300155 1
69 110 5699602 7
64 74 3351352 1
50 98 8203932 4
74 94 6893315 1
78 95 591862 3
7 10 4100495 4
20 53 7751492 2
9 20 2486770 6
26 110 7209011 7
30 36 5782669 5
68 88 5578340 7
19 36 2679469 3
87 95 4347178 1
83 86 4448200 4
29 51 4174156 4
52 96 8401734 4
3 70 8602976 4
38 91 5684530 3
55 89 6128475 3
16 94 8138637 5
45 63 2768557 3
27 37 8342123 2
52 81 8122072 2
99 105 7646572 7
50 51 9535827 2
30 59 7905274 7
101 105 3299242 6
16 100 9106988 7
43 96 8352064 1
69 90 93274 2
71 95 1665731 2
14 44 523408 2
34 84 7944261 6
6 110 7685179 4
40 60 1526658 2
5 74 118928 3
17 34 9371361 5
45 47 6070080 4
108 109 6640984 3
39 95 6201321 5
53 56 6971058 4
3 34 9844667 1
41 100 6435516 5
53 79 2860258 5
44 64 2629666 3
1 51 2130277 6
30 44 6838319 2
12 92 8758752 2
30 83 8938019 1
17 47 9988370 3
107 109 7845119 4
36 47 5986188 6
68 86 7652904 2
28 96 4578544 1
16 99 8451509 2
40 95 4038299 4
83 107 8314500 4
18 95 3540304 7
41 85 749929 1
62 103 4797631 1
51 93 9926677 7
46 56 1174544 6
30 66 7044354 1
79 87 7921754 5
46 74 6690728 7
48 74 4563824 4
31 53 4336191 1
27 32 7148258 6
39 61 5324615 3
3 20 2032754 1
6 22 6610524 1
13 70 1846343 4
25 39 3618753 4
12 63 8885413 7
13 107 2337100 1
40 59 1379503 1
19 35 3644406 3
38 77 5547257 5
26 40 2390873 7
37 80 1616472 2
29 70 3457529 5
8 36 9210746 3
67 93 9160316 4
24 71 7128551 6
6 100 9104855 6
7 30 6723728 4
14 56 8436964 2
3 49 8696894 1
58 77 6055012 2
16 42 9499306 4
2 40 6156583 2
18 78 3808692 7
19 42 9941820 7
3 56 5251246 5
63 98 4588434 7
62 79 9468402 5
55 74 7218012 4
5 95 9923152 5
79 98 8917529 7
27 60 6961129 1
34 81 7606030 4
45 49 8512379 5
39 93 5554718 6
54 77 7167893 5
50 70 8908806 7
28 64 9678988 1
52 103 1418581 2
59 107 6999342 2
12 46 16697 2
3 41 1867055 1
41 58 9719885 7
16 90 9390205 5
2 12 7364178 5
71 98 5459280 7
26 105 3879101 5
36 86 5023661 2
95 103 1235131 1
45 86 504789 6
38 94 7709069 7
20 71 4350032 3
4 60 6821065 5
11 103 5903108 2
17 67 7483160 5
62 95 2726399 5
44 75 924560 5
99 100 7475006 6
80 93 1992555 7
60 89 9367719 6
59 83 8199179 7
33 80 7589221 2
39 97 8185917 5
21 98 6868877 5
25 97 4214182 6
27 100 5489741 3
54 87 8270253 5
23 105 2537953 7
29 89 6771543 7
41 76 3245833 6
9 35 1051349 5
32 79 5634977 4
2 70 938919 3
23 81 506415 1
12 87 596597 3
14 107 7795649 1
6 66 3664492 3
91 95 3970667 6
13 48 1228107 6
6 29 276359 2
48 95 1662097 6
50 56 5785880 5
24 42 3153196 3
41 96 7012387 5
45 90 4856761 3
59 64 5669302 4
12 104 8570881 6
73 107 5419029 6
48 65 9782746 4
52 107 9759386 5
86 87 3818588 4
42 53 558759 4
15 33 3414732 5
40 81 7441545 1
61 106 8801179 6
21 102 7295116 6
49 58 2647303 2
24 77 1229798 3
96 110 962010 3
55 62 1665802 2
21 37 4697048 6
56 90 4629032 7
42 87 8758927 4
36 81 9102489 3
30 73 7260646 1
62 63 8413863 4
35 51 1471077 1
43 69 4871583 1
37 90 4826175 1
39 49 5915970 6
70 89 4283103 5
17 30 7520643 1
1 11 9691170 2
85 106 3615044 4
32 105 9849544 5
68 71 3178407 6
51 55 4053056 4
7 70 5562301 1
51 58 2643584 6
69 98 3614253 2
80 92 4347443 7
8 85 366288 5
28 110 6305196 3
26 97 983802 4
66 95 9446540 5
64 68 6533710 7
77 95 4812341 4
48 88 6418130 6
26 37 4752303 1
28 100 1922748 3
70 82 7520370 4
47 92 4452493 7
20 95 2387141 5
72 87 5582134 2
95 96 7283805 7
61 100 7442695 6
5 14 6509872 1
3 109 2574594 6
40 107 6134621 4
62 92 4854625 6
61 78 6299824 3
46 69 3623302 1
11 47 3178325 5
39 41 8559386 2
42 100 6455512 2
51 92 2937018 7
63 105 3366985 3
7 73 6784726 5
18 25 3578669 4
4 92 6425562 3
72 81 9318046 7
70 107 5210028 7
21 96 7572859 3
21 38 80733 4
3 92 5528246 1
35 96 3919900 3
79 91 7929700 1
37 58 8990087 4
33 93 5373441 1
11 33 6757278 1
3 66 2581051 1
85 95 2840731 5
27 61 3252017 6
15 29 6119374 2
58 80 9201963 2
21 100 865163 5
71 91 7403661 7
79 92 4272902 4
32 36 4792790 5
44 45 8636684 1
28 90 5834673 7
66 100 8106551 5
21 110 712145 2
68 100 5931244 6
41 92 7189717 5
34 71 1662024 5
32 65 5011230 4
8 79 9498786 7
84 100 1512149 2
7 92 6186164 2
54 72 8696040 2
14 74 5600177 1
13 40 1609087 4
47 53 5364570 5
48 64 3382769 5
5 90 6712783 5
42 47 4822335 1
23 64 3813819 6
41 90 6193057 6
39 89 1975937 6
34 95 9728344 2
47 81 5350569 1
27 96 9214806 5
42 109 6379093 6
3 74 179100 6
61 98 2434874 6
71 80 9381667 6
42 81 6883824 4
3 10 4687452 4
77 82 1225358 6
10 97 3808071 2
61 65 8512225 1
65 95 9191141 1
7 41 6001241 1
44 83 6658689 6
25 67 2479797 2
14 105 7634459 1
14 89 3654319 3
19 58 7010859 4
1 24 4038421 7
89 90 4386416 3
3 44 7889948 1
75 96 8434916 6
67 95 8108219 6
24 110 144964 3
18 28 3247208 3
77 90 5582961 3
31 103 9772164 1
24 30 6916840 1
62 65 2149917 2
27 56 3824343 1
27 89 9258745 3
4 10 2573410 3
18 52 6154700 1
82 87 5458162 1
54 68 1523109 7
25 90 6541090 3
33 81 4645523 2
53 63 2473389 4
80 88 553703 3
4 5 9392037 3
61 96 7340107 4
36 80 1442088 4
74 98 7631868 7
14 77 9742909 5
29 80 7859964 6
46 92 8111215 7
30 49 6061811 3
23 76 9725775 7
56 94 8469592 7
71 94 3608275 2
76 104 2220132 5
71 107 5151205 7
26 98 6666245 3
57 64 2511009 3
27 106 5108184 4
53 87 5493412 3
6 98 5325470 3
57 63 200874 7
6 77 6910565 7
6 57 6308006 7
53 98 9383104 2
8 77 4188945 6
18 98 1494252 7
27 35 7450268 5
21 25 8358100 4
1 18 7356218 7
35 83 1550676 4
11 35 9534774 5
4 36 127172 4
6 97 6005906 3
9 98 4395529 5
22 40 86017 6
12 79 4052187 1
77 81 7307043 6
47 61 6622016 7
16 25 5140258 5
9 56 5446070 6
40 105 316714 5
29 38 7163915 2
81 82 5338261 3
32 109 4941502 3
96 98 177447 7
76 90 4969665 5
81 97 9773081 3
34 107 1327866 7
5 60 7837955 6
13 109 7161017 3
42 76 6523843 6
54 103 4144286 3
54 70 5570955 6
14 47 682181 1
36 68 3260639 7
46 89 8748984 4
40 41 3019313 5
61 67 8249759 2
76 86 7566647 7
36 79 7053717 2
30 110 1242760 3
21 103 4723193 5
51 70 460816 5
57 71 1906310 3
27 42 5233443 7
22 43 7919424 5
84 95 2683364 5
27 77 1058159 4
33 58 9083831 3
84 85 3902711 5
52 65 956958 4
19 81 4247521 5
65 105 9104899 6
24 81 5420201 5
57 85 2178957 7
11 73 9796700 4
50 103 4668919 7
6 67 6955594 5
90 97 1409116 2
4 45 7908408 2
71 77 4771003 1
60 105 4725396 5
48 81 978716 5
2 30 4015515 3
39 70 7925248 4
8 92 3967203 1
19 92 2613838 7
65 82 6418661 2
52 85 2153919 5
13 37 9191308 2
26 43 1746586 2
33 88 4737085 3
6 55 6891214 3
28 65 1566878 3
34 76 3866714 6
75 98 4748370 6
11 22 3010977 4
69 87 2904013 2
61 64 571511 2
15 44 4261460 7
11 27 369661 6
5 47 984309 6
19 87 7749368 3
40 109 8897833 5
54 79 4192827 4
13 18 5341941 1
65 96 6257767 3
24 45 1659014 6
77 98 2965719 4
85 97 7298650 3
69 70 2322018 5
9 105 9466049 7
6 14 2174421 2
15 87 6854172 3
2 57 1155043 3
57 80 6889751 3
90 98 4127890 3
58 72 7748149 4
76 98 9580465 1
33 103 5770724 1
34 87 6924782 5
17 95 764241 5
29 53 8912877 2
7 58 3522469 1
27 36 6467362 2
83 103 2554956 5
79 94 6969381 7
53 59 8462853 1
69 96 3924410 1
68 90 3461889 2
5 80 6077010 7
22 92 6527971 4
26 95 9733467 1
75 87 9525028 6
24 33 1430300 3
50 62 5033070 2
28 99 9321548 1
94 97 7870253 4
36 38 8936499 5
65 75 9592338 6
12 56 4964407 2
34 57 7276319 7
102 109 604775 5
73 99 7659989 6
10 96 847898 3
42 105 5344686 3
11 40 9132342 7
2 14 7448199 4
3 13 6332899 3
25 65 8163745 1
1 16 5830389 3
3 73 8926378 4
23 87 4443507 3
54 105 790562 1
37 46 1417281 7
22 100 7063635 2
11 70 5709459 7
34 92 8658455 7
16 92 1232775 1
90 94 3367689 6
83 100 4458269 6
10 62 8151506 2
34 47 4150162 7
26 28 4748693 4
41 77 9953280 4
74 105 5928710 1
39 46 8305269 1
23 77 5782491 5
83 97 9131494 1
44 56 1556398 6
19 110 5234234 6
40 71 8741440 1
49 71 4873808 1
8 71 7045581 3
15 56 5738592 4
37 96 1389362 7
66 109 5895742 4
72 92 6520934 2
34 65 7384588 1
21 45 6091768 4
97 105 7207748 4
41 51 6017382 5
12 36 8152412 2
7 23 5155526 1
9 64 885255 1
37 105 3719712 6
70 100 7344226 1
54 98 2042139 5
64 98 7205623 3
28 39 8396641 5
19 47 1002512 4
43 52 8490242 7
5 79 1809821 5
37 38 8435887 5
11 21 5631013 4
24 37 8577932 2
36 108 6985630 2
35 50 3944893 1
4 13 7914576 1
13 105 9361314 5
61 90 4721126 3
22 71 7919696 3
20 34 71639 2
10 95 769118 2
32 108 5655933 4
90 93 2825649 6
24 94 2197916 5
60 85 4202329 5
14 37 5225428 5
20 105 4078390 7
10 64 4476754 3
30 65 4341639 5
7 51 7771564 4
2 17 7216039 1
73 84 7502659 5
73 92 8129914 6
18 60 7343080 7
81 105 83736 1
32 41 2382983 4
46 80 8756275 7
7 97 6874942 2
14 67 9949187 3
34 109 1642329 7
72 94 2806197 6
5 35 5857001 3
2 37 5382434 2
56 75 4868965 3
55 60 5318501 5
60 96 138825 4
63 82 93901 4
26 27 7150787 3
17 99 3970679 1
31 38 6630239 4
28 98 5130917 2
58 95 930719 5
107 110 5431866 6
7 96 8791866 2
21 75 8025510 3
58 63 8868808 5
77 96 5368254 7
74 82 2237626 5
18 51 7005554 2
82 110 667685 7
38 45 8831237 4
91 103 8067192 5
13 95 174859 5
22 46 2201537 2
40 52 4963868 4
37 55 6007148 3
30 81 8062659 4
11 37 5917913 7
86 88 2732188 4
73 98 954261 5
16 59 286482 5
11 91 6382935 1
31 97 1327840 7
89 92 5871060 1
35 44 4167873 2
9 97 1909237 1
62 105 485743 5
10 40 2960554 5
53 101 4934847 7
3 38 195555 7
15 39 6570015 5
12 71 3158544 2
36 65 6362993 6
43 67 9658820 1
7 64 5688986 5
56 92 5015546 3
7 8 2401585 7
42 93 7552263 2
10 17 1128027 4
19 33 5698402 3
38 75 2478294 5
40 62 773228 4
37 60 7616620 1
63 77 3285179 2
78 93 565570 3
8 11 4655220 7
84 98 3327055 6
21 95 198085 2
71 85 5815973 7
13 35 1340415 5
33 83 5737094 5
55 93 5094394 5
32 53 4858340 7
50 59 5623959 2
19 25 3483170 7
90 110 9653299 5
69 94 3144749 4
6 8 2138976 4
67 80 3312068 7
37 56 7336998 2
70 71 3946996 1
63 87 7070766 2
91 110 5551674 3
57 87 7029982 1
31 70 2300110 3
19 84 5616861 7
54 107 7523818 6
93 98 5942591 4
44 51 3436867 5
4 70 8162360 5
19 27 6090780 1
24 60 3590837 6
10 44 8695106 6
57 82 3301672 2
64 96 280875 7
41 105 6023493 1
90 106 6621025 7
7 55 5804940 2
31 54 6499809 3
96 103 8569758 1
68 95 3340351 4
5 83 5170553 7
78 94 6871848 3
64 91 5771776 4
38 70 2368215 6
53 60 3418282 4
13 92 1935856 7
31 45 7329610 7
42 59 3056338 3
62 98 3719399 1
20 51 2262133 3
61 92 5312951 3
9 77 9372473 6
6 85 6338985 3
62 97 2302162 1
53 65 4828962 4
3 81 2237144 2
90 99 58814 1
59 100 2373938 3
95 110 5787790 2
58 110 6965607 6
25 63 6898153 4
7 93 9289734 6
13 27 5085845 5
9 110 6402644 1
57 109 9998001 4
6 108 7740078 5
11 78 428742 3
67 84 7137552 6
104 105 5800083 1
25 47 2065016 7
44 91 3524185 6
22 89 7936521 5
22 99 3261464 7
6 87 1936241 5
78 98 5496994 5
21 46 1212195 5
76 95 7853463 5
8 15 2531619 4
89 106 1909649 7
1 25 4723126 6
48 79 6123121 3
97 98 6553114 7
37 87 7409463 6
65 73 3623248 6
21 35 1723764 6
14 63 4399698 6
44 107 850329 4
10 101 7624572 5
71 105 572320 7
76 94 5064464 7
46 99 7653362 6
68 89 2785513 7
43 60 4679748 7
38 58 9980458 7
21 29 2832896 1
50 81 5370191 3
84 94 3577448 4
77 92 3400055 7
12 27 4493975 6
6 10 2009651 1
13 60 3089872 3
4 24 3337379 3
51 74 380838 6
28 70 5935689 4
22 106 5635419 7
63 71 883790 4
6 47 8519519 1
69 83 5608766 7
28 40 9859467 6
36 70 1248835 7
7 36 9919482 1
46 55 964675 7
32 98 6046748 2
3 64 7021668 2
22 73 3585588 7
37 45 6427535 1
17 75 1415461 3
1 64 5252030 4
60 77 3852378 1
88 89 6010522 1
17 71 2359048 1
49 97 7460223 1
30 93 5376638 5
52 60 4106761 3
66 93 6626559 7
84 90 447735 3
78 87 6980442 7
7 16 6134565 6
36 69 6968628 6
14 45 7202161 3
102 105 4846575 1
32 76 4317644 1
44 88 6140196 2
8 29 8019662 7
54 64 2916882 5
16 64 1847381 7
48 93 4960002 5
3 103 4642745 6
57 74 1207600 2
1 20 5574134 3
15 98 8940339 3
38 87 5056235 6
17 79 3784998 1
19 64 7446833 2
57 108 5778012 3
7 98 5737457 2
21 89 7478506 7
16 85 9724666 7
4 41 1764610 1
78 103 1991588 5
74 85 4137411 7
31 110 6044154 1
9 53 5002478 7
53 64 459717 5
66 74 287673 3
37 86 9394158 4
83 93 4653442 4
77 110 8869593 6
14 79 1980579 4
81 84 3624980 3
37 81 7072710 6
23 29 7960795 4
23 27 3515964 3
86 97 1576417 3
37 51 9946520 2
89 109 6149535 4
63 65 5125854 6
54 109 1954988 5
35 56 1343990 7
32 81 1844673 3
45 105 9668880 7
10 109 7311071 3
15 105 3397773 3
43 93 8318575 4
18 65 2606773 6
14 34 5526863 5
16 105 1043172 6
11 46 3192587 7
19 83 3744165 6
20 96 4965837 4
73 93 8892839 4
50 65 787182 1
40 89 9042659 6
18 86 4362564 4
63 100 7497842 2
1 27 6622304 2
49 59 7623358 1
19 105 4149594 1
34 58 6465576 5
60 87 7327903 3
39 105 8346789 4
52 100 9929567 5
26 77 6466420 7
8 100 7267878 3
76 96 8879718 7
60 80 6827901 5
40 55 1371159 1
21 68 6494734 7
49 79 6552052 6
10 58 1359774 2
17 106 2932395 3
2 21 3961981 4
56 109 1282379 6
29 48 4456377 4
61 74 6382434 1
9 25 1250954 6
10 63 7433047 6
3 99 3870605 6
11 44 8514293 7
41 52 7414142 3
19 44 6970680 1
44 70 157237 5
32 74 2000987 4
49 105 4513479 1
1 55 797542 2
29 84 3020412 7
32 78 5842297 4
60 90 9010168 1
17 88 7623170 1
7 20 8944332 7
1 110 1212904 3
31 92 8607447 3
3 15 9931991 7
14 81 5105381 6
56 105 9487692 4
24 56 5393345 7
12 51 6861013 2
3 77 6497062 5
76 107 7994600 4
79 104 7038521 4
25 80 665599 2
45 106 1212444 1
9 80 4107977 4
61 80 1583789 1
37 110 1753431 7
43 99 2432806 4
23 37 6296143 7
17 101 1727387 2
31 68 4316305 3
75 89 130795 6
19 61 3295170 6
16 98 6699754 4
9 10 5099102 6
32 48 6458528 7
67 90 6967692 6
19 28 9622522 7
31 36 8980263 2
38 74 7650671 2
57 94 132864 6
97 99 7848973 4
23 52 9632690 2
38 68 3519433 1
89 105 1449082 7
74 87 903562 4
76 101 5749287 1
77 78 7998434 3
83 87 9523908 2
28 77 2286618 6
11 30 5543222 6
47 108 3549239 7
49 72 8979173 7
59 90 2327420 1
24 27 8544738 6
41 98 5647317 3
80 109 4674262 7
49 94 284274 6
38 56 5427182 7
6 90 7119651 6
9 86 3430269 3
27 81 688653 3
56 96 4426077 3
76 79 8120784 4
22 105 8717737 3
19 40 4431148 4
55 105 8959605 5
25 98 8642188 4
29 61 4771414 6
85 92 2441869 3
2 110 7116547 2
30 35 3181340 3
88 97 2842626 1
28 33 6077813 6
23 61 4681505 3
61 97 3772450 2
49 53 2153448 5
88 96 1773892 7
38 109 1889440 4
70 90 3570060 2
7 42 3944330 4
44 71 9114060 7
15 51 7963062 3
22 52 6842849 6
45 95 5177808 6
11 38 5632542 6
19 62 9015210 4
17 64 3430603 7
32 93 7250894 1
52 56 4645494 4
16 34 5321836 7
76 105 4867272 3
26 35 3387242 1
44 95 6418564 6
25 75 3569019 5
55 64 2448562 6
29 37 8306167 1
89 93 2150391 3
3 87 7719003 6
42 102 6636478 4
6 27 5885813 7
45 109 704010 2
87 92 7968410 6
15 65 9666122 3
5 96 442878 4
27 92 5990310 7
7 61 933185 1
11 95 2033999 5
9 40 1213574 2
17 41 2526435 1
64 90 8158798 5
39 63 1450941 4
31 76 2177780 5
40 46 1435504 3
17 82 5642075 1
38 98 485531 6
33 64 6602573 6
17 110 5872743 3
14 15 5294193 7
76 81 7915822 3
64 95 3256938 3
93 105 9602247 6
27 109 1097429 6
45 81 5346950 5
77 97 4443996 6
55 90 749877 2
19 51 8613973 6
58 87 6725014 4
93 96 2172451 4
6 106 3031553 1
2 4 7235407 2
16 107 9668980 2
34 72 204426 6
25 107 3984513 6
10 66 8087958 3
34 110 4116596 4
50 92 8114433 2
48 92 4148882 2
25 42 4341686 5
8 78 7690788 5
41 66 1799509 5
4 46 5381190 4
13 64 5392157 2
71 84 9421192 2
21 87 5148184 7
44 98 6523258 7
22 47 1935451 1
68 92 1615461 7
51 53 6906922 3
19 77 9194187 6
66 87 4622075 2
30 61 9774970 4
73 86 4129292 6
20 58 7205345 4
75 95 6963993 3
15 53 8878631 7
83 85 9016475 2
13 84 6614056 6
54 104 2484984 3
41 74 7683557 7
30 87 844136 3
18 46 6611463 4
48 110 8786647 5
40 87 3423757 6
53 58 4133126 4
7 53 1667328 2
22 95 2094454 4
65 107 2399865 3
77 107 1128894 2
57 97 2730821 7
24 61 874019 5
53 110 9422801 1
25 70 537697 4
60 97 5796358 3
20 38 5174786 2
3 59 2550810 5
25 88 1590424 3
79 101 4999855 3
29 87 7093755 6
37 109 3596190 3
6 72 4058954 4
48 96 2009194 1
3 33 7690994 1
1 21 1232769 2
19 21 577044 6
1 58 292148 5
62 73 1491050 4
82 92 1252442 7
57 67 7355874 3
28 60 9054808 5
13 78 8284200 2
21 64 1008537 4
41 63 1993597 7
1 4 334389 7
7 24 434304 6
20 92 1313768 5
24 107 7121136 3
5 10 9459342 5
57 78 1574053 3
39 68 8675749 6
35 64 9133849 7
7 44 4998212 7
10 21 438639 2
61 71 1010973 5
12 91 2764086 1
39 98 4051284 6
103 110 4967141 7
19 60 2442086 1
88 105 3857795 6
46 100 5078226 1
32 95 3231124 7
62 81 885819 1
21 30 9268390 6
51 106 733877 3
25 100 3166904 7
56 98 5016945 2
36 77 3291868 7
45 100 8452328 1
5 20 7545565 6
43 88 2242100 7
62 82 384697 5
76 83 4704591 4
40 58 7964266 7
27 40 6934987 3
11 34 1807916 4
81 109 3006042 4
23 33 3878512 6
28 53 4234946 6
82 100 7703834 6
36 107 8490557 4
62 64 6659672 2
67 100 7087632 3
9 95 2223611 2
7 95 2197396 1
48 72 9819478 4
10 87 5561225 5
34 90 8910000 5
68 84 5856500 4
9 39 9874860 6
22 81 8973953 6
13 30 4972929 5
92 95 7467619 2
21 65 1655497 5
3 61 4724110 6
1 84 4786351 2
59 65 3078248 2
80 95 2048056 5
57 90 9715561 4
65 100 3482183 3
6 51 7682707 6
18 66 1196040 1
4 84 7369913 4
54 110 1605606 2
38 101 5285715 4
28 59 1061884 5
82 102 6059408 6
52 89 8044086 3
51 96 7307101 7
26 57 5249967 4
6 20 9492690 2
68 79 2962563 5
74 80 689101 3
40 110 5473011 7
36 96 316888 2
61 70 9858431 2
27 57 7520990 2
80 110 7678902 7
45 46 2897941 6
102 106 9486058 5
43 63 3851306 6
35 58 6593552 6
46 70 3042529 5
17 81 8942557 7
49 87 5664393 6
36 56 7757448 4
3 107 3535215 5
32 107 2557891 4
68 78 7832160 4
44 47 648765 6
37 57 7922565 4
25 58 2439244 2
11 93 4694140 4
28 57 9150723 7
67 75 8380645 4
31 81 4190670 4
23 56 6926007 6
50 77 4860238 3
92 104 2363938 2
47 83 1007722 1
73 75 8337387 7
73 89 2697195 2
33 84 7285961 4
20 39 4387333 7
2 90 6574900 4
84 99 7010612 7
34 36 7882179 6
9 108 1371153 5
38 95 6561072 3
13 90 4593584 7
42 46 1316541 7
60 92 4333523 7
43 92 6248233 3
11 92 1392679 5
4 22 8582713 5
11 102 9981601 4
69 79 4091273 5
12 70 8601080 3
46 53 4306624 1
76 103 2441199 7
9 17 1556931 7
35 110 8802295 7
38 84 215316 7
44 76 7622705 6
60 91 2248926 4
1 60 1750851 2
47 90 8361185 7
25 93 4575246 4
29 46 2989744 7
8 87 3129489 5
9 60 4854294 4
59 87 2244737 4
57 105 2971256 5
24 39 685549 6
85 93 548009 4
12 109 1226890 2
49 61 6266053 5
62 76 6934503 4
37 91 2838729 4
50 76 5540440 4
10 110 2481003 2
61 77 3674328 3
10 70 226246 3
35 82 2720942 5
36 90 1319219 5
26 60 79351 6
33 51 938718 5
3 17 5507341 4
57 103 5940639 5
69 71 7709124 4
52 53 7178429 7
10 36 7147542 1
73 100 4398950 4
59 67 3448018 7
15 58 6986588 1
99 110 7343581 5
22 79 3573855 3
13 16 665764 6
5 110 6763903 7
10 35 1150880 1
14 70 6955562 4
66 84 5712531 1
72 106 1849088 7
25 74 6223232 6
7 79 7362055 2
7 11 3420065 7
32 97 4746534 4
2 106 3514318 7
2 63 9467677 2
2 83 1817515 2
80 94 9829844 2
27 58 6518668 6
63 97 7604807 4
30 39 4300172 5
102 110 5203712 4
24 38 4796973 1
33 56 849627 7
6 16 543212 5
55 57 2896958 5
6 96 4306065 4
39 66 1143624 5
100 107 23038 2
36 46 6426012 4
4 71 154136 3
87 93 5223555 3
10 45 8222806 7
40 42 8627329 2
99 106 4714086 7
21 90 3063232 4
47 80 8868043 2
2 27 9121999 3
13 38 4118643 5
19 97 9304279 7
39 58 1675693 6
68 74 1024175 1
30 64 4620813 5
59 70 4031892 1
2 87 5145160 7
47 93 3084302 5
19 90 1049277 6
108 110 662738 4
15 46 4291565 5
87 106 431323 7
29 39 4281282 6
43 90 7690447 1
73 94 9766342 6
44 94 379605 7
66 71 3497250 7
9 18 4457819 7
32 91 107144 2
20 98 7651855 3
21 52 2601612 2
26 75 64336 1
50 95 9841009 1
70 101 2573709 7
13 51 7853723 5
54 88 4824837 7
19 78 6173828 1
74 96 449849 5
17 40 2735752 4
33 37 4469180 7
30 48 5018171 2
82 97 9435550 4
38 96 9914512 4
22 98 1044176 1
33 46 576114 1
14 59 8162469 1
49 65 9887299 3
64 67 2190614 1
98 110 3602280 1
43 56 6924537 1
94 96 9470833 2
45 110 6840725 3
32 90 7423040 1
62 68 458596 5
64 65 8624069 4
7 56 1243509 7
22 45 8118976 5
12 39 2533757 1
9 79 1294517 5
2 58 999594 1
21 105 7568534 2
27 107 4629695 4
38 42 2885619 5
12 37 777626 2
1 99 4751721 6
49 60 8705573 2
16 40 2206046 7
56 81 309663 5
11 94 6357003 4
31 60 7213767 5
56 70 6753617 1
38 40 6157129 6
4 98 992267 7
40 51 9772756 1
11 99 4217106 1
6 44 6430132 6
47 95 4707785 3
103 105 5790126 4
51 90 6538755 1
31 90 9170766 1
24 99 2997507 1
34 105 952153 3
40 100 4167988 7
92 107 4760849 6
47 87 3359151 6
76 106 2939536 1
4 110 2443047 3
31 32 5468488 2
55 100 3939874 4
6 105 544474 4
18 56 2826213 5
4 94 6104202 4
73 97 698637 3
32 110 7166711 6
50 105 4840136 5
23 58 5596488 2
40 98 8839824 4
58 99 5431611 1
45 64 4155576 3
41 47 5804233 3
8 81 5066601 2
66 89 9017128 5
8 93 7854593 4
42 70 9692849 4
59 99 8967495 1
34 64 2727434 1
2 81 6772880 2
45 77 339443 2
69 74 905659 5
54 96 2828703 5
30 40 5069665 7
23 94 5785490 5
63 96 6297879 4
39 103 3181248 3
76 92 3115222 5
27 98 3706379 7
33 36 3519338 7
3 105 5889025 7
10 68 2275493 3
55 58 3606452 2
11 107 2139773 1
15 89 3851802 4
58 90 4158973 4
28 62 6910989 7
47 71 2324916 6
1 33 6923950 5
86 98 9725609 6
86 93 9731730 3
24 40 7984854 5
30 77 8901365 1
23 96 2848575 4
66 110 8201753 1
27 97 224382 1
27 63 8163540 3
55 103 2248607 6
41 107 9709156 2
56 99 8056800 6
12 84 5375177 2
2 46 2480509 4
31 56 7656248 1
27 47 5402249 2
78 90 3573515 5
32 96 2825707 6
62 96 733174 4
84 107 957709 5
3 90 2905025 5
27 95 8327742 6
20 66 209488 6
11 90 887881 2
13 47 9167692 3
66 77 759699 4
9 55 6500333 1
27 87 5257923 1
46 60 6800361 6
1 15 8082926 6
60 95 5527734 5
31 64 8046489 6
69 81 3648260 1
27 67 6088942 6
1 94 3034238 7
61 110 6825108 6
2 55 7614297 7
44 110 9734194 2
74 78 3574112 7
17 18 9566067 6
12 80 9999910 7
26 32 3164319 6
70 92 8849299 4
49 64 6844384 2
34 102 8240150 7
94 105 8137566 4
8 14 7017787 7
5 40 4525988 4
24 47 107129 1
33 94 3800758 3
16 22 5009592 3
31 58 8103715 6
46 54 3959095 2
40 68 1858524 4
46 64 7590590 7
15 97 1894158 2
55 65 1319123 7
34 91 1699232 6
65 104 9616402 4
9 13 8600094 4
52 87 4160743 5
2 82 2299084 1
105 109 9950792 7
56 85 4223853 2
83 94 6546726 6
14 87 6719353 5
4 25 5850289 1
39 60 6011632 7
57 61 551202 2
35 43 8440476 4
26 93 8041850 7
83 95 7234783 7
7 59 31786 1
42 99 8711919 7
23 62 5244934 7
66 97 3289013 6
55 59 3836384 2
9 41 8627450 7
102 107 4552571 5
17 38 3392806 6
33 105 4693863 3
55 71 5620578 5
48 80 1282065 1
76 97 3133351 2
11 101 3074454 1
38 57 7462127 7
65 85 7315357 3
37 98 1599518 1
2 13 8570724 3
66 103 1891688 6
56 61 2109736 6
44 103 4881136 4
54 60 299591 1
53 107 1325173 3
41 64 6116803 2
5 27 7991437 2
98 99 868353 5
63 93 1570312 7
32 58 6241650 3
23 48 6118446 3
25 36 1152073 3
55 108 2643500 6
28 36 7174724 7
52 57 800354 7
46 87 2791643 4
23 67 3990545 4
58 98 6469245 5
8 63 4399770 4
43 65 1543941 7
64 76 38569 5
61 69 4531145 6
8 95 1892480 3
69 72 815505 4
41 55 9527896 2
18 21 7648322 2
7 28 7489735 4
28 56 3733544 1
42 106 6514858 1
53 70 2410552 5
14 82 586454 2
27 59 7207329 5
72 96 2036999 7
26 58 7676528 6
59 79 630936 5
71 97 2664869 4
16 95 8286323 6
54 102 2440136 2
79 95 4912290 7
18 39 6113835 2
47 70 5638552 1
13 29 9168146 1
51 63 1867245 1
2 34 8392184 1
39 84 2840509 2
46 96 5932461 4
4 29 7754241 4
38 53 7019848 2
26 29 7118104 1
15 77 6753810 3
28 84 7461942 2
17 100 6667438 5
12 77 8540216 4
19 93 6598591 6
30 47 5159066 1
63 70 298724 4
10 22 9107397 3
46 72 8645553 2
9 16 3897258 6
5 33 7861540 4
32 33 6988470 5
52 61 5708526 7
22 110 8439785 2
13 65 6606580 3
44 48 7080241 7
11 77 2181019 5
23 47 1164479 6
54 92 2422039 3
73 87 5197177 4
25 60 3922476 7
36 110 5663334 2
9 21 1280620 5
42 51 3009145 5
20 94 7951110 3
27 45 528054 5
12 81 803184 2
1 90 6384831 2
23 57 3974731 3
75 108 5551598 1
97 108 5843382 5
51 98 9541070 2
92 105 6518349 6
5 16 4139908 1
39 87 259155 6
6 31 7329689 4
11 87 3717387 6
27 85 8812794 6
45 87 15295 4
51 95 1822067 6
20 27 2003036 1
18 93 7582637 6
27 29 7468154 6
12 15 5185155 7
11 61 861304 1
7 47 8011864 1
74 79 4849810 3
38 49 4119823 6
92 97 221336 3
10 54 1188050 7
70 84 8666620 7
62 70 2970014 2
56 100 9648724 3
81 87 299793 7
33 109 1169069 1
27 105 4616941 7
18 82 4718557 3
44 79 664073 6
19 98 4182648 7
46 71 5980195 4
66 96 6950480 3
10 20 4104566 1
5 100 4694079 4
21 78 788956 3
39 64 5540026 3
75 79 1098196 5
27 49 6596692 7
56 107 5927265 6
74 81 6983695 1
12 98 9360895 7
1 57 1565796 5
55 66 9309260 2
2 100 5449279 7
33 60 6714437 4
6 99 5245236 1
2 29 4422638 6
31 47 5499612 1
8 52 1003285 2
51 100 5016029 1
20 77 1381172 5
60 110 9169327 2
7 81 8934052 1
59 105 697315 5
81 94 5111186 4
29 93 8987075 3
1 22 580384 5
18 79 4683372 3
80 103 7072839 5
4 95 6829326 1
7 65 1493622 5
5 86 3237688 3
8 33 1768483 2
38 99 7996478 1
40 69 5353139 4
48 54 788565 7
3 68 4611525 6
5 53 6146226 5
18 33 8946698 5
20 67 5461212 1
57 100 6016068 1
12 47 7756406 6
5 30 4567816 6
29 36 6891955 7
40 104 5721899 5
16 33 4374802 6
5 52 7636740 6
21 27 3215540 3
23 60 8197275 6
16 81 783984 6
46 81 545946 1
47 60 483910 7
9 23 1764887 1
23 55 4611699 7
18 74 9228374 1
88 100 1923838 6
1 68 6134263 2
56 71 939127 4
68 76 9462700 6
3 25 2025356 7
13 68 5322253 4
13 43 1928149 5
48 109 4180598 6
27 48 8082517 5
10 56 5131391 1
36 53 538834 3
21 42 7110118 6
7 52 6948870 3
17 61 2751228 2
28 35 8298575 3
19 80 7037850 6
18 19 6197256 1
5 63 6490299 6
3 6 43470 4
3 71 2559595 4
59 85 4521963 2
12 14 8007171 6
81 89 8342115 4
23 84 317539 2
14 49 512205 7
39 100 6061653 1
28 46 9060756 6
13 74 4902336 3
54 81 2527677 1
34 77 2655533 6
86 105 7920832 5
5 77 6001161 7
43 71 8521485 1
29 90 9056066 5
54 63 9583830 3
85 89 8855210 5
2 98 56759 2
60 76 2259270 2
26 42 1441496 2
14 25 1051294 1
52 78 5402373 6
10 83 3523539 6
84 93 7023344 2
13 81 1507714 6
51 64 3110740 4
47 98 8696860 7
41 59 5274381 1
23 71 8006016 2
34 97 1099350 4
3 37 4456232 6
65 93 530814 5
20 36 370137 2
90 105 5532194 1
97 106 35062 4
92 108 3732542 1
10 94 454058 7
9 99 2396614 3
43 103 5915144 7
30 68 5111966 5
25 95 2490923 7
20 86 866301 3
39 99 7020240 2
29 76 2127123 5
6 21 8867989 1
29 79 8730566 5
37 70 4521336 6
49 67 4821931 6
46 57 9332472 5
43 75 7785448 5
1 89 7086216 7
18 80 1607583 2
24 95 1860050 4
3 95 9373621 5
28 103 7821733 1
64 109 7195048 6
15 93 7873872 1
66 90 6671837 6
79 107 2630752 3
30 95 8227586 4
20 70 9191684 5
45 71 753476 4
32 77 8539304 6
46 59 6972061 4
45 59 9502857 4
10 32 2536422 5
7 78 4122943 7
9 100 5640619 1
40 103 9654385 7
52 98 9758356 7
49 96 6452691 1
36 93 5208054 3
1 65 5721904 3
18 64 9541116 4
29 67 9575882 2
31 33 290054 3
49 98 8524314 6
12 20 2423732 1
65 77 790275 1
4 47 1622736 1
1 66 2070330 4
16 18 6431936 7
39 82 9147576 1
62 89 5477238 6
57 98 4986868 2
17 93 6450195 1
19 39 8978414 4
41 43 5049112 1
105 107 6908464 4
18 38 5111145 2
12 75 4851101 2
10 84 2157489 2
86 110 8692109 1
31 80 7882638 6
7 22 7018212 4
72 80 9059002 3
83 105 5759167 7
68 82 2452488 6
36 40 8600097 3
21 47 720127 5
1 80 9516323 2
19 65 7473158 5
59 80 5978419 6
56 93 4328468 7
46 77 7533421 2
57 77 918867 7
27 80 3335519 5
20 40 2714651 7
13 87 2551034 4
5 18 1986319 4
43 77 9031493 4
17 37 5889262 4
59 84 6676901 5
7 80 379903 6
40 92 8696398 7
43 74 3432787 3
1 74 9647421 3
40 67 5437560 7
26 46 3603168 3
18 105 1799685 4
67 78 2688134 6
80 87 1463009 4
44 93 3982731 1
67 82 1670776 6
35 71 4584475 2
42 92 8389447 5
41 101 7923323 7
15 64 8662126 3
4 15 2126758 4
93 110 7166664 6
22 87 9241292 7
46 91 6129053 5
97 107 1924575 5
3 11 792086 5
60 98 9452104 5
53 106 2416482 3
24 65 9928303 4
37 107 5098767 3
12 33 5822705 3
15 35 9240785 3
25 64 9700672 7
8 80 9339896 1
34 49 529161 7
89 100 9392923 2
2 107 3515787 7
72 90 408722 2
36 71 5169874 7
52 77 7094316 1
81 96 4390826 1
34 39 5599746 2
17 33 4299389 6
65 76 2296485 2
94 95 5656867 5
25 81 1434034 4
25 105 407987 5
8 104 9058050 2
58 96 2562992 3
2 71 9651197 6
6 48 7019714 3
16 68 6895177 5
19 94 3997400 5
74 99 3382521 1
48 89 2868532 7
25 85 5864527 4
10 82 1676237 5
39 56 9057410 1
32 67 1168555 4
86 90 1761242 5
52 70 5473009 6
31 95 2057939 1
47 110 8411705 4
43 94 5216853 3
15 27 3512870 3
48 60 3123209 4
34 38 1526564 4
29 65 3369071 5
3 65 3231882 2
1 70 4813204 6
28 37 7323297 1
7 37 4001565 6
70 94 585635 5
21 62 2742320 2
65 70 6108111 5
14 61 5556736 1
43 95 9942087 7
9 22 2548435 2
16 51 5733146 7
69 82 7113861 3
46 110 644672 3
26 45 7768120 6
54 65 4665413 7
42 110 5274129 5
37 77 474070 2
18 22 1937540 1
27 65 9125263 5
27 74 2501465 7
77 100 7914596 4
31 63 5337876 1
65 110 2058979 4
15 26 3787819 2
61 107 2241719 1
47 107 6180567 6
14 39 1284581 6
78 79 4293385 6
48 101 8859542 2
31 105 6391777 7
53 89 3783445 5
40 53 6308552 6
21 36 6436123 7
68 96 3637505 3
21 53 4186564 4
64 106 3482061 5
16 27 8358614 3
23 92 4182137 6
33 74 4022968 5
10 79 6476159 2
69 107 2966400 7
74 101 6197839 3
42 82 9082599 1
54 89 2251819 3
78 83 2718050 5
15 52 4543948 7
17 98 9938238 5
66 99 5698254 7
45 53 331769 4
10 43 5534298 2
29 42 3269871 2
44 53 4570253 4
41 45 6822886 3
38 71 9826045 2
72 77 2246767 3
59 68 4152018 1
2 97 9677787 7
8 90 774256 3
43 70 5056941 3
51 89 5683000 5
6 56 8070968 2
64 70 7709069 7
36 74 8039364 5
32 38 9611420 3
67 109 4829269 2
18 44 6912359 2
58 107 7153994 4
35 106 9905112 4
11 71 1146671 1
11 89 9143343 2
29 100 7639122 6
17 94 7101880 4
80 98 1297825 2
16 71 819925 1
79 82 7959980 4
75 104 5518681 6
20 42 34372 2
75 85 1064493 2
35 81 7882158 7
40 80 4045697 7
12 105 5278096 5
12 29 4182066 1
75 90 4722857 1
53 90 1593482 4
27 75 6911518 5
35 47 4640808 2
14 16 1879233 6
33 82 7700210 5
12 53 5117941 4
15 92 1576199 6
85 110 4379943 3
36 42 4091997 4
63 95 5009602 7
87 96 7020515 4
8 98 4916642 6
70 109 4286153 1
16 60 4218421 3
14 106 8777111 1
65 98 171194 3
39 52 4770030 7
22 93 3504569 6
37 41 1358181 4
56 103 4955487 2
36 64 3964963 6
71 75 2786146 3
6 17 7519940 4
3 16 4295121 7
20 47 1529302 3
74 103 4083125 6
49 95 1313367 4
69 105 7602228 1
35 107 7386944 6
54 56 3706659 7
22 56 8955130 4
96 106 9031277 3
63 81 9043028 1
58 71 7031119 2
65 79 9031487 5
50 57 7319806 3
7 33 3348967 5
35 84 9809440 5
64 107 4353207 2
23 36 366443 4
11 98 9195190 4
74 95 8727831 4
58 65 2669953 6
66 76 6333853 1
26 67 876664 3
81 98 1505463 1
38 64 9367041 1
76 99 5232478 5
12 90 7969203 5
72 74 8210137 3
10 25 5399934 6
6 15 2130433 3
26 80 4344447 1
40 47 2684834 1
32 86 2045625 7
41 109 7515214 5
31 93 8002948 7
17 90 2835782 6
24 82 5082729 1
68 110 1092318 2
3 5 5654634 4
23 35 1865920 2
3 42 724158 7
14 42 4192428 1
19 75 6713121 4
6 93 7128083 7
80 99 4411219 3
69 103 503739 5
49 55 3066916 3
9 88 5528732 1
14 29 9808278 1
54 99 6627995 7
23 45 3983942 3
37 53 8113577 2
42 63 2558101 3
88 98 7198420 6
26 64 3060338 1
34 53 7981502 3
30 74 1050607 7
16 58 6122813 6
9 70 1409034 4
73 109 2100312 5
27 33 8716046 7
85 98 1865055 2
4 87 3870465 7
53 74 148467 4
32 92 7402593 1
2 68 6056189 6
27 34 536092 4
41 95 4608119 6
8 49 3941714 4
72 107 1228306 3
28 97 494380 6
15 60 9091475 6
16 70 9031994 5
69 99 1882985 6
55 96 2045576 5
84 105 3609652 2
27 90 1424724 1
60 100 4886661 2
39 77 2727062 7
42 71 3202971 4
12 43 6827571 5
72 93 4655775 2
2 95 3400058 6
55 61 2948171 3
73 81 4493762 4
89 110 4353576 4
19 32 3367299 5
6 107 4245808 4
16 30 8146469 7
27 68 7205354 7
8 105 9513039 6
34 73 1893667 5
38 89 8466692 2
21 79 7138127 3
28 67 4297792 7
31 40 5359157 3
41 89 2819710 2
35 90 5268828 1
30 53 460349 5
13 44 5464034 6
31 107 3121418 2
93 95 3426138 3
9 36 4662614 2
72 75 5489057 3
11 36 2180413 4
40 91 211864 3
18 37 6289227 4
62 77 4427830 2
74 77 5969958 7
44 105 8895628 6
41 53 7334578 5
9 58 3806973 3
70 81 3388094 3
10 98 4438872 5
16 48 7369034 2
34 78 8635286 4
35 94 3456968 5
6 30 3963591 7
9 93 1561458 4
58 82 4491953 6
1 98 5796853 2
37 47 5076836 6
29 105 3829500 4
40 108 3990634 1
34 100 8908441 5
15 37 5808781 3
45 98 5001090 5
40 90 8830683 7
23 70 929089 1
20 99 9384591 4
23 30 2060853 5
14 65 3841926 6
61 93 8127468 6
6 73 7657062 2
31 44 729921 4
33 98 4740695 2
53 95 3059756 3
60 70 5592199 3
8 107 8375970 1
29 98 2225198 4
81 100 3257589 4
38 86 8646233 2
41 71 153965 2
90 92 7853743 5
30 90 4754091 5
51 79 9600305 3
27 38 1764002 7
65 71 3574290 4
1 77 8407881 3
5 71 9199781 2
40 56 952402 1
1 53 559354 5
15 36 8393315 2
47 56 6619391 6
5 64 6163362 6
78 82 5951907 2
5 51 5982365 3
67 81 4819111 1
49 56 7227274 7
95 97 5891579 1
18 57 5635026 1
24 105 5240162 3
28 79 5678608 7
24 36 1647649 4
64 93 325148 4
27 88 3433047 6
5 58 5350100 3
96 105 4905067 5
42 103 8515101 5
9 90 6644988 4
80 84 2182886 5
37 67 6399180 7
82 98 7569865 6
34 55 91405 5
22 96 5786668 5
3 53 6740954 3
53 77 9527596 3
25 35 4425469 2
67 105 8773020 2
17 29 814205 5
69 77 7707790 5
32 44 4763725 3
64 87 135671 3
60 75 753846 3
16 36 4227064 4
9 87 2116942 2
30 71 9553976 2
43 73 2207981 1
51 71 8769044 6
18 110 9526890 4
13 82 264665 4
45 68 5852468 7
15 95 9417454 3
64 73 107049 3
35 65 8350562 7
11 15 7681396 1
43 76 849016 5
100 110 7092685 2
12 100 6529562 2
35 109 1352914 2
84 87 9881711 4
6 9 8547772 3
29 34 4587677 1
5 39 1170140 4
52 76 9523611 3
26 53 5493388 3
43 53 3370152 3
24 57 4858074 7
28 78 6051896 2
5 37 139689 7
29 35 399101 7
1 59 9873374 3
32 35 8150533 1
8 89 4096109 3
21 58 1724338 2
19 79 5213822 1
88 95 9139436 4
12 21 4136639 6
14 98 8669099 2
55 97 6014304 5
20 100 2931133 1
60 81 3491692 3
84 96 8691701 1
73 108 6477689 4
2 60 9439562 6
8 108 932416 6
31 69 5169822 1
27 43 4103054 1
18 29 2891813 4
57 95 4631985 4
25 27 361469 2
40 45 6082622 1
71 99 8216769 3
50 67 3491316 3
99 103 4794974 4
67 87 390647 2
89 95 6890532 7
10 50 4007860 7
48 99 9131266 2
30 98 609766 6
57 81 2464175 2
76 85 727663 2
14 57 8849087 2
7 71 4773630 4
36 105 545743 4
14 68 2071427 1
60 107 9067672 6
15 70 3805949 7
62 101 2566281 7
20 30 5211942 4
18 30 9106088 7
21 60 5001436 1
29 62 2503155 3
87 107 9104873 1
83 109 4562466 3
19 86 2137214 2
53 71 8384126 4
74 84 5632876 7
1 50 2049670 4
19 107 1271920 6
23 110 1576322 4
10 107 6586919 2
17 36 8779534 1
48 105 9655912 6
32 37 7908959 6
51 73 5084490 3
26 33 4925968 4
21 82 4202446 5
15 25 1655635 7
33 34 7781841 5
85 100 5502229 4
30 107 8955599 3
30 56 2599226 5
33 53 4778498 1
52 95 5473367 3
30 33 428482 5
60 71 4543992 1
86 95 19251 6
50 63 6877378 4
22 77 7599129 6
15 16 8248786 1
60 93 9780871 5
22 103 4522944 6
55 98 1352137 4
33 61 6044097 6
35 86 4262604 3
14 93 2301309 6
26 89 8242946 5
78 96 7725659 6
2 32 2027454 4
28 29 1487353 5
39 96 9387069 3
23 63 9120879 3
61 94 6050993 6
28 95 9159356 2
88 99 7129513 5
23 90 8845849 2
2 8 1963332 3
85 105 7880685 1
39 42 1658985 5
8 66 8255896 6
70 95 6048212 1
92 110 5682933 1
86 91 8338097 6
73 91 4843985 7
54 100 7490864 4
80 96 2896225 3
38 81 9351157 4
59 103 983027 3
3 21 2254024 2
38 105 7645758 6
11 45 2903107 6
33 45 7320227 7
49 104 5265178 5
37 39 6390171 4
57 66 7253732 5
22 53 4867076 1
92 109 6754370 1
72 105 8980100 3
64 81 7977250 3
15 109 9530035 4
74 107 5115689 2
8 70 6834600 3
42 77 963385 1
44 81 5295870 5
31 87 4885323 7
51 77 3951156 4
63 85 6276660 5
20 64 7754738 1
50 85 1595022 1
63 92 1379048 3
78 110 240562 5
81 110 9826563 6
11 29 9215139 3
26 84 8545836 3
43 100 878761 6
11 16 7910979 2
37 75 9625690 5
37 44 931719 4
77 105 9426816 4
6 36 5560291 1
7 68 1887910 6
12 65 6871122 4
16 52 8901560 4
48 97 5515362 1
4 99 8075359 2
11 64 229130 4
61 105 5757390 1
82 107 2836286 2
48 53 4073535 4
5 82 1599990 3
22 28 9752354 1
20 81 3494140 5
39 86 9530677 4
34 45 6566757 5
21 44 8365474 3
46 95 6950844 7
30 92 4124832 6
50 82 873423 3
3 100 3386751 1
10 72 2087537 7
92 96 4942652 6
39 71 2919512 1
8 65 5271842 4
25 99 4226862 5
25 109 6907719 6
9 94 903947 4
56 58 78811 4
19 109 1949037 5
4 27 9247880 2
52 90 1220798 5
75 77 2150150 3
48 52 896227 1
42 95 9848068 6
19 82 6855355 5
93 107 4276180 6
34 63 4211052 7
7 110 8767057 6
33 99 452544 5
62 87 442874 6
61 81 8562509 2
86 100 6840700 4
18 58 1422140 5
24 78 1747748 4
60 108 5078600 2
93 100 1449128 1
12 86 7497927 7
19 53 3732448 3
18 89 7253188 6
44 87 607321 5
91 97 5772897 5
26 88 3994233 4
72 95 1207929 2
20 35 9131126 2
3 58 5971439 7
75 93 2573060 2
56 95 1589245 6
33 100 7609501 1
55 107 2203146 2
46 105 2003914 2
6 28 1017342 6
51 60 9935249 1
48 56 8821383 3
47 101 9358844 3
91 109 8440991 2
35 45 1971414 4
11 25 8670836 1
42 72 315891 7
12 58 6611605 5
28 75 9337754 1
18 54 8907278 5
10 46 9417630 4
26 39 9699707 2
49 68 4688412 5
1 38 1687517 2
1 46 9062134 4
75 81 3876182 5
25 55 6629267 3
86 107 2424829 5
32 87 3744027 7
14 60 2368973 5
85 96 1736862 4
87 90 7851099 5
28 81 1388300 3
68 98 4733169 3
22 65 631242 6
54 74 1208857 2
22 38 4711280 2
32 100 1488514 6
27 93 6621367 1
27 71 5807072 7
7 13 7267579 3
73 88 2203828 4
83 90 8639094 7
4 103 7852613 3
41 87 4666043 7
49 90 2271797 2
49 77 4052358 7
24 92 5320154 6
32 47 2469415 5
10 12 9612037 6
6 94 8856227 2
82 84 9057623 4
46 68 8323154 1
9 29 6816496 7
13 80 6591676 1
24 74 7729737 1
11 68 1986677 4
27 28 5409876 4
18 45 1756933 6
1 91 5585475 5
44 102 7551022 7
26 90 1457074 7
40 93 6616722 5
85 90 5019401 7
1 35 3309083 4
1 29 9707359 2
17 65 462714 3
48 70 9070811 6
18 53 9534709 6
89 98 2240776 6
55 70 5284432 2
3 8 8232462 4
62 80 2932876 1
69 100 5928172 6
43 98 8554982 2
71 90 2538219 6
10 93 3871750 3
19 76 8546778 2
43 47 5591450 3
6 103 3988161 3
104 107 2336211 3
31 96 207931 2
85 94 4022217 3
32 49 5348063 1
31 98 2629784 5
3 18 666332 7
34 70 4666641 7
1 79 7847862 3
62 67 4033304 5
73 105 9457878 6
4 78 1627018 3
75 92 6638138 7
45 58 8205093 6
52 64 6664018 7
83 98 4304769 2
4 18 5725433 3
29 97 5328636 6
32 43 7379964 1
3 78 3403285 7
39 107 2146749 1
29 40 5448337 5
9 96 7466912 4
45 56 4042242 5
32 63 957733 1
88 90 3055174 3
29 96 7615047 3
11 110 2306118 2
1 2 2128530 3
55 73 8372860 5
4 63 1144932 7
19 63 7927415 5
1 109 6372537 5
97 103 2691176 1
49 80 5097162 6
35 89 899401 5
1 45 1697863 3
35 78 5649895 7
34 52 8119705 6
67 94 7949884 5
36 100 6270759 4
2 11 7747047 3
43 51 5647208 1
21 71 3083565 3
19 95 1122554 6
55 81 2782255 6
13 79 8836007 2
7 35 4864208 1
23 79 3327707 1
10 47 8228254 1
7 100 9433198 2
10 27 8825238 6
8 12 6651536 5
66 107 3577516 7
41 93 8102211 5
40 50 2969771 3
59 110 4635225 6
24 46 8178011 5
30 101 9269268 4
3 67 7952313 2
15 82 4727827 7
10 14 9057349 6
79 99 4268875 4
68 99 2284124 7
23 78 6381941 6
8 16 9031434 5
5 98 1166127 4
76 87 9067187 2
92 94 8581587 1
102 103 1052242 4
21 51 3251994 6
40 75 3328899 6
77 93 695500 3
15 32 1009362 6
51 86 2275392 3
53 73 6592242 6
24 64 2741187 1
34 56 1284141 4
53 55 5998202 7
6 45 5928570 5
32 56 4890976 6
12 73 2505567 2
16 80 14572 6
23 100 4075930 7
45 51 9265757 2
37 71 7189702 1
88 103 7703154 4
2 48 5178282 3
2 64 3177126 5
44 106 8510556 1
56 89 2290432 4
63 102 2991985 7
18 70 3726760 1
8 40 7546642 5
31 61 8476649 4
100 105 8214627 3
46 107 7057111 2
15 23 272563 5
64 94 6855192 2
19 29 304983 4
106 110 7728924 1
76 82 5031461 1
46 98 969048 3
47 65 8046451 5
4 74 1044780 4
95 98 399071 1
84 86 9060673 1
67 77 2432811 7
42 55 7748850 3
47 77 9512925 2
32 82 8348065 4
3 35 7376998 1
54 67 1921563 7
59 75 7879325 2
73 79 5444121 1
13 93 9077102 3
9 74 4179475 6
82 93 3343027 6
71 74 8622564 1
62 100 843177 6
12 93 2620501 4
5 92 6392125 6
22 29 6755263 1
7 87 6284510 6
17 51 643189 3
18 90 2703442 6
40 82 8103624 7
38 59 2251635 1
81 93 6734439 1
37 64 1290253 5
49 81 8517606 3
51 67 5515059 4
15 43 8500041 7
22 64 4013845 3
51 80 4797226 1
45 93 4306987 3
8 61 5621663 3
45 70 6474066 1
29 86 7760493 3
4 30 2936402 1
6 60 2382446 3
20 88 4263310 5
48 103 8612815 7
68 91 545206 4
17 77 4535923 7
44 60 3647278 5
13 36 8274936 7
37 59 5486657 7
46 48 1694402 1
22 25 6934444 1
30 70 9963612 3
63 107 2883716 1
17 105 486238 3
47 74 3438601 7
70 86 8865112 2
1 71 738129 2
16 44 3478043 1
14 21 5542213 7
15 72 3079922 2
33 95 174669 1
73 85 8255274 6
43 45 8928846 4
8 103 5090612 3
22 58 3349130 2
38 65 7020660 7
14 27 1687567 7
19 71 1169304 5
23 75 6023589 4
3 40 3979578 1
2 45 38664 5
42 58 4361545 2
16 47 3536224 2
12 99 7546888 6
1 36 8580318 3
6 37 6219276 5
18 77 9085006 3
72 82 7095355 3
32 70 6667561 7
7 18 6950217 4
24 100 2314385 6
5 56 468182 1
76 93 6900185 2
8 60 5929796 2
6 25 8021962 4
56 87 9683025 1
41 60 3386544 3
5 70 6275080 2
53 105 2975677 7
28 106 5519426 6
4 68 4261285 6
80 97 5123844 6
32 64 1125126 1
85 87 3143603 1
53 100 4851530 5
52 110 4845590 3
48 87 1718631 2
18 81 1816710 7
42 89 642572 4
63 79 6988845 7
10 100 5137412 1
39 79 3911104 3
23 103 6599838 5
15 22 7211879 7
29 71 4694049 4
4 107 247176 5
35 37 8867789 2
1 5 5800307 4
35 77 8748381 3
47 67 5489337 7
27 51 2943424 2
87 97 7516768 2
72 88 6495229 3
5 109 7079258 6
26 100 4776923 1
81 90 1832567 6
69 95 1711095 6
41 97 512316 2
64 77 7498285 4
8 51 2315837 6
52 73 9386174 1
80 86 9535569 6
6 53 8353005 4
25 71 2760443 3
12 95 8216035 6
61 95 6286083 5
3 47 6532715 6
19 20 588251 7
4 40 5990430 1
14 99 1355280 6
22 80 7471451 4
16 75 3730656 7
14 17 6582723 3
70 98 6944180 7
67 96 924372 5
39 55 6856937 4
54 106 1211800 3
40 61 2735916 3
15 18 2510040 2
15 28 4646522 1
14 41 5428437 3
60 72 9393716 6
6 46 9830900 2
47 51 8512054 1
27 99 5776854 4
5 17 813921 4
60 65 3332979 4
36 95 3490511 3
64 78 3881114 5
68 77 14445 3
34 40 3840297 7
25 96 2713833 3
66 92 9477378 4
12 107 4811785 7
58 64 3392309 3
10 33 3747610 7
91 94 2042159 4
70 97 8570394 1
8 32 3475861 4
17 72 1293276 7
59 93 3189532 1
103 107 8347151 4
38 50 3806740 3
81 95 7703123 3
13 53 3056760 1
30 63 9237866 6
21 74 7385034 1
55 56 219982 1
14 90 2137418 7
33 85 1638589 7
50 109 9254176 3
47 82 5266100 4
73 90 385894 6
49 100 6149539 5
26 55 5850283 6
52 91 6470714 2
58 103 8861191 6
39 109 1435100 1
9 107 2434728 3
89 99 1193752 1
71 110 2681587 2
28 92 3882100 1
77 87 3741504 1
33 42 300647 3
8 57 6230881 6
12 16 97040 3
59 72 4640868 3
86 106 5243731 3
45 79 5135845 7
32 59 3452663 4
11 53 494515 2
72 98 8036469 1
36 44 2794727 7
11 81 6815715 2
84 97 6164623 6
49 63 6177858 3
6 70 8965548 2
28 44 4220201 7
5 85 8761609 6
34 98 3424945 4
13 15 1224658 6
16 86 7081381 1
10 53 7102682 7
8 64 9284204 5
32 84 3304137 3
47 105 7058283 3
64 103 4130661 1
36 98 1286233 6
36 66 9018511 1
8 42 4154189 4
22 34 5181475 4
13 52 9836064 1
14 95 5951399 5
86 108 2200305 6
68 70 5159902 2
51 78 7398597 6
4 61 1763108 7
7 90 7247894 1
72 108 9440602 3
4 67 4591333 6
70 106 5610949 1
26 81 5450146 5
43 79 6402945 2
29 95 3949683 5
33 79 8218343 3
9 63 3515992 2
24 87 6251853 7
68 93 8151762 7
22 60 4037460 1
18 96 251714 2
13 77 2517896 7
65 90 5266058 2
42 90 9919807 1
24 63 5712965 3
57 58 9989095 3
40 99 9669730 7
44 78 980166 1
28 63 8773560 5
38 51 4475552 7
59 66 9171442 2
2 3 9285007 6
30 34 8109780 2
44 80 8383360 5
37 93 7902955 7
47 99 4794286 5
36 87 4526676 2
4 56 5397299 3
71 92 6237424 3
1 105 4644320 1
53 103 2372091 6
3 29 9773048 3
2 36 1186597 2
43 110 8483250 5
16 65 1804514 5
16 53 5130987 2
5 68 5202668 4
16 21 1483832 6
83 99 2912488 4
17 48 9931940 5
87 98 9269073 4
64 97 9752392 3
21 41 8821486 6
49 82 4082259 5
28 107 5238706 3
25 56 7668019 3
65 80 6247540 4
16 29 245310 1
22 63 1942579 4
22 74 7344793 2
92 103 2328878 2
73 95 3231316 7
30 60 2391091 7
50 87 3015334 3
11 52 1513585 1
9 27 2717435 3
35 98 2293631 1
40 79 3226989 5
71 81 2071346 1
17 89 7772638 7
29 33 7197141 5
8 47 4016630 6
68 81 1284166 4
27 103 5078193 3
5 87 7335599 1
50 84 8188272 7
42 98 7349753 2
42 64 209805 2
5 46 8913176 7
44 100 1827018 1
58 60 8226367 7
15 107 8606822 2
44 67 3932151 7
7 29 9814313 4
57 91 4203280 5
1 73 8074433 6
2 56 1632022 3
79 80 6627491 5
33 52 2773526 2
99 109 9459595 3
23 95 2512879 5
52 93 9132612 5
34 99 9387316 7
2 96 3747107 1
4 64 2644229 1
1 37 1223690 4
2 92 7559489 5
52 59 278821 1
22 59 9361937 6
11 56 6406056 3
12 88 1935553 1
97 100 887205 1
21 92 2843041 1
15 99 636803 3
66 85 1618497 7
36 51 6587031 1
48 90 9282752 1
2 10 3941533 7
82 105 6063147 4
24 79 521260 2
35 92 6931556 1
40 70 7861225 4
91 105 4158538 1
80 81 9704038 4
35 42 8719468 3
22 30 8733156 5
48 98 3155214 5
1 107 9115019 5
40 49 7367677 1
38 92 6046873 4
17 25 6789061 3
14 35 7023568 3
22 97 4758953 3
28 87 2267258 7
45 107 3109742 5
64 105 8048494 3
3 110 8302295 4
68 105 9402692 5
28 105 9814763 3
95 105 8356478 7
3 98 3462577 2
56 110 1744874 1
36 63 1332034 7
27 46 5184843 5
6 95 4405669 2
1 56 8729883 3
39 74 7615992 4
41 91 7481047 2
47 100 1198555 6
20 87 3236125 3
15 38 2767800 5
48 71 3880340 2
66 70 7772712 2
1 47 9049626 4
21 63 1006453 6
26 74 3627654 4
22 27 5038246 4
2 53 3098523 2
7 46 8095458 6
8 17 5658901 5
4 38 5448804 2
76 77 6762587 7
5 65 3784069 7
93 97 63619 1
8 45 1545058 2
29 109 7033357 6
35 87 9575706 5
7 27 7599993 5
58 81 2846868 4
49 57 4514804 4
46 79 1624852 6
39 47 8861474 6
52 105 6959722 3
12 69 9653030 2
40 96 1754712 4
7 103 1112233 1
60 83 1174106 1
4 96 1676070 2
7 107 480484 3
23 107 6732332 5
10 81 923390 6
4 81 2841603 6
11 100 7835008 2
13 94 3648274 4
58 109 3387092 1
61 82 3900820 2
18 92 6356176 5
50 97 4566412 3
92 100 5573946 4
43 87 6386772 2
89 96 76163 2
77 79 1571712 5
11 60 9302396 4
40 64 9618858 5
41 56 8919161 3
13 71 5217629 4
34 42 9676140 2
59 77 6629105 4
43 58 3672554 6
4 77 8172541 3
101 107 2451309 2
37 99 4336992 5
57 84 6474289 5
33 92 9798637 6
47 59 6989375 6
15 103 1471068 4
13 28 6481985 2
33 38 1380614 4
24 58 3950801 7
18 36 5096264 2
56 64 5715554 2
23 80 8841892 7
9 46 5582376 1
15 62 1544038 2
13 22 8326953 4
51 94 8095079 3
66 98 8990558 6
79 100 6581460 3
37 95 8196345 4
24 98 5303756 4
38 100 1074606 1
95 106 5117101 7
8 53 6817541 6
63 109 1679585 7
51 105 7053836 2
35 95 1094531 2
31 71 7055891 2
1 95 3948737 7
79 103 9501667 2
25 106 9046414 6
20 25 9369644 5
18 84 8693255 6
39 83 3958512 2
12 35 203915 7
26 44 2352617 3
52 99 8475218 5
51 68 3088484 2
33 89 3635358 7
38 63 1410877 7
21 48 235827 3
20 56 8465991 7
54 62 8871507 7
82 95 2383994 2
1 78 3878362 7
22 66 4176896 2
55 77 9637464 4
3 80 7215571 4
25 40 7237497 3
10 60 2105815 6
27 64 59752 2
90 109 5438173 6
6 39 8018699 5
78 92 8270931 5
50 99 1512171 3
5914389 6331901 5681910 8723419 7718406 796033 5719682 