150 5585 7
120 129 46397132 6
34 123 76485492 7
39 127 35411093 6
50 99 60294720 3
18 70 5936816 2
16 131 25223256 2
37 70 71443121 7
61 138 76616537 7
12 31 14418328 5
90 123 74603984 6
9 65 76232451 3
48 54 31709319 2
5 80 83371594 7
96 125 6607374 3
23 104 64569745 3
4 62 25945886 2
1 144 84522123 1
70 138 85638092 1
90 113 87187965 2
58 106 58435247 1
62 98 24947867 6
68 150 38757710 4
20 125 82481929 7
13 35 39005014 6
93 146 43282612 2
51 147 93115957 2
33 102 75156698 6
92 110 18157756 7
132 136 28424559 1
117 148 37381654 6
50 98 45158650 4
18 33 73846653 2
89 116 2823776 3
8 11 65398153 1
40 67 17831056 1
6 75 32652502 6
24 114 68079489 4
1 111 15398059 6
37 122 7756948 6
6 116 41054343 2
34 141 65282545 4
48 65 24313611 5
75 123 84354496 4
16 81 2630346 7
18 106 46502996 3
24 35 94787292 7
116 123 15824986 2
122 139 86434928 2
118 141 71015771 3
81 114 85677352 2
8 125 89084565 2
37 81 52171953 5
111 148 12987610 6
28 40 76951999 1
24 148 43250992 5
43 100 9136869 3
75 134 44157729 6
35 104 50182679 7
28 39 89417814 5
113 130 31773026 7
103 127 75946764 1
120 121 94839646 1
4 38 23049017 5
50 61 37950018 4
54 62 85645414 2
23 107 53536163 7
98 103 96776801 7
18 129 32749550 7
18 53 49403183 4
66 115 62003425 5
10 81 62931795 2
12 69 56505620 3
57 110 91410011 4
36 76 59607117 5
54 138 54151584 1
4 41 45982751 7
37 74 12234309 5
136 146 9676835 2
110 121 78552388 3
77 128 21630037 6
71 110 89110488 4
6 86 92981887 7
74 76 4072080 6
21 35 74504812 2
89 122 29551066 4
15 134 59390400 3
54 75 65336216 6
75 140 7779672 2
23 86 22593621 2
36 147 31085263 1
68 110 68550762 3
77 94 7740760 7
32 74 67546589 2
42 51 32566355 5
55 75 86750337 7
48 103 86910246 1
56 137 25209926 5
85 145 47195988 2
15 139 35148293 6
21 34 16795599 7
106 114 40173566 6
9 62 9663621 6
29 136 17678606 7
81 127 76504281 3
11 34 91819339 6
101 135 64591425 6
75 115 40435510 7
4 141 43849063 1
36 81 70976975 6
66 69 57694666 7
87 115 66922925 4
79 110 85878693 3
1 72 20988698 4
35 81 92112406 7
90 96 41766198 4
54 116 70782327 4
65 139 48562807 5
80 98 15650197 2
120 127 61005956 5
90 108 74669815 3
12 136 87743498 1
24 38 18500730 3
45 132 95949278 5
16 102 51828730 1
69 143 96224025 3
82 86 1529241 5
83 138 33260496 2
131 141 7932301 3
34 128 18812662 6
75 148 15036022 3
54 67 14529876 3
90 115 1802487 2
35 73 62215613 1
3 75 28237577 2
134 141 56555553 5
107 127 53995395 7
81 96 98724847 3
30 39 80161197 1
32 77 89546768 7
75 147 10109340 4
12 102 88049759 5
22 137 84530284 1
44 75 18489732 6
65 94 99984561 2
41 111 2841810 5
54 137 93978766 4
36 64 48505827 4
6 87 65794838 2
46 74 2772871 6
79 109 67929077 6
67 101 38271281 2
13 101 14434504 1
2 121 51381416 5
1 103 66009004 4
23 52 73322850 1
43 87 41319451 5
11 134 79968019 1
33 75 765648 3
43 85 57734685 6
76 78 49418561 5
17 64 85523228 7
133 145 79779997 4
87 149 12496185 3
111 123 98811694 4
30 140 29007210 6
29 134 31083856 6
27 61 48713061 6
28 148 31438168 5
63 137 68482161 6
36 41 8512445 7
22 64 79075432 4
11 95 33740103 7
36 51 39669018 1
7 96 53586052 5
81 120 52682279 2
82 140 73037021 6
29 59 12636476 4
6 77 11648588 2
96 116 52448252 5
37 107 10165567 2
51 133 28532294 7
39 123 11729080 3
75 141 6153166 5
69 78 20925785 2
22 122 8739990 5
13 117 62706802 5
13 88 55474130 1
27 80 57520554 7
70 98 44358854 2
66 148 71585921 2
26 147 80780751 1
90 131 52121992 3
19 21 26780061 3
34 65 17752159 2
34 71 30646684 7
59 147 13622234 4
12 94 70558566 1
128 140 16162188 1
3 138 31166712 3
30 102 24133237 1
59 69 68566349 7
132 148 11054264 1
32 81 94627015 4
15 69 20196404 6
61 90 65935137 5
7 137 52401507 5
25 62 75072464 3
42 75 31584557 5
19 46 39685641 6
7 22 25950863 5
20 73 99675189 1
63 67 21761355 3
113 134 86146184 2
128 150 56988637 7
91 131 96787087 2
73 104 28841313 7
54 139 40379098 5
4 94 65323198 5
75 80 42724972 4
72 111 48521538 1
130 144 76914386 3
105 117 75492910 4
65 121 80829420 6
1 79 67300150 5
50 82 48401566 7
38 99 46932062 4
44 127 15531664 5
100 137 82955001 2
70 103 49402507 6
34 73 26946990 3
144 148 99756063 5
88 115 14696125 4
105 108 90896016 5
21 135 34254425 4
21 80 55914258 7
46 129 61813730 6
38 136 82321733 3
39 129 25532674 5
23 89 2835839 1
129 145 64385326 7
38 44 14018143 3
118 129 56803309 3
90 127 10385066 3
28 135 76515312 3
15 67 27955652 5
20 56 92216286 7
6 46 18928422 7
73 137 69753675 7
1 50 9934712 5
95 99 71946488 6
5 19 11672228 3
73 147 33153125 3
52 141 81687056 4
56 81 11866050 2
81 90 56342621 5
98 107 83664247 6
136 137 7365218 1
66 103 65135287 3
44 107 38593113 1
5 47 32956474 3
75 98 13219002 7
56 145 68281705 7
18 84 66716906 6
25 57 2748616 1
21 103 68376573 6
58 109 60011980 6
89 100 85881211 2
70 99 10976541 6
8 131 47583479 4
28 69 64274005 6
27 53 10298038 2
42 105 666538 2
16 54 47001829 7
80 148 62545594 2
17 108 81717516 6
2 72 38246368 1
2 117 30033754 3
110 139 9974276 1
36 125 28040804 7
31 35 50795646 4
3 112 77132545 2
43 121 95321030 1
121 137 58635768 1
85 136 69339972 1
30 123 39273689 2
27 48 88686632 3
62 70 44604097 7
72 131 75388633 7
54 146 81199845 6
36 129 97449171 4
27 110 73905467 2
63 140 11530757 3
15 46 98842163 4
8 80 35233748 6
12 72 85225767 2
77 150 36529959 6
11 22 90260937 1
6 35 79544733 1
39 62 20036138 1
41 86 57809465 3
19 131 79605773 5
44 83 41984699 3
15 80 21080198 4
59 73 44992848 7
37 54 21244669 1
55 108 33656722 2
99 125 82540204 4
91 98 66923896 7
63 80 38773592 3
27 147 50279980 3
105 131 11141897 2
102 140 33662546 4
2 7 59941984 3
8 127 9622050 4
17 116 46879244 7
75 102 49126531 2
13 108 78855802 6
25 67 2401988 1
102 126 83740395 6
16 149 28879797 7
18 94 58052803 3
37 86 31186836 7
37 59 448214 7
96 128 81675406 5
52 55 41012006 4
92 150 93249476 3
9 99 19865640 5
43 98 78697206 1
24 129 10753381 3
103 148 45688055 7
45 107 15297930 4
9 74 71429806 1
46 122 22565429 1
53 99 91015551 7
20 136 73689365 6
27 144 18082087 6
34 132 87015070 1
45 97 36455415 5
91 99 74288729 6
30 137 75912924 1
83 115 89987572 5
85 100 34585709 1
6 122 28468498 5
57 133 57048851 3
51 138 23172723 3
87 129 64103082 4
53 148 75412130 1
121 149 28761654 2
2 81 18119906 5
59 71 30122589 1
30 43 12828224 7
30 62 58652652 6
118 140 2100054 2
64 145 74567205 2
81 84 98910070 2
49 117 64110760 7
63 70 14726814 6
52 134 54813230 2
36 140 40088965 2
9 85 52887940 5
116 150 44666298 1
75 89 45656465 7
28 42 61775178 4
39 109 89270695 4
76 98 2821005 3
37 62 48318924 7
75 150 26695468 2
29 67 28789313 4
10 45 50377519 4
62 84 74580420 2
7 42 71218401 3
3 73 25226390 2
51 102 30306375 4
14 95 44130398 1
14 47 56986384 4
72 109 90093327 3
27 46 82710910 4
52 74 91858006 3
24 67 18483147 4
33 62 65761416 2
57 145 72057826 4
34 55 40634879 2
30 107 19431105 7
45 67 10446364 3
8 130 52259686 5
33 77 51724406 5
79 148 7823759 7
42 108 4573376 1
44 99 25831422 5
80 136 31743015 7
52 62 95034482 6
88 129 96213288 6
41 143 44220779 7
16 59 35864456 3
59 75 63282283 1
1 23 92071352 3
38 73 83878734 5
78 82 8623354 6
20 148 10423856 4
49 75 15419377 4
12 44 34050749 7
64 82 13375211 1
52 81 38045996 3
47 69 55280306 5
9 73 72460107 7
71 89 78077534 5
59 104 76256612 4
64 111 65392807 6
99 127 60792065 2
13 134 47780437 2
1 10 49741780 6
81 106 80936497 2
92 146 98920602 7
42 55 14446241 3
22 87 93660780 2
10 22 27988535 4
43 58 29911479 7
70 77 80361617 6
18 97 35058343 2
69 114 70134616 4
31 127 37859029 1
40 111 15571263 7
19 109 84939411 4
61 136 59952152 4
34 104 73911297 6
68 80 3714877 1
30 110 46370442 1
22 146 45470594 5
18 43 21368438 5
9 114 58378189 7
46 150 44034459 1
39 77 52034841 7
49 122 2104479 5
138 146 28844243 6
120 131 95723972 6
26 61 17459406 1
10 23 44169598 2
80 116 13537023 6
31 53 97822633 6
125 128 14429179 4
82 99 78787860 4
86 148 3365168 1
70 129 50287133 5
24 65 99981691 2
9 17 34766191 7
12 39 79065 2
27 56 94838921 3
88 135 76710630 1
60 99 69589018 2
36 92 43773251 3
104 127 33565555 2
89 129 88342204 2
88 146 64317376 5
46 95 48255635 5
36 84 20527362 6
22 79 74570169 1
1 47 37215434 3
17 75 55914650 1
129 134 78565568 7
19 38 59995299 2
57 95 3827646 6
77 89 57617811 3
6 22 89218718 1
147 148 92683575 1
10 143 62701991 5
131 148 82493928 1
107 121 34006262 5
17 98 16461711 1
16 31 2108771 7
40 107 35518273 7
48 131 88281433 2
86 147 71280912 7
60 78 79874977 4
19 149 59552442 3
41 110 33828380 1
30 35 44615139 7
59 146 20608391 4
23 25 42482097 6
52 123 70512328 2
68 103 66621964 4
56 87 90002577 1
88 111 48110638 3
113 150 75896875 6
3 88 52411711 3
82 106 2084014 6
14 54 87118739 6
14 146 66848299 1
25 47 29092943 5
5 43 40924670 5
143 146 44953124 5
62 108 11555213 4
28 111 82342865 3
32 75 69474772 4
49 52 23716696 3
73 81 31006400 6
38 66 28525943 4
19 122 98018891 7
22 76 63530152 4
6 52 79153674 4
41 122 40015660 5
125 150 39355733 4
2 19 88237408 7
13 140 51691146 3
78 108 24836763 5
26 41 73379915 6
18 120 67358321 2
81 146 49633577 2
116 138 90710161 2
12 92 90221952 3
71 140 43719609 7
109 110 91526651 7
12 123 59172614 2
58 66 68546513 6
14 93 57991191 3
43 140 75041087 6
6 94 84708980 6
2 94 56999176 6
45 76 1688415 5
44 72 6211513 1
16 71 54234524 6
83 131 23649457 7
77 148 31161249 5
10 64 52886687 6
14 121 61137691 1
2 66 34311891 3
66 146 42015528 6
33 69 27032391 2
8 75 47656231 1
104 149 5109938 1
16 77 80519466 7
74 138 12554800 1
123 146 52912532 1
81 111 71814012 1
40 109 2076677 1
92 106 96107018 3
88 144 38484390 1
95 129 31909028 3
37 94 92821173 7
49 79 36778639 3
70 139 10872067 1
12 21 3839727 7
94 131 97681392 6
44 98 84236043 1
93 100 36211477 5
6 18 30624417 1
66 86 51685662 7
89 98 58097016 5
32 39 93870515 2
17 53 99945502 3
111 146 4109163 1
66 134 25839909 7
132 135 28687441 1
51 123 74898576 3
46 140 42610467 7
24 149 2269099 5
14 46 94133424 7
9 150 23687677 5
65 81 46402042 4
54 126 21117455 3
12 95 83728955 3
14 98 29806303 5
14 77 10579457 4
93 122 34492570 3
63 96 66973127 5
99 115 2865322 3
3 145 60443287 1
10 80 21413205 4
24 39 93821848 3
77 110 83619893 2
47 52 77139032 5
17 35 37739605 5
29 41 43704285 5
17 22 22553370 5
39 46 38491620 3
143 145 71796597 7
139 147 74170311 3
19 98 76222996 4
25 55 84967559 6
59 102 81636828 1
137 139 9134691 2
59 85 56847683 7
109 133 22121497 2
47 76 10313415 3
20 98 92735420 5
20 145 63138043 4
52 53 55375314 5
64 123 7257387 1
44 123 16262812 1
110 148 97009721 5
34 66 22235094 5
51 139 13027206 1
49 106 7460241 3
93 121 88170035 4
23 54 8846055 1
30 52 89688451 3
55 73 43329511 4
13 70 89842606 3
11 50 74824767 7
124 129 56328648 3
78 138 24942458 5
14 87 21424385 1
82 116 77317875 7
10 39 9318147 7
51 115 71921333 7
8 137 17458987 7
18 77 33009875 5
115 137 38865892 7
36 146 26087333 3
8 44 23852047 1
132 137 59684532 1
68 72 44117000 4
71 86 67218042 3
33 48 58205491 2
69 113 92177202 3
13 111 80994932 1
46 71 23055427 2
41 136 21187566 7
80 91 45428925 1
3 110 30597343 6
91 150 90516 1
22 73 6060737 4
90 114 23464274 1
26 73 55915526 4
74 145 65058576 3
120 128 6208173 2
59 81 16308817 6
60 75 33498183 7
44 128 77837100 6
34 81 42188357 7
51 101 54715658 3
24 34 6215235 4
22 27 72661977 1
102 149 11614519 2
3 38 93518323 2
62 140 99681425 3
117 135 3619740 2
10 140 46848339 3
19 99 5922528 7
44 74 45860924 4
15 84 98079075 3
55 61 57938235 7
92 148 10042107 4
38 52 73425316 5
120 137 61112354 2
15 22 5601993 3
68 75 19286998 7
52 131 78415899 4
67 80 20735813 2
31 77 75878989 6
126 137 68221398 6
37 129 13226226 6
4 131 39286718 4
4 51 15737738 5
11 145 37349268 3
117 125 30215216 1
42 133 24433743 1
17 77 48668994 5
81 82 9693494 2
10 55 82136817 6
66 76 31948617 4
3 111 59377504 6
74 102 92366377 4
38 121 61929627 7
57 71 21770152 4
15 25 15455204 4
40 44 68630265 6
104 131 94607401 6
28 146 23472686 5
109 111 42682750 7
24 86 5068257 6
41 114 15515002 6
95 96 68581893 1
37 71 46621289 4
45 108 18680138 1
80 140 46170790 7
36 89 28886906 2
69 100 56063073 2
135 146 72864881 7
52 79 12356723 7
42 110 47366597 1
29 35 97436594 7
15 136 60858546 7
12 108 4537969 7
61 104 71273267 4
12 35 87477486 5
16 138 13843566 3
23 95 92840134 1
130 146 10982396 3
52 107 85881607 1
70 104 89694623 1
107 122 67268868 2
17 94 3924966 6
14 42 65304535 1
60 123 50639593 7
37 146 78893383 3
5 106 35594084 4
47 55 79097757 5
45 64 29507269 1
41 94 45379897 4
38 142 26089810 6
8 102 89241818 6
130 147 62368746 7
58 148 81701828 7
52 132 21028387 7
28 43 48527288 4
69 77 10536923 6
14 51 93530974 4
9 95 80904022 5
5 55 18031412 2
46 54 71355868 6
19 146 799423 6
7 48 76844227 1
67 107 80602325 5
10 75 54384114 5
4 122 6278298 7
117 120 52490744 7
8 123 54531602 2
1 5 17248395 4
7 60 2331296 3
31 38 21991602 6
98 140 34344862 3
21 51 76948384 1
42 98 67370378 7
3 9 17589947 5
46 82 77646779 4
29 141 86068042 7
38 91 78968924 2
103 141 30907261 6
111 122 23193192 5
95 98 14223987 3
2 22 16039518 6
62 82 4092666 6
22 55 54269888 4
49 67 50579608 6
59 135 54428464 1
68 98 1924933 5
116 135 83425178 2
86 134 28088491 3
83 129 49521277 3
18 95 93875365 5
53 107 1972008 3
58 136 46411754 5
13 32 76258384 6
60 121 32025034 1
69 123 61444326 5
34 70 76223471 6
7 72 22520013 3
22 121 43551393 2
18 69 23925929 2
112 134 24626553 6
2 141 54979001 4
50 150 62067016 5
15 148 75584125 2
97 136 93338880 1
25 150 20557392 5
4 147 94321350 5
136 140 91466149 6
78 139 57245320 5
31 138 19499093 3
11 146 47363968 2
50 75 10750942 2
13 77 7322648 4
33 120 6491041 6
38 131 87960548 3
14 90 78212061 2
43 78 79735412 2
25 51 24899470 3
94 95 86398687 4
69 72 5441306 6
86 136 76575020 5
40 121 68480044 7
43 99 63223557 7
58 141 87187480 4
75 91 49143343 1
13 21 7938609 3
82 131 37656036 3
130 135 70521912 7
48 110 26360083 2
11 107 40574189 6
56 127 79465524 6
26 133 91823343 1
87 133 81033133 6
96 144 40679282 7
2 120 12654600 1
80 117 52703443 7
64 100 17914136 7
17 139 52204868 4
100 125 11515731 5
66 123 1295494 5
144 149 21153775 3
61 71 30571154 5
4 5 43392401 1
112 136 94387017 5
20 49 20132056 1
126 146 65498049 6
13 81 33441930 5
5 103 19707255 6
89 102 7281188 2
137 138 22655767 1
32 65 69655393 5
89 147 3478413 2
2 144 51775279 5
40 81 66271727 3
89 99 81777322 3
30 103 25950194 1
61 85 4238408 7
37 115 20881816 3
69 138 73970181 1
26 137 76879981 6
14 131 93566730 1
49 111 23183681 1
38 103 92249805 7
91 127 78069775 1
3 52 62894123 3
102 130 21853945 6
70 127 11034826 6
90 98 16322672 4
32 51 25435067 3
70 72 42442621 1
43 70 12587391 2
22 43 97329273 2
34 35 22020909 3
22 62 97407129 5
23 148 1470520 6
22 41 67071921 4
88 119 52784625 1
12 145 8928953 2
97 138 81294214 5
78 113 91881969 1
48 66 3914231 1
36 117 11255668 3
28 90 67771908 1
63 98 41525152 6
19 81 90555413 6
76 121 66086255 5
59 103 89711002 2
74 129 34203182 4
46 47 15977052 1
32 98 80413518 4
6 84 61008225 4
42 82 10316575 7
7 70 62532135 4
79 136 92050985 1
67 84 94295096 4
88 109 60931175 5
52 129 35608811 3
85 110 35866878 4
101 107 12981644 6
103 139 79688391 4
19 61 42311364 1
126 141 27698613 5
130 134 64819810 3
47 73 49176784 1
9 144 48877371 5
65 103 4571630 3
6 19 64066505 4
33 34 70083974 3
86 137 21144408 4
9 102 99942017 4
17 145 45829941 7
69 129 7963030 6
55 129 60688280 2
20 43 62777536 5
108 114 42392704 4
41 72 76534321 5
54 107 77865664 3
114 131 86433559 5
1 2 32106877 6
97 141 99601082 3
83 139 51557007 3
52 54 11598380 2
56 97 93508319 6
30 49 7963345 5
26 140 2086530 2
17 39 59615615 3
40 86 11777678 7
18 146 86364987 1
61 97 18475755 7
34 60 10919737 2
21 52 58592939 1
45 51 70544993 6
94 132 60466087 2
41 131 93149461 4
4 120 42073983 5
19 42 57348827 3
26 46 84394969 5
45 79 53966249 7
120 125 16002120 4
118 122 44065135 7
11 38 29557421 3
81 150 36672729 6
85 88 27066380 1
53 98 29664286 5
51 108 68124108 4
49 109 95696918 3
7 121 93777550 2
27 39 36471614 5
14 34 19789985 3
121 127 46771502 2
6 47 69473791 7
27 129 19169469 2
36 45 52788134 5
20 77 15142363 7
4 99 25161069 6
55 100 45452576 1
22 97 73734695 2
93 120 80793960 6
127 128 85334160 7
113 136 1248684 7
83 111 78554920 7
93 126 58125850 6
70 146 99378024 2
65 80 61542243 4
74 146 41855576 6
38 72 99602926 1
39 60 36471107 3
49 141 29823239 5
20 67 24145144 5
4 53 7168951 3
24 61 9178672 6
68 126 21168085 2
79 113 70164126 7
88 108 96994033 1
30 145 23902017 6
14 66 57540490 7
112 123 28132657 2
57 76 96063965 3
98 126 57002060 6
83 147 47901615 4
40 74 23180271 4
23 69 67510020 6
81 115 82922868 1
64 98 80438523 5
41 123 73445623 3
4 109 66894283 1
18 51 4266670 3
16 124 81142763 2
30 86 42306895 6
32 99 36271171 1
42 95 49610766 6
87 108 34418858 5
76 116 95963475 6
75 136 62652287 2
2 10 17498791 5
74 150 90928049 5
6 36 36932534 6
65 116 21776120 6
1 81 11453953 1
9 21 99239980 6
29 75 83102259 3
46 131 48957420 2
68 95 86430017 7
123 145 11555963 7
14 73 51269971 1
29 39 97199785 5
109 122 92392814 1
130 136 66782245 6
42 67 1139419 2
67 82 26556241 4
3 122 96612976 1
27 41 15323372 3
21 91 14525497 5
15 133 74966802 4
120 146 83460568 6
60 101 5228133 5
39 72 45883381 7
24 97 2562900 7
89 146 74530731 5
142 145 76167233 5
25 124 95771707 7
11 100 4693161 5
113 138 51907661 2
48 123 21289751 7
22 39 2988731 5
27 71 25736986 3
89 126 96573086 2
44 64 76757770 2
18 19 96472327 6
15 65 55827252 3
14 62 41437026 5
3 15 1258952 1
60 64 48169426 4
4 10 28682677 3
91 117 65576501 2
4 117 66384217 2
33 52 43465766 3
42 94 1981813 3
114 147 39517582 6
28 105 87294512 3
101 110 86513418 3
63 95 70043633 2
32 34 76647796 1
63 109 87309552 6
3 22 39773678 7
27 132 16463662 4
127 148 93910484 6
68 76 64984929 6
38 146 4710287 6
14 15 23917098 7
69 137 27360763 3
35 146 72418770 4
59 122 49774245 6
18 25 58285645 7
54 77 95139771 5
15 52 12669458 7
41 121 80161092 7
46 84 87284444 2
11 116 68992337 2
62 150 84439649 2
11 19 17274821 4
124 147 10576405 4
93 98 88179708 2
64 122 4735645 6
24 70 96748611 5
43 65 52245306 5
119 150 71300953 6
82 150 75819892 7
25 145 91827296 5
44 51 98993182 5
44 76 77587333 7
122 138 48289431 7
44 46 44322458 3
56 125 10663421 4
29 46 35599546 1
16 19 27046918 6
36 71 67444018 2
5 76 11314309 7
46 52 58283339 3
19 76 35035200 5
44 138 53321528 5
54 98 27770542 6
135 145 71509542 4
52 126 3627487 1
14 127 10345204 5
78 86 4879986 6
40 42 68193275 7
5 38 88014469 2
80 139 16571255 7
33 131 80786458 4
54 84 28722815 3
68 133 27569280 6
7 148 91814758 2
4 70 1674650 3
75 110 9812 6
36 80 21520476 1
43 138 87975568 3
66 70 26716639 3
45 125 53607099 1
5 107 5663465 7
89 103 55155619 7
118 146 96201761 1
10 51 74963384 1
55 138 33293124 5
53 83 22167385 5
135 141 84702296 6
29 49 51065757 6
24 96 149681 3
6 69 47232181 4
101 131 4504441 2
87 122 26444261 2
38 138 30610643 6
51 103 18390306 2
66 137 80092559 6
126 145 39571935 4
91 114 48316056 4
46 81 17477957 4
122 137 97816235 7
71 84 26132530 2
12 59 15326183 2
61 135 93258140 7
2 137 40847082 1
9 110 90174110 6
25 77 22123279 6
28 139 6484636 7
18 123 94447698 6
8 98 29117909 1
27 124 62150501 6
38 148 72471322 2
122 123 26106027 2
6 107 29768234 7
23 116 28713569 5
18 68 22812714 4
41 76 92566259 6
52 116 65455095 6
9 115 75265055 7
38 55 88705798 1
102 106 92505933 3
54 85 27439471 1
13 37 9799726 5
77 100 16746775 4
70 76 51377456 7
25 39 59857086 7
98 122 13716545 1
128 138 69252360 6
53 131 35648543 4
39 138 81576065 1
100 139 43090409 6
3 99 66315844 5
15 150 70723876 1
5 97 49172957 2
7 138 42386057 4
33 67 86246410 7
105 107 35763375 7
24 138 17208730 7
33 111 18726943 7
51 148 94400651 5
22 110 91191016 5
28 46 78786251 2
50 55 77749246 6
136 150 62623121 2
69 101 96094781 7
26 109 56852096 1
23 141 81625791 1
83 108 21236587 2
127 146 36463870 4
92 138 4229808 6
72 78 32674776 7
16 100 55024001 6
96 136 6539052 6
8 116 92183027 7
33 40 698149 1
14 16 69950209 4
46 80 37554664 4
73 145 17665294 5
55 111 90385527 6
79 131 69900523 6
136 139 93788012 5
66 107 79353731 5
79 128 48839003 1
52 76 27675319 1
26 145 45905644 2
104 148 7885410 5
102 111 95539154 7
5 44 90467626 5
139 144 28403351 3
24 145 82558729 5
5 120 70811882 1
91 146 13747477 4
36 95 65405183 2
76 77 25500907 5
9 109 24075209 7
8 64 99074781 4
28 72 52486593 6
133 146 95635410 4
78 84 72248927 5
136 149 94102976 1
23 110 72505837 3
21 54 1529421 7
49 69 11629044 2
11 98 49215170 2
40 129 78314777 1
101 145 36844331 4
70 75 22319183 1
29 149 75661040 5
26 34 12028864 1
31 133 55742398 3
82 141 77905772 6
20 23 40939771 7
81 122 83496311 6
2 77 56566200 3
21 122 97524950 3
64 133 22156544 4
43 71 96547987 4
81 123 51287556 1
1 75 46809522 6
41 61 379064 2
20 109 86193833 6
56 110 67068737 7
68 123 37896202 5
18 67 75146599 3
32 112 57164454 6
7 94 39642494 6
90 137 65567374 7
53 80 57976743 1
50 56 71409285 7
57 130 94737710 3
43 69 31107805 7
61 128 76960386 2
64 70 50266506 3
24 31 22825162 6
68 127 40565987 6
27 150 24775081 7
133 148 58489960 1
9 146 59369210 6
10 37 89010046 3
105 121 56827477 6
4 69 14338703 5
42 150 44412911 4
101 122 50502151 1
54 104 27360902 3
15 111 74084582 3
34 138 37147333 7
63 136 57284931 2
4 111 32219063 7
143 144 96157614 6
20 81 89334700 5
63 106 39168518 3
18 55 89093411 2
17 67 47304356 5
10 82 43854662 2
45 139 97586486 2
39 76 82001908 1
30 55 60704743 6
27 116 29896593 5
20 44 88268514 6
21 94 12971596 6
49 110 62504002 3
36 98 85145852 5
15 101 302087 7
42 62 16311160 5
52 128 94810319 4
65 106 14731180 7
36 134 89076730 5
48 67 36023751 1
13 55 31463268 5
23 65 44252526 2
123 147 16100974 4
92 131 4759449 7
46 76 88693844 6
27 51 43990805 1
125 127 38520163 3
68 81 61341235 5
18 86 52957951 1
22 69 33220195 5
12 107 44546546 6
82 104 53639355 2
114 140 17465814 7
54 72 9316501 5
35 98 7334614 3
2 131 71170924 2
61 122 95233371 1
58 72 35039821 3
31 55 16408743 6
43 75 21170372 6
84 131 60801422 7
42 140 32526565 1
46 110 67784575 5
42 59 99197578 1
3 35 19253854 1
89 90 19831795 3
36 114 62038550 4
63 131 8888108 5
11 41 14474319 6
8 48 99216665 1
64 109 4252093 2
23 27 90929035 5
58 76 58652413 3
73 76 53008586 6
3 42 48568363 6
6 25 76661090 1
50 52 71439728 1
36 72 42469488 1
8 42 36142468 6
38 109 81869220 5
85 129 86077529 2
95 141 47249075 3
1 54 32206896 1
43 146 77846083 5
43 145 68404188 2
6 23 37621131 7
25 66 38835612 6
44 141 37354842 2
62 122 44993628 1
64 131 35617832 4
44 47 20433534 3
88 141 99138629 7
14 76 72146790 3
22 123 74628450 7
66 102 17144308 3
87 135 71703209 7
56 62 76144304 2
80 121 45691153 7
89 128 73806376 4
8 78 8574771 5
10 42 85549196 4
13 94 37983964 2
13 80 77548332 6
24 40 34582076 2
19 34 56364594 2
8 25 32767113 3
13 100 51987236 5
101 129 24535481 4
88 148 96512633 2
65 90 29719701 6
38 69 95762048 7
28 34 68785538 5
90 97 95605137 6
41 65 91698915 2
23 28 15131965 1
12 51 70049199 6
41 135 82028651 7
73 140 43353800 4
65 146 49048714 6
112 124 74025173 5
88 106 79498868 6
2 130 27006157 4
50 77 4011472 2
57 105 25886503 6
24 55 55510075 3
43 60 18747972 2
27 34 90070504 2
79 106 74730175 6
74 90 80777383 5
16 62 34662374 7
38 147 80810462 6
119 148 99582218 4
37 48 8503327 4
38 62 77337851 7
84 98 32712883 7
16 105 57378166 1
35 36 12108645 4
7 95 22304672 1
5 150 61386290 7
117 141 48725577 4
24 52 42858935 6
16 22 20093758 1
25 52 8229754 4
61 69 31217377 5
82 129 59146170 6
1 65 24028454 1
50 65 92990454 1
29 76 93675077 5
2 103 4213797 2
6 105 68423556 6
25 71 25220859 2
72 97 45041827 4
14 53 94248469 4
3 131 46096624 4
87 126 9032179 6
27 122 67909402 1
43 55 51355209 4
8 94 14413261 1
87 98 27039258 3
22 98 45694132 2
97 121 92053863 4
59 62 60660666 6
22 47 96498988 6
61 145 94643450 5
29 95 62701808 7
25 95 10588967 3
122 140 8086580 6
35 95 68143148 5
7 145 59496547 1
25 70 7117254 7
98 131 94846832 2
47 115 10827517 2
63 100 55154327 1
42 53 31736899 6
58 74 3253515 1
39 59 67115282 6
32 89 82653744 5
37 42 72037204 7
11 109 8727688 4
106 122 73537450 5
49 54 77037907 3
32 97 56653138 5
38 81 85021391 6
29 83 45534072 3
133 138 46225068 7
52 71 95751457 2
49 87 91773994 5
41 43 68297499 5
13 109 94209787 3
4 33 87937456 6
5 59 54368648 6
75 111 63215348 7
49 82 56749722 4
95 104 71489049 6
33 137 1783764 6
53 145 82923618 1
95 100 42447315 7
86 130 29413476 5
133 139 80242160 1
52 82 72855296 5
40 59 44387268 2
88 139 10421719 7
35 74 41383608 7
90 149 45882986 1
1 94 15471435 6
113 127 24333146 2
101 119 76106872 4
27 78 76507710 1
103 138 86096227 1
101 115 69189728 2
72 123 30223768 3
2 30 4682539 2
12 75 5745679 6
4 145 58918525 7
32 122 816250 6
11 29 32762341 4
83 148 56904597 3
95 134 87577074 5
47 108 29673297 2
59 97 7419464 2
3 31 71450991 3
78 136 12696752 2
84 108 80846621 7
41 102 54969136 2
6 7 76550131 5
93 148 7411158 5
13 49 34488726 7
24 27 21223847 3
84 141 27122980 2
99 148 75286990 1
6 21 10998049 7
94 121 12556985 6
105 116 72024329 4
6 42 58455267 2
106 144 95334354 1
5 96 97320775 2
120 133 70892186 5
61 64 15700213 3
92 141 52684927 2
55 84 26900914 2
58 107 59381103 5
129 136 80717334 2
95 116 622336 2
11 27 3506703 3
10 88 72230459 1
119 141 21687628 4
37 60 11252314 1
67 98 40835659 1
1 82 43009749 1
69 76 97899381 6
3 80 5821531 6
41 139 86395652 2
1 148 40610741 1
31 95 35423912 1
4 84 89146704 7
16 49 13303248 6
6 38 46083713 4
7 31 1292601 1
3 98 23125201 6
25 138 14643975 6
55 95 2598065 6
8 147 10505088 5
32 131 65662030 6
43 80 90911946 7
6 56 83412784 1
76 87 53462823 6
3 53 44702726 4
32 44 81593916 2
85 94 80744090 7
15 42 61097543 5
4 55 5140987 1
85 138 138626 6
88 145 68855294 2
5 123 18753782 7
64 71 50602747 3
55 110 88029614 6
55 127 85073078 1
103 130 68387161 1
85 99 41540028 7
116 145 8351162 2
1 16 4862811 3
37 55 79107404 4
36 136 93737271 1
14 111 24543857 3
84 107 97880690 5
80 102 86320627 3
1 98 3740277 2
6 148 43178877 5
58 61 40666644 2
57 59 71330744 2
57 144 32551482 1
17 144 77527599 7
79 138 40461564 2
88 95 5639030 4
34 49 58265996 3
14 40 1147246 4
77 90 96583309 2
22 95 59565451 2
96 145 94349957 1
61 75 18306753 5
67 86 91055946 7
22 84 62789547 4
50 66 14204158 5
117 146 33819784 5
7 64 43680535 4
63 71 50288775 2
12 57 85755357 1
75 78 71960567 1
30 36 85159263 6
46 137 10638190 5
47 80 8244745 2
96 122 49457602 7
96 147 57158349 3
10 128 32364703 6
67 129 15872106 1
28 35 60509401 7
94 98 75451560 1
106 123 41530926 4
59 72 81707772 5
27 115 7341262 2
111 140 60429867 3
66 141 69206920 3
69 110 16342663 3
18 64 43900759 4
48 133 11354866 3
94 145 20838675 4
36 47 3608809 3
54 141 9621760 3
71 116 45783334 4
13 99 44486949 4
28 141 12278387 5
48 127 35602999 1
26 67 8779033 5
64 88 74256967 6
23 79 54292120 2
101 123 4962286 2
52 140 42840068 3
1 123 94357087 4
17 126 95564951 7
18 122 97434204 1
54 135 12862839 6
13 136 78187926 3
77 121 49520102 6
13 82 5287004 7
19 126 17425843 3
37 149 60724248 6
107 144 96972294 2
62 132 20088291 2
58 59 56119690 6
6 30 16988504 2
89 123 90037552 7
4 148 85328821 4
67 70 89825302 5
56 70 80291622 7
43 82 90629214 4
40 51 36747996 5
14 17 81733615 4
56 147 72071127 3
72 141 58292996 6
8 85 69678793 2
108 115 80363782 6
73 120 1626543 1
30 64 73961167 1
48 108 5955377 6
33 122 3798552 5
117 150 68871025 4
80 95 64895630 6
2 51 92851053 4
61 78 63929178 1
113 121 516240 5
11 129 92151446 5
41 59 20217620 7
26 115 74729367 3
73 95 80635632 3
34 144 55827844 4
27 73 37314139 3
104 110 93607394 4
5 146 82836420 7
2 41 90564342 4
31 66 85526622 2
26 30 46531463 5
19 35 17706917 6
33 123 21248336 4
14 69 78369311 4
6 140 1626472 6
104 140 75596186 2
131 144 12882675 3
46 94 72960483 1
112 135 28080484 5
24 69 65644546 5
10 70 92416840 6
115 135 86006225 3
27 148 97246555 2
42 104 65429933 6
32 146 6616703 5
17 25 5235911 2
33 85 89269005 5
5 70 75148789 1
110 130 25817767 2
108 129 2737108 4
18 115 46290193 1
127 150 4606007 7
14 100 94492344 1
28 115 84706210 2
72 139 72603856 1
39 110 69376853 1
26 95 8793553 3
79 149 14159794 7
87 148 34974514 4
110 131 31142342 4
47 62 7734416 5
57 106 13181342 2
88 94 91440126 5
67 134 13959832 3
134 146 67082017 7
92 111 24856114 2
3 36 69201891 6
50 140 89007292 4
29 82 93141206 3
13 102 75916468 7
29 131 571787 2
31 148 34284651 4
13 148 49218977 2
69 147 37794464 6
80 107 24678696 3
35 43 59545106 6
113 115 91100810 6
15 132 97996754 7
14 48 65434618 7
25 123 85781200 2
1 19 6583415 4
82 110 30812890 5
2 122 16689044 4
13 71 30796285 6
85 133 28890945 7
35 79 68611719 5
20 70 52979200 6
35 46 8556727 5
50 123 88232982 6
33 39 1885462 6
30 66 70577439 7
72 77 99042405 2
105 122 54786106 3
80 129 10905190 7
19 51 64302461 1
30 34 37637869 6
40 64 34006083 3
15 34 85235385 7
20 27 79415187 1
31 137 1084680 4
2 23 25708592 2
100 126 25245745 5
54 55 72851824 1
50 146 90013718 7
26 70 51199064 4
3 4 75918443 3
57 126 51260139 2
67 145 42351987 4
52 133 9286552 2
60 79 90422291 7
78 116 25940929 1
134 139 54893081 5
73 148 22966445 1
121 148 2335028 5
61 86 60559825 2
15 140 3955026 6
44 70 32733454 5
37 46 42147157 2
7 82 4063121 6
50 106 96916324 5
53 76 32533263 7
22 38 89879868 5
56 146 3445464 6
66 104 1713177 3
112 150 56333018 2
47 148 62075483 2
9 22 9847100 6
57 123 11240832 5
57 134 53554887 2
124 149 86253424 5
58 138 15662318 2
7 19 16811861 7
20 47 62679816 1
6 145 11184337 5
81 138 95106871 5
110 133 5958877 5
46 123 92757669 1
62 107 86752621 3
64 147 67208301 6
58 85 74508888 3
29 71 14895408 1
49 74 86278461 1
37 47 73267275 7
75 133 88066822 2
25 140 93779107 3
70 82 17828540 5
8 100 1568277 1
1 51 13149233 1
65 74 89512339 1
39 55 86768137 3
26 47 37517256 5
67 103 85006906 7
1 109 28909254 6
100 133 95176042 2
69 145 90340888 4
68 70 56479974 7
31 123 87650707 2
67 149 87852059 2
60 133 69830620 4
122 135 35756018 3
10 98 34517813 7
7 35 11786413 4
51 70 44819210 6
35 82 95420609 6
47 102 52208973 2
1 35 13026629 3
7 69 55584345 6
85 118 88309239 6
66 138 65374246 1
128 137 85867378 3
71 122 29016219 4
70 71 67745269 2
40 99 73476214 7
82 101 90308791 3
16 119 48006616 7
11 65 90866594 6
76 117 49798065 4
58 98 33515280 3
30 124 94314595 1
6 27 84521762 1
28 30 67461274 6
22 127 51506785 6
7 46 15535031 3
106 148 30898515 1
22 46 61821511 2
38 115 69530095 5
15 145 82904412 3
27 137 44548420 3
4 110 11897157 7
32 139 64208015 3
22 75 79946871 7
57 91 35932166 6
70 102 47589310 4
34 47 46134092 3
88 102 82564179 1
25 80 19981850 1
34 98 38059581 4
22 140 2983631 6
45 52 95864327 1
33 127 26433855 2
42 149 68954970 4
29 110 59225289 5
1 62 99965400 6
1 95 47173571 4
73 98 86315907 2
19 129 65795739 1
21 145 7590656 2
13 116 66833133 1
28 121 77359905 6
8 99 70021837 1
84 138 22789758 5
25 33 75573332 3
56 99 15772005 6
61 150 88336598 4
43 130 25721066 1
98 110 60919849 2
32 62 11403465 4
59 107 86344758 7
8 91 3434417 1
15 130 90091339 3
9 29 19328184 4
120 122 33300051 6
45 109 1219317 1
30 109 97824674 2
88 103 497927 2
146 148 85996636 2
3 97 39688419 5
52 103 39245987 1
81 128 23681956 4
5 6 93354585 2
57 86 60243908 6
45 100 12493230 4
29 107 95208404 4
138 149 61641272 5
49 70 90710634 2
52 114 93527898 3
140 148 35225968 5
2 115 65790786 5
32 64 62567228 3
14 99 19120724 1
50 81 87791035 7
27 76 1573006 4
21 107 13467163 3
65 96 5296947 4
18 34 1274896 1
43 116 69497685 3
1 84 84013037 4
54 102 94515710 2
27 140 770454 6
85 86 38237819 4
19 67 80424917 7
42 92 19501805 5
29 113 99378458 3
104 115 33464152 2
105 119 65014682 1
15 75 9583614 4
57 148 67372168 4
17 66 21462876 6
66 84 68378674 2
50 122 6748504 4
35 115 6360049 1
119 137 17295109 5
9 47 60103005 2
112 140 75758279 2
35 110 64519600 1
39 90 35772567 2
94 115 19235067 5
97 133 30006994 3
47 59 9265182 1
22 70 17700986 5
29 127 41770083 2
44 136 80792097 6
100 131 35499752 5
49 124 21270674 2
94 116 16431687 5
11 62 98767638 4
60 72 12882437 6
128 129 71361670 1
21 55 78099991 6
69 94 20197279 7
96 110 99510691 6
8 134 7996084 3
76 103 44285135 4
51 140 3003245 4
74 77 93057793 5
56 141 79177053 3
15 21 64090844 4
45 82 47325997 6
52 59 40166372 2
20 140 13989814 1
37 98 67411448 4
144 147 95853280 6
11 75 86915508 2
62 94 21467825 3
135 148 116857 4
118 142 16146725 3
52 110 35699763 3
75 146 13866840 7
56 123 25137160 2
71 75 51690433 4
30 72 948525 1
13 149 65139295 1
66 77 62967242 1
42 103 47962600 4
33 146 1028125 4
45 57 88886049 6
46 70 43817553 4
24 76 35164546 5
60 140 52924855 6
23 129 81382726 1
6 54 50750368 4
21 75 25380881 2
2 59 45339781 6
59 136 8447825 1
51 75 70919323 1
15 122 74641558 4
25 35 65282921 5
16 95 15495751 6
28 47 91751503 3
59 67 2050161 2
46 146 71485075 3
83 106 85065608 3
15 123 27012342 5
73 107 36088983 5
47 71 45539107 7
38 64 69049979 2
118 147 85879162 6
12 148 59372775 2
26 94 5303408 3
13 31 99930537 5
100 147 59187458 1
68 148 87235009 1
19 150 82315447 5
79 80 31159629 1
84 137 448238 5
4 129 28655003 1
10 72 43743163 7
7 25 92311497 1
18 50 97861017 3
30 73 98465127 5
1 52 8704218 2
119 139 41012818 2
69 83 20671761 6
54 80 87962615 4
22 134 31398530 1
29 122 79291280 5
5 94 80849329 6
114 146 77923750 3
135 144 25180462 6
94 147 73033153 4
9 140 43800627 5
104 128 27542821 7
73 78 55618699 6
90 118 94864220 2
28 122 16641333 4
43 131 89465062 1
13 44 84536705 1
33 98 34214028 7
86 150 56169560 7
72 75 73083156 6
22 81 96786806 3
11 148 22553571 5
28 80 95289589 7
33 103 74661974 5
1 22 84976549 5
33 53 15482754 5
128 145 89690990 1
34 94 34047025 3
99 101 67016809 6
82 102 90377289 1
59 141 14100606 6
23 100 2995426 3
28 102 73507065 7
1 122 66266079 1
113 148 26419026 6
67 77 15069877 2
13 62 64684358 6
79 90 3683731 7
53 71 81331355 2
111 129 55742135 4
38 114 42057463 4
22 23 80431914 3
68 145 15709591 7
58 71 61407874 5
118 123 47353045 5
57 137 2394434 1
90 138 37478969 5
13 145 2195763 7
14 21 2757102 6
44 145 42900233 2
140 144 15732665 5
68 108 48243458 7
4 59 99883124 1
50 141 15603128 5
18 145 58842344 1
9 59 27257054 6
4 115 18166512 7
69 103 70355268 6
28 136 18754897 6
12 104 66335442 2
93 133 57291871 4
31 129 39062872 2
66 79 50847544 5
139 150 76050842 4
17 55 7419556 3
32 52 11182597 5
85 126 71920724 3
55 147 13615392 6
8 60 11395867 6
63 108 71040917 2
16 103 45035973 3
62 75 17419048 1
34 121 79273104 1
2 100 33355603 7
112 131 29441623 6
20 116 83672373 1
82 122 66797907 5
8 103 98725497 5
55 72 76707979 2
42 127 44792369 1
57 129 50231928 3
1 25 4743564 2
94 146 6744658 3
112 127 7572007 1
36 85 44084992 2
87 95 40225287 1
80 145 92718519 6
18 59 56674814 4
9 125 45176124 3
73 125 68496254 1
102 121 93287430 4
97 140 56934887 2
11 15 17539308 6
62 114 54765973 7
76 132 77946598 1
60 94 92360896 6
32 59 52886026 1
23 30 23225768 4
134 142 92141719 3
9 10 41469856 7
41 75 93284215 7
13 141 94151375 5
18 80 11908031 3
14 114 69939247 4
28 75 54409608 2
111 134 45266416 3
114 129 49854792 2
120 141 27685159 3
50 111 8202055 6
30 54 88113844 6
88 107 90596601 3
22 101 41367750 3
77 149 37203485 4
107 117 7000578 1
39 92 28159750 2
96 102 79578711 2
22 138 52266967 7
57 122 85245005 5
18 66 58315199 1
21 39 26033947 1
22 40 85037634 6
62 148 89054022 4
28 64 23503842 5
18 75 27379361 4
119 129 83833389 3
39 45 15725662 7
14 22 65564827 4
57 75 82741877 1
17 45 69672045 7
11 135 80213909 4
7 114 16906634 3
16 36 15879029 6
16 35 1101360 4
53 147 7389958 2
105 146 35058672 6
43 73 97915069 6
46 64 33650793 1
40 72 72325373 1
39 146 62756521 6
115 122 934121 6
45 95 46700550 7
32 127 20273204 2
31 67 11582908 1
33 149 42276616 1
11 13 21041416 4
50 128 72743787 5
34 77 2246613 4
59 131 61692395 7
17 122 22038875 2
104 137 7740610 1
2 65 28283205 2
109 135 92711375 3
84 99 84586966 6
41 54 25981912 7
30 59 62441443 5
118 145 60383251 5
63 84 44821391 6
70 84 19788786 3
71 119 62090149 6
20 62 98666443 7
69 75 770769 4
51 82 45491041 4
51 89 48330610 6
8 111 16442230 2
60 128 26010145 7
36 75 50859709 6
100 146 41494836 3
26 60 11555568 6
8 55 70798010 6
38 80 17774736 3
25 122 31772274 5
125 146 96075893 4
10 141 15824632 4
3 84 86981327 5
27 114 83796559 2
18 83 10410883 7
11 81 80004201 5
4 82 20958374 2
30 65 73416495 4
12 62 26653082 1
32 107 10802401 4
55 140 40311109 2
13 23 74824193 5
37 39 88215913 1
72 125 83398258 6
30 125 79446313 1
87 132 65789976 5
76 82 66303414 3
71 76 53209979 5
26 130 23649810 2
51 146 28472999 6
4 123 49013301 7
134 149 89969524 5
10 62 32962443 1
21 27 30619584 7
23 40 22473176 7
32 95 29642299 2
97 150 29841655 2
111 133 1292292 3
9 19 31944893 3
38 122 33294550 2
90 136 87829738 1
25 85 21182722 2
43 57 19947508 3
6 10 15434644 6
11 102 49351003 1
21 95 44338356 4
30 44 63222066 7
3 77 60600627 4
47 82 96428484 7
14 75 61018011 4
96 99 14489905 3
124 141 67446523 6
93 138 7004966 2
92 133 59012996 3
4 75 59891769 1
9 16 88606024 5
102 147 91348793 6
97 103 75442645 1
21 53 97021249 7
97 135 86276695 5
60 148 44232858 4
9 48 9493325 6
34 84 5601313 6
44 59 21353051 4
102 123 38625742 4
22 71 71324966 6
11 121 51939416 7
138 139 73861058 6
10 69 54627895 4
70 141 96673724 5
24 90 39923768 4
116 137 10388484 6
10 110 73305856 1
16 85 15645197 1
65 66 47035204 7
20 94 33886306 1
15 41 7857701 2
24 94 28206532 5
102 150 36295156 2
40 41 38330496 1
26 108 49016967 5
13 69 48579083 6
75 95 1184518 5
81 98 37670380 1
98 101 61337024 1
15 43 77287588 2
56 59 87633515 5
122 129 56347437 1
29 81 52840650 7
2 62 55728825 5
15 54 38009303 7
18 65 5366433 5
82 127 6763556 3
62 91 86505831 7
106 107 81347562 1
83 95 26619058 5
55 150 89859536 1
75 99 21635713 6
33 59 48601289 3
74 147 80307631 3
64 90 89037202 6
107 150 59496245 2
45 111 83886697 2
53 127 90162753 1
20 40 88941279 7
47 123 18575839 5
51 76 42692696 7
110 150 5422847 5
55 76 1298032 7
65 129 32442625 1
6 111 28422091 7
15 61 42199837 2
60 70 90385450 5
96 141 11063171 7
3 89 9442750 6
109 134 1292367 6
62 67 65139400 5
31 50 81158217 7
70 121 10603550 1
29 121 51186459 7
110 115 68732170 6
48 76 84142752 7
96 108 68843166 6
79 98 30088152 5
36 107 83776726 4
95 145 76255135 6
45 55 3429586 4
25 69 30537016 7
12 106 384187 2
74 131 16085736 4
66 71 22724309 2
18 98 4938213 4
55 80 28669833 5
15 126 38345635 3
70 145 4717042 1
38 77 84151634 5
12 131 46600763 4
71 145 98289702 7
41 73 66025477 6
39 98 84207927 3
64 81 85916126 5
96 106 81256619 6
67 123 41735785 6
66 144 71988357 6
31 147 91808073 5
78 106 34527935 3
5 35 59702426 2
25 74 6772173 6
123 138 39377866 7
53 101 17873477 2
111 124 25464934 6
110 116 41665699 1
36 148 93189491 6
40 139 20011338 7
12 81 29110266 5
8 52 51697174 1
24 75 47245063 7
72 136 98080018 3
81 139 87992995 6
6 99 63916032 3
18 76 48724619 4
54 103 22963018 6
3 95 2642326 5
39 49 11753171 2
11 54 54597689 6
27 104 25753746 1
34 136 15151391 4
85 115 88084999 1
59 129 66439441 3
21 121 88421489 7
48 138 8464781 6
5 37 93500244 5
41 67 56097285 7
35 72 20247082 6
6 141 36056759 5
16 75 27169913 5
56 98 8915911 1
75 131 28428488 5
6 73 96018189 4
74 86 74928578 5
14 135 935723 7
71 77 7418477 3
108 146 24677092 3
5 110 42993512 4
40 141 78698694 6
56 80 79659728 5
49 81 36379393 6
37 128 38626863 2
36 55 97632313 7
71 95 33311917 7
29 148 20793531 1
34 110 61172793 6
114 139 43586579 1
80 115 42746555 7
112 113 32249156 6
24 72 51272854 2
32 43 48928535 5
11 55 60030562 3
58 103 39474989 6
93 125 68636701 1
75 144 8972639 3
69 131 18705172 7
67 81 42958241 3
23 105 31641411 6
7 8 55715680 2
35 70 96851730 1
28 108 49366507 4
92 98 21147723 2
93 114 38716925 4
34 74 99338906 5
80 81 9879172 5
71 107 26844158 5
27 111 43514672 3
132 140 2080247 6
56 76 21603740 2
88 114 53842530 4
46 116 99659838 5
103 123 40615923 5
16 48 47303127 1
23 131 85501662 4
17 38 11199026 6
50 70 64581520 5
40 49 89896977 1
46 65 14413810 3
93 116 16271504 4
2 25 51026917 6
36 46 68794877 7
9 70 1327647 4
98 108 80552057 4
58 110 61250258 4
129 141 98699101 4
106 129 54763915 7
3 121 54053071 7
53 123 10737854 4
5 52 6553291 4
34 62 6060942 1
6 135 26625950 7
80 109 98777689 4
80 125 74586666 6
5 64 58399261 2
94 107 71826134 4
108 148 80661094 7
2 110 3840721 7
114 150 34473276 1
87 101 7834495 3
48 70 55268780 4
24 103 55340526 6
85 148 33152433 3
138 141 62001042 6
60 131 92765885 7
34 127 54806312 6
2 139 80453759 7
67 146 5182567 7
1 39 61266758 1
11 56 77910854 4
76 101 62081041 4
9 75 17588623 5
27 59 293200 4
35 61 93480176 1
105 141 5292215 2
18 46 4231406 2
34 75 15602126 7
84 102 42653757 3
90 145 51462658 3
15 35 57210554 4
21 43 44840478 5
2 5 13782287 4
27 65 53542704 7
112 149 34217432 6
13 38 87159927 5
54 145 65846329 3
24 100 5336239 2
30 133 7189492 6
17 19 16076355 4
48 121 88173391 6
18 27 44455430 7
63 122 81844868 2
34 46 38153942 1
17 21 99043610 3
8 47 12498582 4
56 121 78063253 7
3 148 70127730 2
42 86 5733177 4
27 98 28906615 1
15 95 38499269 4
19 75 39655892 5
24 130 33109549 6
77 139 64273462 5
59 111 85256728 3
92 147 96922879 2
12 77 71765060 3
65 67 54232330 2
78 98 60258283 6
44 125 76900064 7
27 138 93318976 7
83 135 9966864 3
48 98 9312792 6
65 108 63971231 3
66 136 9084652 5
119 121 43861800 2
78 134 69799463 1
33 117 40535897 7
2 37 21485875 3
74 82 35103246 4
114 148 68008792 1
5 140 21679312 7
11 64 64282673 2
27 105 98778808 6
4 6 21543453 1
49 59 51276960 2
31 46 95894501 5
20 72 23169583 7
36 54 22850463 6
71 91 18120338 4
10 71 9502101 3
30 69 51567893 4
10 61 37242895 7
136 145 19714602 4
57 81 84530046 3
25 65 67910160 2
31 121 12919591 6
18 138 74066361 1
106 127 42412790 7
76 114 16282212 1
145 148 16759101 4
22 139 33837783 5
8 21 6333357 6
27 43 86948365 4
34 39 25307268 6
70 86 44510351 4
126 127 21682707 4
29 42 56588576 7
3 127 71426471 1
9 133 72202063 1
55 137 55321969 2
66 128 41282579 2
38 98 21348343 7
56 103 13957519 2
32 78 77810085 2
92 102 79923479 5
35 107 41193608 4
6 85 33511241 5
58 80 9827232 1
113 139 37840594 5
20 97 79688818 1
43 44 58589587 5
17 82 68565851 5
37 82 57902402 2
1 55 11427811 5
2 67 14363300 4
97 147 44927806 4
16 147 34878325 2
11 67 12113973 1
13 115 33415897 2
51 72 60955286 2
33 55 24464122 3
54 129 23673318 5
103 122 83714292 2
47 72 80131679 1
27 130 71596692 5
49 84 8490829 2
24 78 7117558 7
52 102 85144579 6
5 115 97409674 7
28 53 16645361 5
55 81 13012564 2
13 146 11985579 5
6 80 42272377 1
52 150 16226700 4
41 52 87820803 5
7 71 20195175 5
135 142 9239168 1
50 109 92235179 4
20 80 76124945 7
98 99 49759890 4
8 66 40018190 5
24 115 95488806 1
10 129 72112842 1
72 76 87611789 6
93 115 52940746 7
10 101 87199179 7
95 140 79050183 5
31 144 66477487 2
60 74 36479353 6
7 81 56241530 4
47 66 90580753 4
105 134 64079537 5
49 51 59666872 1
29 123 60334022 1
38 111 78199006 7
21 138 87951929 5
39 41 43381053 2
77 95 43035354 1
27 35 87380400 7
28 127 26282521 3
33 86 40001323 5
10 17 35606330 4
53 137 98204512 1
27 49 73617721 7
21 102 39484003 6
107 123 60670984 6
103 150 87255742 3
45 75 57326421 2
85 147 74450747 4
82 111 10808080 6
32 104 21759220 1
35 53 67587790 4
11 94 4665837 7
63 148 14074225 4
96 123 51164568 1
99 106 84177990 1
128 131 10367172 5
86 135 16143592 6
51 134 17879860 5
10 115 41589526 7
37 51 43515498 1
18 111 24840178 4
5 22 67732152 1
3 37 35809925 7
65 147 67328562 2
37 124 76963559 1
83 122 40662810 5
47 107 50468481 2
60 134 32970217 7
23 35 45292560 4
105 111 41546716 3
5 16 26405742 1
99 110 77230466 1
63 78 97530278 7
101 106 61724510 2
35 130 67540658 3
1 57 9019830 4
91 122 63289152 6
39 71 8173201 7
92 149 54200433 7
81 136 87619496 1
19 138 85900821 4
85 109 16912065 6
7 106 78192368 7
5 136 47947818 7
100 149 32779048 5
26 105 71547856 5
71 123 40930709 5
32 48 70065604 7
86 101 26643773 3
82 105 30776066 2
27 133 61775087 3
17 51 11669813 6
77 129 12695374 6
19 62 7100567 3
136 148 75929518 5
30 38 55684414 6
43 97 55782837 5
126 131 69334245 7
14 143 3282700 7
59 123 25493253 3
16 139 48522657 7
36 59 43381758 3
87 140 16482752 4
7 78 93200570 1
18 135 16325921 6
5 41 74335084 5
15 45 40373133 5
8 141 39187619 4
9 80 89225675 4
35 64 54349203 6
65 99 11732063 1
116 149 31571789 1
62 77 96681552 2
20 137 76253037 2
112 122 45951950 1
60 150 84666479 2
50 147 49160345 2
12 55 33505276 7
23 38 7038056 1
6 139 77970839 1
48 144 67266967 4
45 80 78153902 4
22 136 23003623 2
39 65 51806314 1
21 148 18218468 2
15 19 50003040 3
4 90 74940862 1
37 43 65436807 5
76 148 1271699 7
147 149 80560085 6
12 38 92803333 2
65 128 92443299 1
3 102 41292765 2
109 128 11649527 1
9 45 55530869 2
84 115 41340663 3
125 148 33994044 3
57 107 63506549 4
141 146 92015320 5
70 148 69046777 6
60 104 46616452 4
5 86 90049069 4
64 78 12168989 6
9 98 34256598 2
5 81 17781253 3
8 114 2425530 3
107 109 31216057 7
34 52 35544611 4
31 94 79106089 1
19 100 44132229 6
15 102 69512885 6
2 17 5634351 4
89 148 41040882 7
50 114 80181692 5
22 30 61510858 1
61 95 4415351 2
13 87 98480280 1
35 117 81191823 1
8 129 35917834 6
51 128 93038373 7
57 64 1672317 6
8 57 96402143 2
3 39 1612715 7
24 71 14678952 4
40 80 91288362 2
76 108 33601419 7
8 146 26162864 7
16 40 26148620 2
17 106 81675751 2
38 51 67897553 1
107 148 13921366 3
49 148 59122419 2
12 146 55929177 7
35 121 12080182 3
3 94 76018417 2
25 41 37746704 3
25 105 44132033 4
11 122 90434291 1
77 86 57895414 1
3 48 19932876 3
76 109 8980414 4
6 61 7139884 2
57 128 63581559 4
92 139 83344768 1
62 145 89457591 6
87 110 42871861 2
23 113 14465470 3
2 99 50354729 5
11 139 65531 7
103 128 1225500 5
78 107 4539039 3
31 34 77306331 6
14 86 14886223 3
27 63 56770215 7
38 126 63821643 2
40 53 22822695 4
62 97 85819088 7
72 140 80333416 2
51 99 26846015 6
55 69 28502545 2
125 134 50294309 4
38 79 91004474 5
8 95 28396639 2
22 150 34110573 3
93 129 25568412 6
41 137 77786961 6
96 140 84406063 6
5 98 41793097 7
74 107 38734702 7
77 127 4228577 5
70 110 49975493 3
7 76 9702411 7
136 141 47406692 3
30 75 46912640 2
88 122 64450150 4
109 146 94946641 1
25 43 38774974 7
82 96 96668288 7
119 127 82803493 5
55 82 50630152 1
90 139 38617669 5
65 110 77397580 6
33 38 982892 2
21 22 68729155 2
10 137 77285252 3
61 67 43387165 1
81 135 523354 7
41 98 91717486 3
53 140 74106631 7
73 75 65322754 7
31 41 62282770 4
4 138 89480550 7
5 30 96606857 6
12 70 75013971 7
21 30 28726183 5
25 75 26373956 7
24 66 65641572 7
59 82 50689403 1
37 49 40007191 7
45 103 2398999 1
26 77 83390752 1
110 111 19935615 4
8 62 95718729 3
34 140 43693418 7
23 145 7246049 1
50 94 37515945 3
3 21 46849713 5
18 45 16915942 4
34 41 49866853 5
97 146 43021583 2
33 136 42479339 3
32 80 99732832 4
99 107 3418646 6
12 149 21189047 3
6 39 76591398 1
22 61 69429307 6
16 87 18835900 7
23 123 15044377 3
45 94 700800 7
17 147 133802 6
71 73 50895129 2
52 95 42863325 6
59 133 98231583 2
51 94 27201909 2
70 128 92810090 1
32 38 75212377 2
117 122 76757359 6
61 137 14765062 5
51 52 30344389 5
30 71 25353074 5
80 99 48396764 7
38 135 26802599 4
12 127 24542559 4
42 102 46050721 5
8 27 8024434 7
94 141 96982589 6
44 103 43353631 6
40 75 28815576 2
43 123 85241746 4
26 135 3888525 7
68 140 27828493 1
76 119 10498482 5
15 27 80646491 2
2 21 21711474 1
28 54 22239143 2
26 82 80789066 2
31 98 17188927 6
32 116 63088806 4
24 121 99471505 3
9 135 12625089 7
66 129 46229099 7
54 78 61114648 7
93 140 67219475 6
13 64 29840513 7
3 41 33638555 2
87 139 88348190 2
50 86 69659822 7
122 136 88162360 7
2 40 31194892 3
11 30 59553149 5
42 134 36979890 1
9 106 56547729 3
42 81 67181102 4
108 113 59057564 3
18 40 54989684 4
49 128 83513467 3
64 107 65918324 7
99 147 59989573 1
100 122 97838701 6
110 117 94239679 3
86 131 89167051 4
44 110 26973504 5
1 149 66576896 1
83 141 22269105 1
21 48 46699952 3
5 24 11147807 7
77 133 32541002 7
21 125 6663764 7
34 122 1098431 1
40 145 10908886 4
109 148 16128041 3
35 145 11532205 4
36 66 44289723 4
11 51 89923099 2
41 109 57745289 2
137 146 92396471 5
10 107 1924060 7
27 42 75671804 1
11 21 68660238 4
7 107 94635037 4
41 127 98932238 2
63 76 46113960 1
118 131 41264963 7
100 123 83670637 2
27 29 14359291 3
73 80 10937149 1
50 115 83620169 6
25 100 46633269 3
47 51 23010394 2
23 92 70119968 4
28 50 12038208 2
10 35 49047491 1
41 62 44819142 6
42 130 96737921 7
97 125 82817972 5
41 55 59126348 3
79 86 1902972 5
9 27 71464244 6
127 131 84220710 1
100 148 78664712 4
5 21 31611051 6
20 52 98426386 5
23 99 8928631 3
62 134 44979651 1
60 86 7966837 6
84 123 99757829 6
40 65 34292351 6
16 56 46583587 1
42 115 10737362 1
61 123 77786228 6
70 111 45739039 4
33 106 29700121 2
44 129 65268110 2
10 145 86162326 3
4 139 18884446 1
47 121 8505595 2
19 27 70614430 4
42 120 96493521 3
44 140 26719886 7
17 30 6852404 7
57 136 16163049 5
109 123 3986404 3
101 137 49800618 5
29 66 86689374 1
24 80 93593482 7
9 137 72786016 7
2 55 40659726 1
32 70 50529102 4
13 76 4457590 1
103 109 25983952 5
114 116 62534217 6
87 106 78081809 7
121 146 13048123 4
54 140 68173796 5
11 25 63296523 2
60 106 63092974 4
4 43 10479844 2
8 39 47211420 4
22 115 65177400 1
4 140 57130365 2
33 65 53105817 4
21 146 83080664 4
10 103 38158469 5
15 39 90618798 1
26 49 23193112 3
76 138 99586466 2
35 84 64371859 2
89 141 83025830 1
59 106 5863626 5
29 36 33411522 1
65 86 3476740 1
19 137 77228469 1
23 55 70945987 4
50 127 50103567 4
53 75 56149582 1
16 47 33313556 7
34 59 27523548 7
38 41 39644608 4
91 140 91107842 1
91 109 51381695 7
11 132 54597786 6
93 132 59207942 6
13 51 19545058 5
47 49 37563972 6
30 112 56237289 5
24 140 69248136 4
63 129 74378972 4
30 98 48125817 1
5 138 25417815 2
1 41 37330534 2
13 84 30360238 7
99 116 29294274 2
7 18 74145143 2
85 98 19336768 1
78 135 55569960 1
9 148 69448230 7
42 69 61647909 6
23 75 16530542 3
19 36 18697136 4
32 94 11471908 5
29 146 63839275 6
72 146 30664838 5
30 50 56959751 6
13 106 86350573 4
43 64 47587833 3
13 61 8656690 5
62 127 16747065 1
5 78 54672503 1
97 122 83815507 1
42 77 50563548 1
37 127 13753070 3
40 120 19240839 6
3 29 93475119 5
128 144 31630456 6
106 133 83761130 6
61 141 79428830 7
71 81 82499586 1
27 85 18117444 4
43 95 66831958 7
37 68 21520850 6
2 86 7346774 4
35 69 67503179 6
19 59 80499196 5
14 64 79125146 1
138 148 55439056 6
72 99 11946483 7
10 53 20272662 2
65 70 47128147 5
95 137 22756781 2
94 137 52247501 3
16 60 26430163 1
13 52 46553995 4
19 106 98805115 3
25 34 58645155 6
22 59 37976782 4
24 30 90350730 7
22 67 20698047 7
35 94 81710670 3
46 60 13560322 2
32 55 92002044 7
28 49 91468319 1
47 89 55322299 6
42 107 59976796 7
16 78 73568499 2
28 137 4013139 6
71 101 52156246 2
44 95 80055709 4
42 84 36950188 7
103 146 48311795 6
127 147 34738674 5
69 133 52033951 7
33 129 12963093 5
30 80 25790099 6
9 61 4960567 5
47 87 92003402 6
19 71 20127170 5
12 66 13998518 5
46 138 25579316 3
63 143 70289238 4
6 44 77837062 2
45 133 32431973 2
24 36 23887713 1
59 108 11709678 7
35 123 48465876 6
109 136 92604239 7
85 114 81842748 7
27 84 65411403 3
9 120 25045284 3
96 135 22648259 6
6 64 9114046 1
17 86 18276770 7
26 27 73244321 6
37 77 8057187 1
35 91 6923242 2
10 146 19316311 5
68 147 79400337 7
50 51 2342320 7
97 128 61402505 5
36 133 15224482 1
3 70 44818275 7
2 13 88406057 6
23 74 20576926 2
67 105 7673386 7
33 37 66831883 7
54 123 64672016 2
37 131 81119305 5
22 104 94808443 3
26 146 51759630 5
78 147 37880910 4
137 145 90465058 7
1 78 19784265 2
80 94 86447598 7
132 139 6678150 1
54 94 34184686 7
39 51 87763940 4
49 95 84038865 6
15 70 42250210 5
63 110 5417391 3
45 70 59705371 1
54 97 29725277 3
16 70 13756048 7
96 109 83450441 6
147 150 97218874 1
78 133 4843739 2
98 125 55821949 4
26 71 3768152 6
77 102 51218112 5
61 149 96077871 1
14 148 88225960 5
31 80 9697094 3
33 84 86545429 3
3 123 12068374 4
87 147 69438492 7
35 131 72126682 3
73 123 79715366 1
24 134 6071786 2
76 147 53364204 7
45 123 39370343 6
100 110 45623897 5
38 141 49656244 3
16 25 21897937 7
1 96 47544024 2
22 52 26566883 6
37 150 4262278 2
40 98 39231636 3
127 138 87959424 3
102 122 43697144 7
14 72 76259641 5
17 95 19111527 7
22 51 96428953 4
35 140 10204565 7
67 131 23065987 3
49 143 58838575 5
34 137 48021256 7
7 77 90733022 6
62 80 71973213 2
97 102 94016883 2
37 145 24260167 4
14 108 60169433 7
76 131 20294300 1
93 135 42098985 3
70 120 69933431 7
24 44 97144586 7
129 131 97346407 6
57 141 24376858 2
100 145 3228286 3
7 67 76978577 1
17 99 37014071 6
57 98 58464216 3
20 122 37601527 4
56 115 13317584 4
67 75 86868069 6
121 139 657789 1
47 145 66909946 1
141 148 76252742 3
84 110 46195471 3
102 145 72487032 4
73 94 66275780 3
108 125 8453935 5
30 134 84710039 6
53 138 18083084 1
5 57 50377260 4
132 147 61721296 2
56 130 45768010 4
26 54 33655730 2
89 137 95010851 5
82 128 78059797 4
27 86 29621056 7
35 59 91109181 6
44 61 39663714 3
28 94 36079177 2
94 122 3852358 7
72 148 78011441 6
57 69 99205114 3
81 107 26792293 1
73 127 21061624 4
34 111 21420388 4
96 131 16785846 6
98 145 51503774 7
46 149 72579958 1
47 100 98433022 4
121 150 68882659 2
22 116 33698290 7
42 87 19162983 5
85 146 3177370 6
115 131 45675355 4
6 40 87216342 7
72 95 76688996 5
9 81 66458425 3
35 122 42722341 3
3 103 74707361 1
82 94 27362684 7
8 36 72105848 6
8 133 83537196 3
103 137 20854875 4
130 137 2575206 1
73 82 56492333 2
65 122 79345501 6
117 140 63329109 5
109 137 15716835 2
21 42 55575547 7
124 146 95144266 2
114 123 72165872 3
30 104 92543545 4
48 71 41142216 3
80 144 31621236 3
80 146 40731696 2
88 117 60363076 7
134 138 72712283 3
119 145 40211784 7
9 76 43286295 6
118 134 57595983 2
63 97 48624001 1
38 82 18053546 7
37 66 8710485 3
66 114 42856256 3
41 90 44443621 3
131 145 74256451 7
21 131 70928912 7
27 109 90260536 6
10 52 74974301 2
60 137 34158845 7
119 122 67014075 7
20 30 26996425 4
44 150 5618743 2
11 101 70423920 1
53 94 8738592 3
73 92 46031442 7
78 122 36410785 2
21 76 51039151 6
4 137 55023565 5
64 140 68815722 4
16 34 21349236 6
72 80 67436156 4
81 110 91434452 1
121 122 24636831 1
77 147 63707726 4
18 117 48405972 7
17 81 48460717 7
63 115 25470096 6
31 81 86038296 4
63 81 86439083 7
21 97 1418750 7
43 110 12795399 1
38 43 24590376 7
26 51 91831917 3
39 80 10326830 4
66 95 82478473 2
10 95 81470689 3
53 55 63012174 5
6 70 7109364 6
19 30 56746137 1
8 46 61832396 5
2 127 53865264 4
127 141 3720140 5
49 72 67676346 4
82 148 8377405 5
74 141 65295848 5
132 149 26514706 2
13 46 36556137 5
7 122 71136899 2
76 136 72758465 1
60 61 29364005 3
15 125 974525 7
18 103 29983177 5
11 70 41060392 4
47 64 47576757 5
52 66 54987367 4
133 137 78263463 4
11 82 21679247 2
116 121 35803238 5
82 88 41187296 4
23 51 10159981 2
16 37 48552642 6
28 48 43581091 4
25 78 49181470 2
86 103 78035534 1
93 111 91811310 6
36 52 94829162 6
9 139 29031115 5
16 121 97541350 4
10 138 84440211 6
102 110 38348788 1
62 81 34379323 4
52 135 2243268 3
30 146 33473907 2
26 131 46164228 5
40 150 14031377 1
65 150 71832145 2
107 136 96088939 3
86 125 82217080 6
111 130 43207574 7
68 109 94957117 5
21 98 79688457 5
60 80 28438280 3
47 98 52750159 1
9 40 15365732 2
15 146 1713821 4
76 122 9042113 7
42 139 582514 5
41 106 18007910 6
69 125 26793714 3
38 107 89348617 3
16 133 34509812 3
18 21 80924530 5
25 103 65636155 1
31 39 21075095 4
60 97 68126617 6
34 102 93664132 2
33 139 33419263 7
78 123 84779465 1
16 27 34715833 3
8 41 85184163 6
19 41 89297553 6
72 128 84300767 2
96 129 90930082 2
7 52 45725321 4
51 136 55232306 2
19 121 97499563 7
21 47 30711096 4
32 35 32322402 3
76 91 83222331 4
18 81 48373710 6
23 76 76144382 1
31 70 43881370 2
82 139 77799705 5
16 122 31344926 7
28 133 6870987 3
42 148 21441513 5
50 107 31256108 4
107 149 52403644 7
31 43 27608528 2
82 115 19425013 6
51 65 76331256 3
61 81 15469563 7
121 131 77283735 2
42 101 83298316 4
126 134 91419259 5
87 102 96204696 7
77 81 21295828 4
5 15 64379974 3
24 42 39479358 1
31 36 17836430 7
15 17 46817719 3
42 48 21576757 5
24 146 22765768 7
5 39 29508697 4
115 149 69281690 3
8 50 43666132 7
113 149 47591767 7
14 61 41411550 3
30 121 20233365 1
77 122 19246048 5
50 80 37518526 7
59 87 56556081 4
3 46 30231612 3
107 146 53013879 6
4 78 22942511 3
30 53 73572098 2
52 73 94446144 7
8 81 34212287 5
34 99 95472101 5
73 115 60888579 7
24 45 6517493 7
25 127 36580903 4
89 97 16031260 4
78 131 60813606 5
101 148 96216981 3
97 120 72402681 5
29 40 40921293 5
40 76 76012480 3
75 84 55013326 2
31 139 11195513 4
21 70 44538273 2
19 120 51267599 5
76 145 7320608 4
20 111 51362420 6
34 95 12328280 6
45 148 20992170 6
30 81 83614214 6
20 76 36902258 4
104 109 9555584 1
55 64 53326717 1
4 48 41994273 5
31 140 15597583 2
45 65 62541173 4
45 134 90528670 3
52 108 45791797 3
34 38 24988465 1
41 48 88253452 5
74 121 59839783 1
66 75 5644698 4
85 95 50306327 4
45 127 35431279 6
87 99 99762668 4
28 36 84411319 3
53 129 90278777 6
74 94 61176640 5
105 115 65083769 7
50 72 75848904 6
6 62 25057417 7
54 95 91387365 4
115 123 41997116 6
95 121 39940076 6
107 139 84004090 6
8 51 8971816 1
48 150 29192955 1
141 147 71027924 5
43 102 87873764 5
96 114 20495298 6
56 129 37296580 6
77 99 90002605 3
32 53 79859392 3
118 125 33648326 1
41 148 64337398 3
30 136 72287575 3
89 95 10688616 1
46 69 73677851 1
66 72 88706966 2
55 123 57156254 6
31 86 72249953 6
73 129 72011228 1
11 35 29493146 4
24 147 62913466 5
14 122 40711444 6
98 146 92257446 2
4 30 55270416 3
6 82 97572850 3
40 82 42933321 7
6 101 3319945 3
42 132 37479509 4
54 148 54964249 5
9 86 7774184 2
6 120 30565040 3
38 90 76632740 4
26 123 876317 2
98 148 28122009 3
6 81 40522703 1
64 99 76119976 1
83 94 83396286 7
67 74 87066281 5
5 10 15413667 2
70 101 84574754 3
19 65 82959884 3
81 131 3574519 6
23 102 25186661 4
2 146 65016477 7
35 111 71384195 1
36 128 3446909 5
43 122 62216192 1
111 147 16974275 3
32 145 60781191 4
48 52 14495554 6
47 146 75863445 5
49 77 4364917 3
79 123 92278958 1
105 135 94892188 4
2 98 7837166 3
73 136 69129263 3
67 100 21887954 7
10 46 37600616 7
34 116 89490811 2
99 131 2631390 3
12 45 77778389 2
58 65 73225826 4
2 39 56498174 3
46 53 49632105 2
34 51 21885956 7
25 146 30979669 4
58 121 97254730 5
28 89 60481479 5
43 139 60767126 2
53 81 54407645 3
10 43 90705014 6
30 67 47111212 1
50 67 5865179 5
44 106 14927993 5
15 115 89945993 4
103 134 41291681 1
39 139 3534590 6
100 104 90403767 1
26 59 27816660 5
108 121 14080543 3
28 65 52530738 6
62 144 37930825 6
25 109 80218292 3
27 91 79383818 6
55 71 60334548 1
56 114 54854259 5
21 73 9802458 7
5 104 2585134 7
96 100 19753589 2
18 110 1750540 5
72 94 36910834 1
13 135 22769478 4
118 139 47809466 1
106 147 4216791 3
100 102 76144515 5
43 148 94166091 4
89 140 60009677 6
11 147 87281691 1
17 34 3969003 6
74 122 53863532 3
64 149 86523738 1
92 95 64589714 1
73 84 20349768 7
68 99 14420242 7
143 148 86831725 5
76 146 19030019 7
17 42 90854657 5
17 47 89553900 7
15 55 99834223 5
91 145 14218358 3
49 146 2025886 2
49 66 30592678 1
30 114 64620288 4
5 116 85422958 6
90 147 82410321 5
32 150 18676451 6
13 41 43660200 1
89 115 75038411 1
14 82 11002619 5
92 121 5152069 2
57 61 92212324 7
8 136 97352469 1
60 103 86861744 2
11 48 5212457 3
117 128 37976546 6
28 123 20249802 6
17 50 95592345 6
7 17 56248734 1
53 121 14658680 3
84 121 94984055 4
86 98 88877741 6
63 101 20816555 3
39 135 25371020 7
109 116 8643481 3
54 100 76602024 3
36 124 36742567 6
25 72 34255636 3
40 94 47003516 3
32 148 89725260 5
9 39 63836111 2
37 111 39176782 6
1 46 17448173 7
77 135 14322337 4
39 140 11094015 2
121 129 51324034 7
97 145 64938470 6
36 116 46628398 3
22 102 74386427 3
33 147 43312338 5
103 136 56636084 7
27 52 10513537 4
36 137 77569989 2
38 129 966170 7
42 99 74998499 4
8 17 6675294 7
66 81 58673164 5
4 98 58174547 6
10 121 48393127 1
25 54 70582488 3
19 47 7414563 1
48 99 27365877 5
20 45 75908944 1
46 66 92976806 4
57 84 70200151 3
86 114 11358976 3
1 4 80079714 2
18 79 25729084 6
23 150 69371330 5
92 127 7445957 1
88 90 42073289 2
79 99 48159254 5
63 120 79822334 2
65 111 46471846 3
39 108 81152536 1
9 64 57908842 6
12 67 62445459 1
36 122 79562585 6
44 62 26266017 7
59 101 69287799 3
41 70 24797484 4
124 140 14500228 3
47 54 41927417 1
90 122 4312793 4
27 81 1067833 5
84 135 10937989 2
135 138 79278724 1
51 81 20264156 2
39 81 57220378 6
28 116 93555559 5
4 47 92096848 2
33 105 10277999 3
38 145 55448761 2
17 43 6123279 6
67 76 36199515 4
61 102 79889102 6
32 85 62777045 6
33 150 71138409 4
16 145 7717540 3
126 133 6355227 1
55 62 37180845 5
38 86 85111893 7
48 79 69528245 4
13 123 42729982 3
19 110 30554842 2
65 105 75060100 7
8 140 80785946 7
3 106 43877550 1
35 85 45637075 5
33 51 55149481 7
21 71 24650584 4
38 97 45666407 4
62 103 54266809 5
4 133 79217770 7
50 103 27513354 1
53 108 41722289 2
43 53 24293541 2
48 77 24391194 2
108 137 2078872 3
43 62 50867760 1
12 30 20694963 3
98 147 91833034 2
107 138 91529345 4
50 88 39922878 3
64 115 65275876 1
99 136 92023977 3
2 52 78628859 2
40 132 21954971 6
87 150 74348976 5
7 16 27182734 3
36 120 18777010 7
34 64 30334772 2
84 145 33418179 5
14 23 68375205 3
58 146 34297905 4
52 69 98681210 2
61 121 58064072 4
91 123 19471718 5
52 148 79820098 3
4 95 69428156 2
60 145 63688500 7
73 131 10147060 3
35 49 38284325 3
35 55 3282180 2
95 122 37588773 2
50 78 10126055 6
7 41 30102035 6
65 137 4754654 5
97 108 47126054 4
64 72 92782086 2
14 81 40366842 7
1 134 32692988 5
49 120 98139943 3
85 106 56152139 2
119 136 98875284 5
20 38 25686342 4
22 114 28039237 2
23 134 79646907 5
51 59 67684164 6
23 43 2193558 5
28 95 68114865 3
56 69 16472308 2
39 42 89537940 6
37 125 66642974 5
81 129 23569170 2
113 123 48521264 1
34 43 81499406 1
122 125 545085 6
64 117 61719558 1
61 99 93010374 6
5 137 9682993 6
30 108 69147275 6
20 114 34273006 6
97 137 75190071 3
31 150 71507682 1
28 81 39428453 6
52 125 70408951 7
84 114 78806849 7
2 64 11305911 6
61 115 8278373 7
55 66 40495894 4
57 131 44990498 5
68 97 15258133 7
54 59 35398584 1
9 129 15325391 7
2 140 65403588 5
6 89 12256832 6
19 77 17461187 5
38 76 50891120 5
137 150 72002872 2
28 132 88995441 2
71 115 96044202 2
17 65 31672310 6
108 145 37366638 1
121 123 2541157 4
70 79 56418959 6
16 21 73584825 7
17 109 52215576 6
47 61 78060965 7
65 127 3553732 2
68 77 67224037 4
71 124 26138895 7
35 99 78107283 2
14 145 90622348 5
56 64 35238559 1
59 148 2401022 3
8 148 23591379 5
10 76 71917725 3
28 70 96076614 7
51 145 52077292 3
66 147 90123685 2
52 122 57504395 5
72 145 69040384 5
61 72 62904116 2
27 72 2764268 6
26 98 68270139 3
43 111 39977326 4
19 94 36315026 4
93 139 82442624 2
51 87 5583683 7
28 62 48327213 3
115 121 61278980 3
83 123 76246710 6
52 115 50669097 6
15 20 82792407 2
20 103 51131811 2
32 41 95023450 6
41 57 69284049 2
20 61 54389484 1
25 98 22054446 7
47 86 56622801 1
10 84 82458847 6
76 115 39543287 7
37 138 98463975 1
70 123 76234392 4
5 133 91454720 3
63 99 7259088 2
101 139 11753960 5
47 110 32902497 7
4 67 34365182 1
85 122 18867479 4
87 146 19623229 2
73 109 87061198 6
68 86 95968045 7
60 111 98265071 7
27 99 50543863 1
33 35 48464815 4
43 81 77542034 5
93 131 60528110 5
92 118 55807301 3
67 72 87446011 3
27 125 46713672 5
108 138 13719529 7
17 52 37411051 4
14 25 61136825 4
64 86 26275249 4
45 59 71541295 5
7 150 86802297 7
72 116 24685978 5
12 64 42902786 3
13 39 79288587 4
10 19 31191619 4
6 12 11835533 4
60 95 39114129 6
63 72 17987861 3
12 141 10460713 3
8 19 94308635 4
74 137 41466463 7
95 150 1008841 1
42 125 14292792 5
34 148 53200718 2
45 122 60411537 1
42 80 15608848 2
76 95 46998632 7
89 94 31145034 2
52 64 79730749 7
106 136 76084038 7
29 43 77865370 4
11 73 74826069 5
67 69 46796082 7
61 139 54872617 6
45 106 53106527 4
52 105 16957025 6
13 66 30443515 7
45 53 20135113 6
146 150 67299685 1
35 78 61645209 2
7 54 89977786 1
69 141 58968646 4
2 48 46216138 1
37 80 15156667 6
12 129 22990071 5
8 40 13772466 3
1 38 23951255 7
24 141 93411191 4
26 149 75120101 5
3 65 61029406 2
70 133 51594614 4
140 145 54786059 1
1 130 12864616 3
16 30 17651336 7
65 119 71633544 6
69 86 93130659 1
13 19 15716185 6
107 129 24493016 1
30 92 90913782 2
15 141 50299062 5
7 39 65124503 4
66 127 60864284 5
10 27 90457427 6
58 126 75041703 7
56 65 21459313 1
76 80 91070949 5
57 92 86397803 2
69 146 93970155 1
75 122 87496118 1
115 129 11177903 5
2 111 4887628 4
25 131 5160143 6
46 148 63708668 5
44 50 65536074 3
45 62 4852727 4
9 143 68328861 2
8 72 89012959 3
28 60 91393066 5
51 127 89308167 3
61 77 38219372 5
12 74 75928150 3
88 134 94159724 7
48 96 13769941 6
18 38 70754237 6
37 75 32910598 2
31 111 14941674 5
9 55 87778000 5
15 59 38048176 2
117 129 8836679 1
1 48 11151018 1
46 130 29397497 2
66 111 12938021 4
18 54 73355456 7
43 49 82100402 7
42 114 79604285 1
48 86 16908198 5
112 116 53539139 6
37 76 3330595 6
59 94 72982554 3
41 64 17037987 6
18 49 95603220 7
28 44 79078963 3
16 99 3395254 1
83 117 87140743 2
43 84 44610563 6
67 133 4380241 3
79 122 68076228 7
16 65 16816292 5
109 129 49483028 5
117 139 46888211 3
80 111 50518158 4
45 46 79383435 3
52 67 81142358 5
31 141 26398896 5
36 37 67781166 1
123 134 19147237 7
47 95 88807648 4
51 144 54046438 3
15 127 8155698 4
99 137 28474973 6
43 46 74364735 1
58 75 59362318 4
98 139 22373497 5
113 122 32309904 6
88 137 5726472 6
30 70 55161009 1
107 131 73712374 1
25 97 33395769 2
13 67 32414151 5
52 75 98936531 5
3 50 58512463 7
34 54 58620137 3
30 139 45958476 4
19 22 15584055 4
65 107 20322889 7
46 102 60656542 6
12 41 98623603 7
65 134 75915877 4
19 115 16602569 1
35 39 79444881 7
15 23 6210458 6
50 71 1439108 5
79 81 46469126 2
101 146 83812129 4
78 101 25693792 7
104 139 9676911 1
19 69 91271230 3
17 141 64825892 6
2 129 60838256 3
23 77 57673009 3
38 123 32294591 4
2 14 16376587 1
75 137 23018248 2
42 123 63295192 6
110 136 60954959 3
32 66 80788323 3
65 72 8716600 6
39 134 72832937 4
86 146 85406198 4
106 126 68718573 5
14 141 760221 4
18 52 32370793 7
11 76 25941174 7
8 35 48497957 3
7 80 76283060 3
53 111 60512862 4
84 117 42144127 6
98 116 10939008 7
89 150 42563338 4
5 75 87973513 4
125 140 45756816 6
20 75 17062808 4
35 71 59712548 4
129 149 12754450 3
40 47 88057164 3
112 133 35704238 4
50 138 96911291 2
72 106 21448069 3
53 110 95722527 6
51 131 8341503 2
29 98 98378852 4
20 34 10650891 6
70 135 80332141 6
95 111 67778039 7
24 47 91479537 2
14 45 54855676 3
65 123 57667075 7
46 114 30765284 3
58 94 96415834 4
60 69 40693030 3
41 149 80130434 7
68 137 63469786 1
105 148 30039597 6
12 48 9016882 3
59 137 87319902 1
68 135 1178739 6
1 145 80069838 2
76 99 54117973 7
95 107 71754568 1
15 78 41876996 1
41 125 611580 3
124 139 85190328 7
7 85 88969848 5
74 87 92521698 6
1 127 64314148 4
57 112 55555826 5
4 46 17599590 6
60 98 60310770 6
59 113 32902933 1
10 133 21753249 4
21 46 35492885 3
21 62 58392437 3
13 34 27973614 1
7 30 46946362 1
92 123 15187418 7
10 49 63770621 7
53 70 86330027 1
46 139 65589698 3
98 117 62130515 7
31 76 97952194 2
48 81 24281802 2
88 110 63928466 6
65 68 5919359 4
4 116 86057147 7
6 95 50486829 6
3 74 31915326 7
87 103 38195432 4
145 147 71235149 3
83 102 35407724 3
29 51 88923115 7
55 101 75497749 6
11 52 12374721 7
41 129 61852937 2
6 43 52131469 4
78 81 43970931 3
25 114 47955931 4
38 70 48897093 3
27 55 27909667 2
7 111 83817775 2
9 44 66605929 4
3 81 43273925 5
71 99 33079691 2
77 145 99522372 3
26 75 51173067 5
97 134 205633 4
122 128 4116717 5
62 115 64023933 7
35 102 81827860 3
113 137 21145782 5
83 127 70913851 6
119 147 20008578 7
3 71 87401604 6
21 58 63342218 5
22 129 61310020 1
82 98 19307200 5
11 114 60538453 5
26 43 63649093 1
23 41 82359620 2
62 123 89350059 3
48 75 41888397 2
10 38 59444982 2
7 75 30103388 7
9 97 86199175 2
3 55 85552619 6
6 146 99054627 5
113 129 6275090 2
49 73 13175474 4
58 70 47980255 1
3 130 55173884 6
69 150 37441633 6
141 145 54122520 6
44 131 74377544 3
20 69 99637626 5
56 139 41772675 6
1 17 8993803 5
25 147 25701716 1
4 86 16521798 6
111 150 1381482 7
6 24 57581900 6
1 3 67116696 1
51 98 16949951 4
94 133 30628608 4
3 72 27410498 1
11 136 56446869 2
115 133 27125188 2
31 122 98380092 7
43 108 19076679 1
40 70 69594749 1
20 104 2541194 5
35 51 7271987 3
3 10 40682326 6
95 106 49311675 6
109 114 54424889 7
36 131 2409409 1
21 128 68638306 3
38 54 51782987 3
18 36 5771631 4
37 52 28349049 4
2 12 75666028 4
58 128 51739164 5
16 86 22968112 2
82 121 783895 4
40 43 61463361 1
25 59 1052636 6
55 60 77661731 4
32 102 14141834 7
89 107 61580913 5
87 144 65695945 1
69 71 2369361 2
38 53 25935402 5
122 127 36703054 2
19 70 26956999 1
21 44 77654805 2
45 136 48795281 7
20 51 56705695 3
21 64 21069457 1
91 95 98404093 6
72 98 15092003 5
74 101 49406153 1
9 46 82604676 6
97 123 38379554 1
11 86 54521110 1
31 52 35670923 5
73 86 28759067 7
85 121 38749746 4
46 142 51825529 2
55 97 27752342 5
7 43 95390173 5
27 50 17672146 7
44 111 69187403 5
45 130 39791592 3
21 77 94165348 4
60 102 94337974 7
26 55 90367006 3
74 139 70576903 2
77 141 52119439 7
102 148 78420174 5
38 110 33126454 6
12 46 46516906 3
56 89 57271945 1
9 131 24605484 1
101 113 96530170 4
15 47 56738701 3
4 76 6775630 7
24 122 45450077 7
108 111 7949 7
29 38 31027582 7
26 116 11655697 2
28 125 15372409 7
50 148 37461293 3
75 77 20346059 4
31 69 77590488 3
79 94 46858897 4
95 148 1125247 3
53 62 82773076 6
98 138 25059713 1
45 145 5797855 6
51 86 62140525 6
59 121 88917137 3
68 73 38981974 5
58 122 56787199 4
100 135 95587049 1
9 69 66260084 1
21 72 56256151 4
67 115 25586318 6
42 137 94751214 2
14 19 32936678 6
37 106 54832910 5
4 52 64425576 6
54 69 76470888 5
48 72 20183945 6
32 46 27171377 2
13 129 76332955 3
80 133 48600107 4
29 70 44637205 4
16 123 92730979 7
79 134 77199458 3
97 107 28505239 6
53 82 86948203 6
21 36 37928424 3
11 42 23019384 1
40 95 4397469 2
62 137 19099369 4
26 66 14976730 6
33 133 17348106 5
66 108 61626927 2
9 108 46487376 7
135 139 26934145 6
31 128 58455426 3
64 65 52258826 1
50 74 9071854 6
10 41 18096505 4
27 107 97638019 4
43 135 57926972 5
30 94 29700590 2
79 147 30686090 4
18 78 52790132 7
22 48 404481 5
21 137 72573371 5
90 94 68119341 7
78 137 83466959 4
25 36 63915676 7
59 86 93693749 6
125 137 27282082 5
99 108 71774927 1
128 147 66142959 7
69 81 13744007 1
20 146 54773081 1
28 145 39908875 7
71 72 13306699 3
18 100 38183869 1
37 84 70369167 5
80 132 5039205 4
88 98 97783487 2
9 134 98806422 6
78 130 75774316 3
23 44 57245663 1
92 137 89719571 7
3 146 2573425 3
74 123 51979515 2
53 106 55999943 1
93 95 51205748 4
35 38 90059636 7
23 115 69116853 7
44 115 51173211 3
16 97 7161687 2
99 135 73720930 7
13 103 52974422 3
21 40 72423515 6
65 145 3736894 4
25 116 66879138 3
36 119 9676852 5
29 101 82323141 2
124 127 19779597 5
59 145 16436256 1
54 131 40021707 3
19 54 47329913 5
26 76 13454902 5
77 137 17751737 7
58 90 29907551 5
69 106 24114697 2
12 34 65805423 2
68 102 62875214 1
75 145 78321753 4
78 97 62312607 2
38 95 79152717 2
127 129 81059142 5
53 141 36150017 1
66 131 28947617 6
5 145 11399957 4
109 149 1140607 6
33 61 58023344 7
33 76 76329114 1
51 100 46159167 7
24 102 71345739 3
47 138 72404185 1
112 138 85022201 1
91 133 25676828 2
31 106 8818636 1
7 123 84841771 7
42 109 44619496 6
17 146 40343246 7
65 75 23336128 6
10 136 59843782 1
31 131 93734512 5
101 128 52251475 4
129 132 87993297 4
61 101 24419298 1
44 122 55107766 3
26 39 37813939 4
73 130 79770539 7
50 145 69470471 1
3 69 71861597 2
67 122 37128411 3
51 55 33232218 7
16 90 96953694 6
81 148 55865562 6
41 146 8918447 1
32 86 27814119 3
36 70 97556708 2
17 61 73350830 7
78 141 61880039 4
49 137 22582343 2
8 120 75035360 4
23 72 89708100 5
51 116 12164647 2
73 149 77499103 1
4 20 47745841 3
36 150 49610898 6
92 129 88892264 3
13 22 25155397 2
101 127 4802518 1
66 67 94670022 6
28 73 30813160 4
86 141 7212253 6
14 35 75145457 4
100 108 7273682 5
28 66 22874391 6
3 82 71027542 6
24 128 27944257 3
48 109 41145961 6
29 80 43807287 6
41 81 12283049 5
29 55 79592961 4
39 95 56253890 7
42 97 63527697 2
14 123 22728884 2
11 127 98220035 1
69 87 70032643 2
5 25 51105705 5
61 80 78000909 5
71 80 44363170 6
45 78 76375003 4
67 141 64339125 7
2 102 6458166 4
11 46 97563101 4
121 140 97437028 7
51 141 73162384 3
46 133 3928583 1
28 109 1651162 3
1 116 35180485 6
27 106 30834746 4
22 103 35702586 1
48 50 20531006 1
15 131 40777080 4
54 120 84291843 7
25 141 13985812 1
24 62 35268911 3
91 137 89818743 2
125 141 83320910 1
2 27 94464894 7
78 104 60001509 1
99 104 75664558 5
100 111 43894907 3
75 121 84857413 4
31 100 34460235 3
63 66 72424333 3
42 54 8636274 3
1 150 6177188 4
108 147 82318879 5
48 55 87805324 7
76 150 77558617 3
54 147 5378713 4
61 109 27323333 6
39 148 83469070 5
17 46 76295504 5
109 144 65338704 7
5 23 30557965 2
16 17 53466653 4
14 129 61962152 5
49 145 34232853 2
14 139 70638287 3
55 149 67031026 3
60 115 67733874 4
5 99 7442567 3
62 95 53566331 1
55 145 36154208 2
16 127 71459189 7
16 148 46367161 7
6 134 14390951 6
98 133 44543983 3
52 146 84912162 5
81 95 6474401 6
3 60 84979903 6
80 137 4419124 5
77 126 76482023 4
24 108 43565096 2
46 145 28900774 7
100 114 83106970 6
10 114 62651773 7
23 59 90132059 1
68 122 78890396 2
114 135 9191299 5
40 54 12686375 5
59 114 28917005 2
13 98 85830775 3
58 123 10630357 5
120 148 98233124 1
26 52 25457987 7
4 125 45401388 1
124 133 70579089 6
6 102 94715851 4
2 109 20447054 3
74 75 81176610 4
14 36 88978664 6
75 107 12899976 3
106 120 66925869 2
29 135 22591121 7
86 123 26463189 4
64 144 27756423 1
2 74 35017925 4
2 38 84679132 2
28 52 30617393 3
63 94 18637387 7
23 103 21051660 4
20 134 57418661 2
89 104 90074033 3
1 12 99735610 5
8 110 16042930 1
58 131 13980597 1
22 34 67340050 3
83 91 3985556 2
31 82 52301227 4
111 131 64957884 5
29 139 7102707 5
72 133 40713263 2
132 141 52243848 7
59 80 17271534 6
80 131 1686284 5
90 146 17817203 1
46 67 30507711 3
33 94 62760195 7
110 141 419685 7
34 69 37819461 4
105 145 84706157 3
77 91 42124836 7
17 121 1901882 1
9 123 29098970 2
94 104 56290034 2
9 122 97889434 5
67 102 42893666 7
27 94 679100 3
99 146 88275472 5
49 62 11419184 6
76 111 87737489 3
15 72 16583278 6
91 148 69947328 7
51 71 96156459 5
107 140 59639705 1
83 124 11777615 6
2 96 67081168 7
10 123 88560384 5
43 72 11376860 1
102 146 40615868 5
12 138 18633526 5
46 55 43784550 4
75 101 68198923 3
17 80 9201852 1
50 137 86707519 4
31 107 72902643 7
51 77 45018343 2
36 108 82515007 5
48 145 49805453 6
6 17 47458460 6
61 148 27974753 2
29 52 94564005 7
95 123 56327858 7
25 115 51691665 1
87 125 17733423 4
74 127 42670767 4
5 50 13440964 2
86 140 33364619 5
27 57 99333830 5
21 38 51096155 5
142 144 64504355 6
10 111 39567589 6
67 94 60155105 2
75 94 231952 4
62 64 64949590 7
46 62 67758779 3
59 77 57279519 3
24 59 90868135 1
1 102 38071282 1
48 95 37496349 6
19 64 28542018 3
53 109 14937990 2
74 103 82621516 1
34 150 12942252 2
1 106 92036138 7
78 140 49388678 1
61 146 20031667 3
96 138 51897310 1
76 127 59758207 2
16 57 77008194 1
68 71 57912610 1
24 64 53265880 3
80 105 23289004 4
40 123 99696833 5
61 84 5011410 1
66 145 39392026 1
39 121 83819100 7
42 46 947582 2
65 102 25143016 2
61 98 30688911 6
5 72 81238404 5
14 67 70107210 1
45 146 39152755 3
57 80 80752913 3
123 131 49420666 7
74 79 30159463 3
90 100 22596267 1
37 53 68664754 6
40 122 68463243 2
41 84 29478112 1
30 116 78369562 1
115 140 29503479 4
7 10 57136964 1
75 106 83988534 4
75 129 50081087 1
83 97 53913454 4
45 110 60577378 6
114 145 40283556 4
47 136 1056525 1
48 80 23987323 7
8 89 47028749 4
101 114 98863856 7
30 77 77975822 7
37 100 18154822 6
72 103 53588795 4
22 141 30104512 2
14 106 32339170 3
52 117 26307256 4
50 131 8582853 6
37 102 30279283 5
39 61 36550853 7
22 131 70711996 7
48 129 14485809 7
37 123 62585558 3
17 40 63642966 2
23 71 65807128 7
26 81 6779884 3
60 109 35713754 3
21 123 32244696 3
144 146 27817586 5
57 138 23844115 7
116 134 4609618 6
127 144 65099743 4
1 77 53179367 5
44 86 24644077 7
54 65 54680487 7
51 110 56705225 3
6 48 29877049 3
15 74 98078658 3
72 122 49112518 2
3 59 98908340 4
48 62 29001619 3
56 131 9791005 5
15 121 18765984 3
76 123 33875363 2
23 53 36345972 7
43 76 18428676 6
99 122 38776261 1
20 95 19114951 4
14 52 26243127 5
12 17 12753395 1
108 110 48442070 6
41 108 38588422 1
115 150 42547503 7
11 59 3682996 1
12 40 12978524 5
115 116 53227865 1
16 67 60900141 7
26 111 48859658 1
22 78 25056040 5
101 144 59453672 3
14 43 48496028 3
99 134 75622172 3
86 95 27678481 2
68 146 7305542 1
24 123 15982122 5
37 38 75436740 7
30 115 67510162 6
40 69 57366447 5
28 31 70964138 1
138 145 6682336 5
117 145 70172840 7
16 115 82307925 5
14 59 67710350 4
110 140 20163572 1
16 44 53719022 6
134 147 54083736 7
18 109 44860190 6
45 135 30874944 2
16 42 13714998 2
51 69 79433633 1
130 148 64993228 7
96 146 60833850 1
63 114 43920461 3
39 52 26302028 2
65 141 42702698 4
21 59 96519421 6
56 77 13576204 4
20 110 8248326 3
84 147 76387774 6
45 84 40422347 3
64 101 85114862 6
68 115 17266339 2
119 138 73507836 7
3 76 19639598 7
20 48 96624745 5
124 148 36416009 5
46 57 73442873 7
92 107 64516019 1
34 82 6231435 4
108 123 27960218 5
91 110 39364993 1
28 120 45124621 1
5 9 3005647 3
23 80 7945864 2
4 22 84625145 6
115 138 73371244 4
12 43 35161917 4
81 134 39699146 6
10 15 82310556 4
64 95 24460663 3
2 148 98653634 4
52 138 55043218 7
71 148 44519133 3
135 140 59637704 6
22 24 91110522 4
37 139 77203497 1
102 129 12408337 6
60 81 53569274 3
86 145 54758887 2
78 128 85010710 3
47 137 61523731 5
119 140 67714367 7
15 97 33804368 5
52 80 76181917 3
7 21 83655913 3
4 27 24634504 1
139 140 5333683 5
100 115 82905437 7
60 141 77687287 2
2 80 77673888 3
83 133 91932676 5
94 108 52443681 6
12 16 78104007 4
29 106 28946008 6
35 77 80741426 1
33 145 82518098 1
108 122 71410021 5
24 50 22140877 6
49 115 17365496 6
24 99 93707174 2
53 146 51415506 2
79 95 81483275 1
53 139 57634897 1
28 101 69363621 7
4 17 86941454 4
122 148 48178508 5
14 102 24101412 6
57 135 65346364 6
71 94 11460727 3
2 136 13526420 7
38 46 66867369 6
57 140 43788724 2
71 138 56731078 3
7 146 35193360 1
47 131 13250454 5
69 122 62725334 7
12 98 42232280 7
14 39 38360683 7
55 86 65911740 6
68 136 29709689 3
7 135 48621746 3
90 141 14816133 4
130 131 64166775 4
69 74 88735398 7
19 145 29015009 7
33 41 7425390 6
8 115 53627724 7
17 117 78794986 1
36 101 2174002 2
37 119 54945730 1
13 78 22097027 4
104 120 62694388 6
55 70 23549360 4
28 76 53611808 2
35 80 99040374 4
25 27 773418 1
42 47 25240085 3
25 30 55079140 7
62 105 43380679 2
3 64 36203743 7
17 36 30176035 1
11 106 8211115 6
10 47 2312432 4
9 43 31116877 1
107 110 31886734 6
60 122 55168450 1
83 121 45904517 4
27 36 54235321 6
19 39 69787249 1
96 137 35050032 7
96 107 90382946 2
58 62 43220436 3
95 146 24005853 1
42 131 61440120 2
32 128 85474805 3
36 132 73961437 3
27 31 10164900 2
18 102 63108684 2
33 43 91404114 3
34 42 90115680 5
47 75 62307732 2
45 129 98354131 7
24 137 49415242 1
90 104 55467414 1
13 86 88839607 2
71 102 78818637 1
41 107 17411665 4
12 80 72052890 7
9 51 59176244 4
21 86 81243052 2
13 59 45107926 4
55 67 83868200 1
2 71 92756122 2
103 145 75884601 1
21 124 26636304 3
3 135 90015818 2
4 97 51710969 4
97 148 8658189 6
22 53 25854008 6
12 19 48055990 5
85 127 21473669 5
15 57 34256956 7
43 129 37534530 1
7 100 82492853 1
11 53 16139677 2
30 37 40009286 6
49 123 44837750 6
3 19 13932718 3
44 69 73949149 4
39 88 14685778 7
127 137 34591672 4
20 139 88898833 4
69 84 40843981 4
19 133 24342163 5
103 110 25702129 7
12 91 47449009 6
89 131 52675966 3
33 54 79474863 7
88 128 23606406 4
39 70 48694017 4
27 69 66780310 6
50 129 47565754 1
22 35 79494054 1
53 125 3171160 1
31 72 32460042 4
93 137 1933622 4
67 130 26103125 5
47 70 32110958 7
28 131 92313781 7
26 122 32957210 7
51 66 84636596 1
48 128 68956421 3
77 138 30764222 1
29 102 88820773 6
120 139 15367082 5
125 131 70727758 5
33 46 55964138 5
1 146 631049 5
7 62 6087631 5
66 98 50246983 2
17 72 18879360 3
42 122 8953627 7
26 107 9412752 5
116 122 10208878 3
122 143 24635694 1
130 143 21610157 4
8 65 94050564 2
114 130 5847131 2
27 38 57655171 1
50 59 79570466 5
59 76 8671842 1
56 95 93049009 5
6 34 42057059 5
115 148 7128091 2
57 94 72810279 1
1 140 96468032 7
78 124 93409047 6
46 101 37380610 3
39 105 97839398 1
104 106 17335391 1
14 130 81144612 5
63 65 43408840 5
107 130 45239876 4
45 48 1342533 1
10 94 79678417 1
54 108 6384868 7
34 86 14107068 7
4 102 16384732 5
6 76 60053884 2
72 81 9998290 6
46 72 81082168 4
11 69 31168214 6
52 99 69713078 1
33 72 9319467 3
42 146 93500310 7
84 148 47220025 1
82 108 26285779 1
95 135 52807900 7
17 59 93608882 5
33 42 7038076 5
35 108 94993099 5
8 145 3674512 1
40 146 50538059 3
27 145 83793767 6
75 86 45680363 7
70 106 40394077 5
8 122 8712196 1
34 61 53650714 2
130 138 26088788 7
7 129 3674698 2
34 36 40781396 2
100 136 95026686 1
36 38 83461018 4
69 108 67824787 1
84 150 36159084 7
83 103 84193992 1
1 34 75513169 7
78 145 6404000 6
73 113 14148116 4
29 111 28053241 2
21 50 97786361 7
70 122 21275444 5
57 77 77754141 3
115 141 31052927 7
79 103 63333699 4
62 116 49836171 3
6 90 92974421 2
64 150 62234486 4
4 146 6384215 3
79 145 85394924 3
78 105 87633057 1
78 110 57563552 2
25 53 61622801 5
80 122 44720540 2
43 136 6615074 3
3 34 53124308 5
1 80 45270893 2
42 91 96764102 4
53 115 12738976 6
90 148 19055943 5
21 81 94806293 6
14 38 27137936 4
56 150 4929137 5
53 104 20112305 4
42 70 65038951 1
137 140 32316171 6
66 116 57843613 7
30 149 45029092 2
31 47 70627221 7
79 107 12181775 1
91 141 50364128 2
19 43 68621198 6
93 97 6187457 1
24 81 41414048 5
20 60 7890199 1
54 127 59187982 4
128 141 2695337 1
105 123 21181038 6
11 123 55832980 6
85 116 97474756 4
14 41 83282957 2
34 134 24239112 3
20 54 18881227 5
117 123 77852760 3
22 36 60747138 4
30 76 87642498 2
60 73 72118989 2
121 144 32211256 5
6 127 99002330 7
35 41 28148919 5
40 52 62646287 2
3 54 76760021 5
35 127 46407186 4
75 81 1231480 3
11 80 76186675 1
6 103 55498836 4
46 50 21285107 3
109 145 5309055 3
26 150 38086908 1
94 123 6189359 5
91 135 32171180 4
64 139 44196056 3
45 86 30982351 1
39 122 83186068 5
27 134 11373537 5
6 55 62252066 2
3 30 91096291 1
17 71 25073809 2
123 143 14229548 5
31 146 57660739 3
148 150 86892818 5
95 117 82117274 3
57 146 10234543 4
63 74 82908822 7
6 98 48291174 5
98 114 27139137 1
41 99 99899374 7
59 95 25035774 2
50 64 13051005 6
11 18 86008268 4
4 42 46625664 4
31 110 24643479 6
66 80 55645363 2
4 39 28923287 3
30 120 6160641 1
103 107 79650950 6
2 84 50619241 2
11 43 78047794 6
85 123 68917532 2
105 139 24422245 5
11 36 51623431 3
4 35 12177603 7
106 137 6494351 4
24 46 86985167 5
27 70 66625928 6
120 140 44609186 6
119 125 90456971 4
33 64 81869451 4
6 41 36033496 3
13 126 14013724 7
32 72 21296242 3
82 147 70880892 5
37 117 25406237 3
63 138 79620260 5
50 149 32902425 1
55 122 81605126 2
37 99 26394307 4
25 31 50851054 4
4 80 71589920 1
11 140 33602979 3
27 146 64063610 4
78 129 22415055 3
89 110 17514133 1
72 137 42221288 3
46 107 8001518 7
17 131 27335224 3
123 148 82141161 1
11 110 34421680 2
2 60 59451655 6
28 86 78296880 4
5 53 77900085 3
25 107 42875573 3
60 135 93657582 3
148 149 7914414 2
45 61 51893717 1
17 123 14150963 1
43 127 45650052 6
28 140 24194459 2
13 95 46153923 2
124 136 49963402 6
20 46 95719075 3
117 131 56620781 5
112 146 1160109 7
119 134 11106205 7
2 6 89206271 6
111 145 42311998 7
94 138 10029453 7
71 146 61025523 1
51 107 71517568 7
49 76 2681689 2
54 106 50522382 4
39 99 55191135 6
18 140 68286905 6
5 71 75214615 6
8 54 74623100 1
63 64 49380968 7
38 134 41427238 6
25 81 71916075 1
60 107 17280594 5
80 135 17974182 2
56 134 30239508 1
95 115 85193416 4
67 96 16422756 7
35 75 59735101 5
129 148 6076829 6
14 125 52581609 4
92 145 39643200 7
15 30 74749106 6
124 130 63236087 7
8 69 42693073 3
122 141 89535722 5
75 76 32536353 7
70 78 73614667 2
73 146 19365412 7
92 122 49236760 2
102 103 9119987 3
61 76 71625224 3
31 61 17201029 7
5 42 20632158 1
34 76 23344339 1
84 109 41392760 2
129 137 20314701 4
83 99 27291598 7
48 90 83240266 1
23 147 33242957 6
69 70 80992278 3
66 124 29747969 7
64 114 24150466 2
39 102 96167795 4
57 114 39766363 3
76 137 96547577 7
23 146 51605651 7
83 146 6302310 5
1 37 42147174 3
14 91 97016004 5
54 82 84071769 4
42 78 92668588 5
25 99 24408193 5
53 78 72560581 5
38 67 42416574 1
6 138 23129353 4
86 121 68703208 2
19 90 13585543 6
49 131 29877229 6
26 141 98757784 4
92 134 12841349 2
30 129 63158897 7
93 123 59359856 1
104 122 89777527 7
38 108 62588249 1
9 52 79260807 7
58 81 42579093 1
4 74 12859097 2
2 35 5253567 4
22 132 47282792 2
63 73 57834263 1
65 76 8257267 6
100 101 24885308 1
23 109 87826240 1
70 107 2425578 7
91 136 32416566 4
11 85 32470341 7
43 94 18736395 1
44 55 78472920 6
14 80 75664978 7
12 87 65536942 1
31 104 69121571 4
15 93 53832740 4
16 43 18479544 1
61 74 42487041 7
26 144 57271400 1
39 73 832704 3
82 145 45084902 1
32 91 5985261 2
35 147 27620973 3
88 89 78167093 1
1 71 85088460 3
65 95 91609593 7
75 96 82927071 4
82 124 30799881 6
16 89 26658099 7
143 149 90464631 6
95 138 40682431 6
14 109 92851062 3
13 27 35017868 6
32 73 53580206 3
74 80 36187782 7
95 136 54163371 2
41 134 74855176 5
86 115 15553424 7
38 106 60181647 2
90 132 94135987 5
113 145 428331 1
79 111 22929192 2
78 148 38394109 7
15 94 45471479 2
20 121 43749337 2
30 148 21332502 5
34 145 14340191 7
54 110 4392566 5
131 146 69079895 3
9 145 13471012 2
52 77 72844099 4
33 82 683941 5
27 102 6245791 4
120 145 98314342 4
113 135 59614182 1
53 114 59857710 2
98 141 58501648 7
93 145 7072661 5
21 60 79768637 1
29 129 48889700 1
23 81 84920785 7
97 110 9943726 3
8 107 51217576 1
10 25 93029893 6
19 123 1546750 7
73 87 4118892 5
49 99 6253339 1
86 111 29487731 1
108 141 60174913 4
2 145 48015366 3
65 148 77007986 2
32 67 74652551 7
125 139 22673100 1
36 61 32115171 7
15 36 51482387 3
9 128 7405865 3
101 138 83373669 4
112 141 12036 5
139 148 22861774 1
38 127 84302356 6
54 81 25427006 5
91 94 89423086 1
43 51 36047194 4
43 45 14063382 2
107 115 85523931 6
5 122 89337327 6
12 109 79914035 2
19 52 13166639 3
25 121 57889114 6
41 133 84873089 3
49 100 75083098 3
65 82 40460231 4
18 148 87890769 4
63 146 13852579 5
67 139 62022415 4
22 148 60622755 3
73 122 51868028 2
11 49 50615311 2
89 149 82216186 6
87 123 92572058 7
17 70 78397467 1
1 7 50499270 6
34 80 94298777 7
101 111 82910517 1
19 139 40037081 4
27 64 90436763 1
6 9 51688479 6
82 107 73624272 7
50 54 83731276 6
55 103 3302439 2
133 140 97954499 4
77 115 13681076 7
8 108 14182132 4
43 117 92961864 6
41 115 91174290 7
13 72 90066269 2
54 64 31056730 2
41 51 78252240 4
83 107 14867885 2
7 55 36939482 2
36 94 12979862 5
82 95 61818669 5
10 40 35815798 6
109 130 73911023 7
60 71 84125123 6
68 131 57699527 6
91 128 69301835 2
40 71 31045845 3
1 6 41383916 4
68 94 97960600 1
104 121 48000050 5
95 114 29738563 5
58 127 49947980 7
15 62 98806360 6
70 109 50460150 1
12 147 17425604 7
78 100 13756724 6
11 63 50346002 4
19 80 4295315 7
10 122 83216428 7
114 127 11479166 7
39 149 64722320 1
98 119 1041011 5
4 57 62590783 7
58 97 30271182 5
44 54 96403906 5
27 108 77478879 7
118 138 94788349 4
13 74 19489761 7
97 139 94610772 7
7 27 87735595 1
34 40 82303586 1
33 50 89341607 3
22 82 90750358 7
54 122 48019533 2
123 126 61696056 7
100 142 23406013 7
30 51 67082273 4
45 81 31496276 3
121 135 73754921 1
113 146 56461540 6
22 37 47120788 7
103 115 71432480 2
49 64 83798223 3
23 61 43530367 1
14 65 30339063 7
111 149 68287106 7
112 148 53499466 4
44 49 96827795 5
108 140 79039041 2
139 145 60668530 5
1 128 50903060 4
133 134 96954847 2
108 136 20072792 6
36 56 32510072 7
15 98 41658128 1
91 102 97741700 7
80 86 48425238 6
20 26 90604743 3
17 62 79887727 7
103 108 56926892 4
30 122 76937539 2
5 139 95248119 6
89 145 81667431 4
16 140 18878993 6
40 104 67237614 4
87 137 21167772 2
15 117 91978720 7
63 139 15041751 5
43 109 35497819 4
118 136 73147614 2
142 146 92996729 4
20 63 53826586 1
79 146 90038114 2
7 108 51394762 2
22 54 26993421 6
32 149 91217306 3
12 140 12825313 5
140 146 19256381 4
47 122 20794393 3
17 127 77669042 5
14 55 44110597 7
4 19 41005440 3
115 139 4826573 4
8 82 1861728 6
8 38 75937671 4
68 69 8333027 4
62 126 48455982 2
47 140 43918491 3
4 72 26592835 3
16 46 79344495 3
48 116 45591621 3
36 106 41555795 2
75 139 42620287 4
18 35 12304080 6
10 131 61006169 5
86 108 64558959 3
125 142 92422001 3
123 137 55024947 2
28 41 96553955 6
49 150 34636297 2
45 73 44662620 6
22 99 83542256 7
76 81 21292921 3
47 127 76832064 4
4 36 82956458 7
10 147 64374949 1
29 54 3652127 4
97 129 80118004 3
59 70 72328437 1
64 120 48971616 1
7 38 25360670 5
64 73 98921876 3
127 140 97562392 2
68 121 23660060 5
15 16 38008946 5
50 139 75287800 3
20 113 1472621 5
10 116 60237130 7
37 101 9263906 7
15 51 70772199 2
14 150 86720428 5
79 117 56531000 1
91 111 65201805 6
49 55 38826731 5
129 146 880827 6
107 108 48291564 6
86 110 27965159 4
43 59 31534666 4
54 66 41087760 6
135 150 36475020 5
60 62 80235937 4
15 32 88568661 5
78 111 3297324 4
23 84 93931451 3
54 76 81440526 1
76 102 27373418 3
64 94 30151919 1
46 86 92435687 4
26 127 94319413 5
65 98 57030043 3
75 109 517187 7
58 67 85957207 7
18 85 55436103 5
24 43 84085103 1
41 71 43842577 1
19 84 72971584 2
5 27 72277939 4
23 73 12360539 3
109 141 60027270 5
21 134 49643314 1
37 72 32779395 7
46 98 7378373 5
11 72 74237054 4
74 136 28853169 4
18 137 80739498 5
7 127 70532454 4
48 59 83844992 3
16 41 50779246 4
111 141 43979140 3
23 122 5054131 3
110 146 5070578 5
77 140 33716481 7
138 140 88451835 2
64 75 87947242 3
15 38 16208662 1
8 132 6929566 5
2 4 22291017 3
9 84 93249701 3
134 140 76143883 1
93 99 13116325 3
7 51 46530194 7
69 109 33656466 6
58 145 99039235 3
19 78 46799536 6
21 23 84583798 4
43 115 80694520 4
64 110 90597449 4
84 146 33931402 4
58 64 68139493 3
47 81 91377710 2
67 127 76821915 4
123 139 48402394 6
74 119 33746444 2
31 99 42978421 2
39 56 76074272 2
19 66 68344200 5
25 120 81038437 2
64 69 57086817 5
69 130 79272995 7
132 146 45836987 4
48 146 28081106 5
106 146 89507179 2
16 146 75597372 3
112 120 14081030 5
23 85 93802599 3
8 10 31614775 6
48 122 50116776 3
53 69 65927182 2
51 111 54220449 3
54 92 85178357 2
42 43 70626340 7
20 115 93598116 4
53 59 75157729 7
46 48 8742843 2
25 135 12243593 2
33 121 28908351 6
77 131 7069032 2
24 150 45396101 4
96 115 75881462 7
16 80 47070393 4
43 67 61846452 4
7 103 95534254 2
116 146 8214180 5
128 148 87888410 2
53 79 62235679 5
34 135 18617361 2
111 139 45641369 4
9 53 18108126 7
9 105 70672019 1
28 98 19820378 2
112 139 97389746 3
74 148 40463294 7
99 111 68743697 7
55 59 69224360 3
51 61 70652882 1
126 139 59183295 3
35 50 53520343 2
56 109 69024269 6
1 70 19301372 2
40 148 1294326 1
27 123 45901161 5
64 80 92744206 3
62 99 77291392 1
70 140 21080421 7
6 51 9431680 7
5 17 60494385 5
65 97 15426281 2
119 131 75494241 5
9 42 59512596 7
50 144 72288769 5
14 50 61964535 4
8 150 42453976 5
87 145 37031853 7
79 129 26737674 4
108 134 83580794 2
41 145 10589583 6
91 107 70226886 5
32 96 27678656 5
19 140 75690433 7
1 129 28995781 2
64 134 88665990 4
93 102 71119734 2
7 61 48804922 6
17 76 48952291 5
79 116 80943017 3
28 38 36043167 5
46 77 36616663 1
17 97 86842856 1
55 65 96337705 5
120 136 89294266 3
35 52 75870954 7
11 133 34942181 2
12 85 90878229 7
39 107 29844156 7
30 141 10805121 7
33 81 99934617 3
22 65 60725731 1
32 57 1248055 3
27 75 96763149 2
82 109 53540126 2
9 41 93170883 4
98 136 60991828 7
37 134 89355253 2
61 62 22727103 7
70 137 32578003 5
98 127 48795744 3
18 116 14555898 2
12 61 29483889 4
23 70 43456375 7
111 138 80952867 1
19 108 55660650 6
20 39 3193164 1
13 97 71283127 1
57 108 82310775 7
25 64 65861541 4
16 106 53963810 5
18 42 92689373 5
39 125 26924104 5
66 122 56449956 1
41 46 94137072 4
33 138 89431706 6
19 104 943400 4
63 75 61181102 3
7 59 65141026 3
44 71 11288020 1
51 97 45212400 4
63 69 74678578 4
7 73 36030592 1
33 73 12477000 5
36 99 15488173 6
2 46 41950280 2
81 97 58532540 2
87 91 77240793 5
31 108 46394479 6
1 27 96348703 4
55 133 24619658 3
18 141 36503904 2
16 55 71504583 1
136 138 27875350 3
45 66 7724353 5
110 145 77318234 6
29 65 32559919 6
59 127 52949853 7
83 134 89008010 3
47 150 14435628 4
94 126 46345495 7
30 46 60504108 1
19 56 25155934 4
21 82 87425785 1
31 88 91702862 7
2 95 40083249 6
73 108 15176651 3
13 54 22279359 4
98 123 72705352 1
69 99 48020206 1
63 123 84790827 7
67 150 59371181 1
55 131 69135990 3
26 99 1618634 7
44 52 31863709 4
51 120 33593949 1
20 71 1063144 4
21 141 99375403 6
69 95 14856774 3
62 146 61460746 1
105 126 81609760 5
51 122 78179705 6
40 147 40508241 7
5 84 43141991 2
13 127 36792828 5
38 137 7502112 6
56 67 63212381 3
82 146 6234947 1
23 136 52179773 5
44 80 3854036 6
102 138 3962472 2
44 66 12728461 5
25 149 63110137 2
55 99 22367154 5
57 74 5690396 6
28 59 53326738 2
30 130 91264461 3
61 94 63245345 6
88 126 81714704 3
92 94 61668164 1
55 146 79443803 3
86 107 76235602 3
82 123 12364779 5
46 100 13754052 6
12 101 58846260 7
27 82 72429750 2
27 54 55308740 1
2 76 49838816 5
132 145 83144542 3
34 53 52983994 1
34 146 87048678 3
70 81 57219268 6
41 77 55570533 3
6 100 13019712 1
35 101 39066719 4
46 103 60743084 3
39 69 89210299 7
42 135 65333059 6
61 82 43562154 2
45 115 65932485 6
40 66 75852217 3
39 133 50864409 7
8 70 75333858 6
88 123 14283961 6
58 147 61177346 2
80 110 79878266 6
111 127 51458031 5
33 141 59108688 3
26 64 80793049 5
26 38 19718865 1
10 117 35299317 1
9 35 65189569 7
1 59 51337350 7
39 137 86093705 6
9 77 8023354 1
79 126 83497309 4
21 115 72597796 5
86 133 54443162 5
40 100 68513230 6
39 64 36617036 5
53 122 69907609 3
77 107 76497134 2
6 71 35258376 2
97 98 47068471 3
46 59 15681712 5
3 108 19627122 4
105 110 60936436 7
63 121 17171981 3
69 80 93781842 3
34 106 90440892 3
28 55 12812218 2
40 62 26701390 3
103 140 39080070 5
56 72 77904479 4
40 96 47673507 6
77 101 51838920 2
104 135 77279237 7
45 147 10296704 4
20 59 78034318 7
4 25 80696015 7
4 66 46195216 2
69 148 31577307 3
59 98 30152072 1
12 52 78684094 2
10 34 99761155 7
45 119 70656633 2
43 128 33957531 3
39 131 17094877 1
85 150 1658638 6
25 38 81002170 5
50 85 54467700 6
25 86 73134506 1
39 75 89215370 6
13 17 47514176 2
94 148 40759417 7
89 119 3898301 2
31 145 35308045 5
7 99 75704034 4
16 72 4016370 3
19 85 96182945 6
14 138 27828877 6
56 61 31838807 2
47 134 25513179 3
12 27 1989207 5
33 125 32539898 3
62 131 29730654 6
37 141 85317713 2
78 102 87061126 2
7 110 95325312 3
38 140 1616875 1
33 66 51582004 6
74 111 99251079 3
2 123 40901351 2
41 69 30884883 3
42 129 94253272 5
16 84 30841428 3
35 139 81916239 4
1 113 87974727 3
61 107 25061678 2
122 146 60506497 6
56 102 19025422 1
111 128 63972078 6
15 99 10079392 1
12 114 17709262 5
77 146 41309151 7
30 117 7041541 1
68 139 68021828 4
12 71 88352939 1
118 135 76284218 4
49 132 26461987 4
56 148 38090877 5
110 129 94373043 7
31 42 1837577 7
51 95 14409571 4
13 20 12660466 4
33 47 5017212 4
27 97 38943295 3
25 137 51151437 2
65 77 18806318 1
43 134 57660114 2
73 150 7555774 4
1 60 53947830 5
37 64 22434547 3
145 146 18370750 5
27 127 6402550 7
25 148 65855396 2
56 94 33485519 2
6 66 93173366 4
100 103 13795830 7
58 78 37975298 3
12 25 97041422 5
142 148 87935174 7
29 69 90209220 1
62 76 35550611 6
52 70 1526716 6
15 66 47588007 4
9 71 72156442 1
63 145 59975238 6
92 136 41051177 3
7 66 91688445 3
30 31 27144013 6
11 104 66359575 7
23 137 72961951 1
71 129 31479032 4
40 133 8455807 3
66 149 60423958 7
46 128 39071997 5
74 106 5960252 1
39 145 58967460 6
40 46 43969323 3
98 149 29997081 5
84 85 79124300 5
96 148 66450871 5
46 75 51880556 6
106 149 28965836 5
104 145 60094129 6
118 127 79398196 3
15 64 32570148 2
7 86 11025161 2
99 123 24074453 6
52 61 56199835 1
5 82 94087525 4
90 95 58903752 5
123 125 511476 4
65 71 22136763 3
78 146 81994701 3
49 53 16568815 1
37 87 53376312 1
137 147 82053068 2
120 123 64574518 5
98 115 90703410 6
106 150 96181285 6
17 110 66433747 2
18 30 82925304 2
110 127 36014692 4
130 149 61857333 6
20 22 43725642 1
19 32 80510021 7
115 146 88748094 4
35 42 67388003 6
3 17 57183925 1
81 94 27275940 6
69 115 45829088 1
43 54 87473873 1
9 50 16059263 3
46 126 99950472 5
94 139 21167650 6
65 91 38521260 1
92 99 6094826 6
31 59 62420174 4
4 81 38691146 6
34 117 9743731 4
5 46 38908084 3
5 14 18605635 5
6 136 59310475 1
41 80 45971058 3
38 84 11204793 7
30 78 193252 5
22 66 80635609 7
20 123 93325184 3
44 92 19830102 4
74 95 75854565 1
5 69 45675267 6
52 94 21295538 1
10 59 95101937 7
86 138 76318796 2
100 107 43958411 4
39 43 43752833 5
26 53 70072564 2
5 7 93120424 7
47 97 2428706 5
12 122 97682315 4
104 146 43133442 2
103 106 81520398 3
14 70 53081527 4
19 92 66646476 7
86 94 33698452 6
45 126 35859878 2
24 41 73307073 6
27 141 15132211 1
36 127 73303906 3
35 133 86809232 3
55 98 27014235 2
54 125 2292189 3
134 137 57192389 4
31 125 5857272 4
98 106 61371367 6
139 146 17928053 3
4 150 82146698 7
13 122 14920264 6
48 114 18236836 5
10 99 68050067 3
50 76 24236855 6
81 102 67727280 1
84 122 75519799 4
63 127 19051532 2
71 98 9080099 6
53 67 13175155 7
125 145 88135880 4
24 48 7926874 6
56 122 35868397 6
137 141 41356884 3
106 128 23432747 3
26 110 64485409 4
19 55 25392427 7
41 95 51092002 3
1 43 68254907 3
90 134 32003837 7
30 42 86533337 2
26 40 69474979 5
44 146 7726518 2
131 137 23096147 2
128 146 19432448 7
38 92 7221478 3
88 116 85267334 2
51 62 89409776 7
113 131 1603276 4
31 40 8046550 1
110 122 31312449 2
56 74 65946633 2
22 107 79348725 1
60 89 68180759 4
35 119 3950820 3
13 125 13691239 1
35 103 20717311 1
16 107 99628769 7
27 95 25826419 4
116 131 9836109 4
34 133 97976038 1
126 128 29106954 5
23 46 55432660 7
51 78 98812473 7
38 75 63631012 1
40 55 85335006 5
112 145 47601306 5
1 90 11841879 1
56 75 90558680 2
42 76 59236407 7
28 67 17797092 7
33 70 85842412 6
86 122 10385575 1
62 113 92843796 4
90 101 87279061 6
25 46 96685230 2
44 81 35347857 5
112 121 51407942 1
21 41 74586229 4
23 98 8912012 6
106 131 5100006 6
128 135 71183765 6
30 99 73029612 5
64 146 85768809 2
67 106 11472057 5
6 59 17648670 2
79 150 87344104 3
62 121 78490193 7
36 69 23544149 6
13 75 26344602 7
17 27 64140582 5
78 80 51111938 4
15 106 13535565 6
16 98 41543374 7
81 103 79771762 1
60 76 8938674 3
60 138 39987765 7
25 129 95569815 7
16 45 65727639 7
24 54 75369058 4
69 92 9568750 2
1 76 25131599 7
102 131 2497543 5
46 127 2460317 1
18 71 51224584 4
3 14 16803537 3
49 144 90953074 4
24 51 12542369 6
31 48 71002155 4
126 136 134518 6
33 80 53958949 7
7 131 32545150 4
40 77 11309799 7
44 77 11509912 5
15 81 77009225 5
106 110 70898563 5
114 122 58392325 2
116 139 51185706 2
32 123 32122199 5
13 137 406222 1
91 149 43748968 2
119 146 59466551 6
29 145 40577084 7
54 74 40730499 4
20121887 11236747 15260793 9586410 93690641 87816518 69519491 